0.000000000000000000e+00 0.000000000000000000e+00 0.000000000000000000e+00
-6.468498000000000477e-03 -2.429070499999999924e-03 9.596223000000000947e-02
-9.310380000000000045e-03 -1.183477999999999961e-03 1.007863499999999968e-01
-1.260162999999999908e-02 -2.216750000000001705e-04 1.088361999999999941e-01
-1.568408500000000039e-02 -6.694054999999998236e-04 1.203129500000000018e-01
-2.000998000000000360e-02 -8.459924999999995747e-04 1.328999999999999626e-01
-2.452480500000000715e-02 -1.137174500000000081e-03 1.456223000000000378e-01
-2.938828500000000010e-02 -1.477940000000000503e-03 1.574866999999999795e-01
-3.627799999999999775e-02 -2.852665000000000756e-03 1.660987500000000172e-01
-4.551539999999999753e-02 -5.351379999999999332e-03 1.718650000000000455e-01
-5.592665000000000830e-02 -7.559569999999999831e-03 1.763809999999998990e-01
-6.454345000000000221e-02 -8.339964999999999531e-03 1.814985000000001181e-01
-7.158264999999996991e-02 -5.985389999999998420e-03 1.875455000000001426e-01
-8.042035000000000156e-02 -3.201405000000000917e-03 1.921899999999999720e-01
-9.173484999999997891e-02 -2.943625000000001796e-03 1.947549999999999004e-01
-1.011766499999999791e-01 -2.835524999999998463e-03 1.963344999999998564e-01
-1.096997000000000666e-01 -2.477784999999999710e-03 1.947719999999999452e-01
-1.219569500000000084e-01 1.987099999999977773e-04 1.923635000000001316e-01
-1.320698000000000150e-01 3.607764999999998889e-03 1.918999999999999595e-01
-1.370024499999999978e-01 4.041625000000000079e-03 1.913445000000000285e-01
-1.444209999999999106e-01 2.186350000000000099e-03 1.904715000000001268e-01
-1.608410000000000117e-01 -9.965449999999979880e-04 1.865809999999998858e-01
-1.845465000000000577e-01 -3.302239999999997955e-03 1.788374999999999826e-01
-2.024575000000000680e-01 -3.245795000000002706e-03 1.716155000000003650e-01
-2.131334999999998647e-01 -2.296670000000000655e-03 1.675904999999999756e-01
-2.230829999999999202e-01 -8.888699999999999379e-04 1.664464999999997197e-01
-2.376555000000000195e-01 3.585449999999983095e-04 1.624449999999999505e-01
-2.567940000000001888e-01 1.756450000000020495e-04 1.526445000000000718e-01
-2.761830000000000673e-01 7.405450000000021737e-04 1.418299999999996786e-01
-2.943619999999997905e-01 2.031189999999998691e-03 1.302489999999996151e-01
-3.107215000000000948e-01 3.166360000000000008e-03 1.164185000000004244e-01
-3.296455000000000357e-01 4.993545000000002010e-03 1.026450000000003193e-01
-3.486899999999997224e-01 5.902954999999997926e-03 8.826150000000021478e-02
-3.669725000000001458e-01 4.667034999999998199e-03 7.449150000000015481e-02
-3.824970000000003090e-01 3.136595000000000702e-03 6.357449999999964518e-02
-3.951409999999997424e-01 3.211760000000001003e-03 4.962149999999976302e-02
-4.113809999999999967e-01 5.467410000000000672e-03 3.017350000000007526e-02
-4.288185000000002134e-01 8.636892000000000180e-03 1.298999999999983501e-02
-4.435000000000002274e-01 1.111712200000000011e-02 1.363500000000072987e-03
-4.572159999999998448e-01 1.100408799999999868e-02 -8.488499999999898904e-03
-4.706599999999996342e-01 8.436327999999999883e-03 -1.736750000000020222e-02
-4.855929999999997193e-01 7.206544999999999965e-03 -2.852649999999989916e-02
-5.012980000000006875e-01 8.755265000000001657e-03 -3.927649999999971442e-02
-5.178825000000006895e-01 1.091285000000000172e-02 -4.488749999999974705e-02
-5.350064999999988302e-01 1.042126999999999984e-02 -4.975100000000010070e-02
-5.494164999999995302e-01 6.736034999999997858e-03 -5.539700000000014057e-02
-5.648600000000003618e-01 3.973369999999996904e-03 -6.143350000000014077e-02
-5.801000000000007262e-01 6.296370000000002520e-03 -6.359750000000019554e-02
-5.956900000000002748e-01 1.093320999999999876e-02 -6.175949999999952311e-02
-6.124299999999989197e-01 1.205838499999999092e-02 -6.203399999999970049e-02
-6.280149999999995458e-01 9.142915000000001458e-03 -6.458000000000030383e-02
-6.436850000000005068e-01 7.576350000000002527e-03 -6.729350000000033916e-02
-6.566300000000007131e-01 1.004929999999999019e-02 -6.915899999999997050e-02
-6.710400000000005249e-01 1.362779999999999547e-02 -6.861300000000003507e-02
-6.887849999999984263e-01 1.630525000000000724e-02 -6.703050000000043696e-02
-7.055299999999995464e-01 1.596949999999999759e-02 -6.768449999999992528e-02
-7.211200000000026478e-01 1.416700000000001292e-02 -6.838499999999969603e-02
-7.335249999999984283e-01 1.612824999999999676e-02 -6.769049999999987577e-02
-7.455249999999988830e-01 1.999804999999998945e-02 -6.777400000000000091e-02
-7.582500000000003126e-01 2.052180000000002058e-02 -6.806350000000005451e-02
-7.744149999999994094e-01 1.989804999999998658e-02 -6.452750000000007091e-02
-7.880750000000009692e-01 1.885300000000000864e-02 -6.145250000000013202e-02
-7.955450000000006128e-01 1.793600000000000749e-02 -6.298399999999970689e-02
-7.998349999999998516e-01 1.679514999999998093e-02 -6.459899999999985098e-02
-8.026549999999996743e-01 1.399110000000000631e-02 -6.349550000000037109e-02
-8.126600000000010482e-01 1.381919999999997595e-02 -6.098350000000030136e-02
-8.246800000000007458e-01 1.365189999999996684e-02 -6.144549999999981971e-02
-8.359449999999988279e-01 1.125805000000004719e-02 -6.635449999999964987e-02
-8.443449999999987909e-01 1.199475000000002622e-02 -7.066350000000021225e-02
-8.457550000000004786e-01 1.555589999999998363e-02 -7.340099999999982749e-02
-8.450350000000010908e-01 1.695905000000003104e-02 -7.592699999999963367e-02
-8.421699999999994191e-01 1.706245000000000678e-02 -7.554050000000023246e-02
-8.383099999999998886e-01 1.862154999999998672e-02 -7.342600000000021332e-02
-8.393249999999987665e-01 1.968954999999997235e-02 -7.323499999999993904e-02
-8.400900000000017798e-01 1.753264999999995521e-02 -7.361250000000008065e-02
-8.396550000000040370e-01 1.562995000000003132e-02 -7.418200000000019223e-02
-8.359199999999979980e-01 1.623215000000002850e-02 -7.377999999999973468e-02
-8.324350000000002581e-01 1.551239999999992625e-02 -7.163399999999975343e-02
-8.350650000000001683e-01 1.292104999999998949e-02 -7.032000000000016016e-02
-8.367049999999984777e-01 9.642300000000103566e-03 -6.861050000000012972e-02
-8.386800000000000921e-01 1.037284999999998902e-02 -6.777549999999998853e-02
-8.406549999999981537e-01 1.495334999999992087e-02 -6.807600000000002538e-02
-8.377149999999993213e-01 1.739345000000003250e-02 -6.810749999999998749e-02
-8.334550000000007230e-01 1.839405000000005064e-02 -6.736399999999997945e-02
-8.312649999999983663e-01 2.046059999999999546e-02 -6.702449999999982033e-02
-8.283650000000015723e-01 1.968364999999999698e-02 -6.805149999999993149e-02
-8.267450000000025057e-01 1.711845000000000727e-02 -7.086700000000001332e-02
-8.265149999999970021e-01 1.686569999999998348e-02 -7.297450000000016423e-02
-8.249950000000012551e-01 1.427805000000004210e-02 -6.969449999999999257e-02
-8.237000000000023192e-01 1.147519999999996321e-02 -6.464849999999988661e-02
-8.230099999999964666e-01 1.195864999999990408e-02 -6.353200000000014391e-02
-8.222599999999999909e-01 1.137320000000002773e-02 -6.632750000000009472e-02
-8.231150000000013733e-01 1.010920000000009589e-02 -6.874849999999999017e-02
-8.199899999999971101e-01 1.062350000000000794e-02 -6.887999999999994127e-02
-8.128500000000009607e-01 1.165319999999991918e-02 -6.941350000000001685e-02
-8.061000000000007049e-01 1.136360000000002923e-02 -7.489899999999993785e-02
-7.996899999999982356e-01 1.113615000000001132e-02 -8.046450000000004987e-02
-7.965900000000019077e-01 1.261200000000001209e-02 -8.269550000000003287e-02
-7.951200000000007151e-01 1.147819999999999396e-02 -8.280699999999996397e-02
-7.935949999999998283e-01 9.563099999999935541e-03 -7.924850000000005501e-02
-7.896000000000000796e-01 1.000210000000006927e-02 -7.813649999999994211e-02
-7.840500000000005798e-01 8.861600000000025013e-03 -7.890649999999999054e-02
-7.805350000000039756e-01 9.090949999999931030e-03 -7.638849999999997031e-02
-7.770400000000030616e-01 1.009040000000005488e-02 -7.411900000000004596e-02
-7.738549999999975171e-01 1.094385000000003272e-02 -7.603250000000005837e-02
-7.682599999999943918e-01 1.301340000000000829e-02 -7.710849999999996873e-02
-7.598249999999993065e-01 1.431539999999997814e-02 -7.478700000000004788e-02
-7.514950000000020225e-01 1.387739999999992868e-02 -7.326579999999993653e-02
-7.400050000000000239e-01 1.156285000000006891e-02 -7.354734999999990031e-02
-7.294950000000035573e-01 9.881299999999981765e-03 -7.382045000000003743e-02
-7.175400000000031753e-01 8.510699999999982168e-03 -7.201025000000005338e-02
-7.018749999999975842e-01 6.646749999999979064e-03 -6.930334999999998580e-02
-6.873699999999942634e-01 4.963849999999991880e-03 -6.511495000000000477e-02
-6.725899999999960244e-01 4.481800000000035755e-03 -5.745954999999999813e-02
-6.576200000000014256e-01 4.471749999999996561e-03 -4.971140000000001669e-02
-6.424800000000026046e-01 4.369099999999959127e-03 -4.432649999999999091e-02
-6.272249999999992554e-01 5.255099999999957028e-03 -3.816849999999999410e-02
-6.104449999999985721e-01 7.015900000000074854e-03 -2.871045000000002623e-02
-5.928600000000017189e-01 8.234749999999957382e-03 -1.519565000000000499e-02
-5.728350000000048681e-01 7.733600000000062646e-03 9.264000000000216506e-04
-5.505500000000012051e-01 6.280400000000019300e-03 1.930155000000000065e-02
-5.267449999999911370e-01 5.050499999999846779e-03 4.047009999999998109e-02
-5.027049999999988472e-01 3.632000000000079609e-03 6.115545000000000009e-02
-4.817999999999997840e-01 3.005500000000105310e-03 7.966075000000000239e-02
-4.608099999999950569e-01 2.533000000000007468e-03 9.730420000000000735e-02
-4.471700000000069508e-01 2.052000000000053781e-03 1.185427000000000008e-01
-4.333549999999988245e-01 1.396999999999981590e-03 1.422430500000000375e-01
-4.166249999999962483e-01 -2.000000000013102408e-05 1.693886500000000850e-01
-3.990700000000018122e-01 7.754999999999290239e-04 1.950853499999998797e-01
-3.848650000000048976e-01 4.237000000000046285e-03 2.164079999999999337e-01
-3.727900000000019531e-01 7.201500000000082835e-03 2.340415000000001244e-01
-3.596549999999965053e-01 6.593500000000029893e-03 2.500435000000000851e-01
-3.466149999999998954e-01 4.446500000000019881e-03 2.715574999999998962e-01
-3.199800000000010414e-01 3.318999999999960870e-03 2.940624999999998934e-01
-3.005649999999988609e-01 1.514999999999933067e-03 3.058605000000000906e-01
-2.872649999999978832e-01 -9.800000000004249756e-05 3.095254999999998979e-01
-2.753849999999999909e-01 1.933500000000032415e-03 3.228599999999999248e-01
-2.640450000000029718e-01 3.381000000000078387e-03 3.452234999999999054e-01
-2.532800000000037244e-01 8.869999999999711449e-04 3.730830000000002755e-01
-2.441899999999961324e-01 -8.384999999999642739e-04 4.036200000000003119e-01
-2.246349999999992519e-01 -2.199000000000062016e-03 4.276379999999995185e-01
-2.119450000000000500e-01 -6.116000000000010317e-03 4.523225000000001828e-01
-2.015049999999973807e-01 -7.668999999999925876e-03 4.772100000000003561e-01
-1.899850000000000705e-01 -4.504000000000063508e-03 4.974704999999999266e-01
-1.808650000000042724e-01 -3.918500000000046946e-03 5.208644999999996195e-01
-1.668650000000013733e-01 -7.850999999999941359e-03 5.439994999999995251e-01
-1.560349999999957049e-01 -9.914999999999896119e-03 5.645575000000002674e-01
-1.488400000000069667e-01 -7.723000000000035392e-03 5.841545000000003540e-01
-1.443650000000005207e-01 -6.909300000000007103e-03 6.026634999999993525e-01
-1.426349999999914075e-01 -7.869950000000014434e-03 6.188979999999997261e-01
-1.386750000000063210e-01 -7.679400000000113913e-03 6.344010000000004368e-01
-1.283900000000031127e-01 -6.069300000000055206e-03 6.513949999999999463e-01
-1.174499999999980560e-01 -3.912799999999938549e-03 6.681400000000001782e-01
-1.114999999999994884e-01 -3.106449999999927325e-03 6.846149999999999736e-01
-1.048849999999958982e-01 -4.181949999999989842e-03 7.012850000000003803e-01
-9.727500000000333102e-02 -7.974050000000010296e-03 7.141400000000004411e-01
-9.095500000000100727e-02 -1.067730000000000068e-02 7.256899999999992801e-01
-8.402499999999690772e-02 -9.710550000000039983e-03 7.376749999999994145e-01
-7.814499999999924285e-02 -8.487650000000013240e-03 7.506949999999994461e-01
-7.704999999999984084e-02 -1.095824999999994720e-02 7.653550000000004516e-01
-7.894999999999896545e-02 -1.460980000000000611e-02 7.733750000000014779e-01
-7.663999999999759893e-02 -1.368344999999998590e-02 7.744900000000001228e-01
-6.921000000000532282e-02 -1.048779999999999157e-02 7.702100000000005053e-01
-6.521500000000202135e-02 -9.286500000000086352e-03 7.669850000000000279e-01
-6.325499999999806278e-02 -8.519049999999972478e-03 7.692249999999987153e-01
-5.934500000000042519e-02 -7.975299999999962974e-03 7.707250000000005485e-01
-5.483000000000259888e-02 -9.352900000000052838e-03 7.709399999999995146e-01
-5.048500000000188948e-02 -1.175490000000001256e-02 7.673500000000004206e-01
-5.167499999999591864e-02 -1.084464999999995571e-02 7.619650000000017798e-01
-5.604999999999904503e-02 -1.161939999999994644e-02 7.602249999999983743e-01
-5.642999999999886995e-02 -1.440570000000002127e-02 7.582549999999983470e-01
-5.597000000000207365e-02 -1.536545000000000272e-02 7.618999999999989114e-01
-5.958500000000555019e-02 -1.973289999999999766e-02 7.629450000000019827e-01
-6.141499999999666670e-02 -2.228385000000004945e-02 7.586600000000007782e-01
-5.564499999999128477e-02 -1.857179999999997166e-02 7.556649999999986989e-01
-4.786000000000001364e-02 -1.620194999999996499e-02 7.507200000000011642e-01
-4.481500000000693262e-02 -1.691455000000002817e-02 7.503849999999996356e-01
-4.539500000000629143e-02 -1.611319999999999419e-02 7.525100000000009004e-01
-4.419999999999646434e-02 -1.610015000000003527e-02 7.542650000000001853e-01
-4.342499999999915872e-02 -1.728985000000005101e-02 7.592199999999973414e-01
-4.844000000000647788e-02 -1.638370000000000104e-02 7.647449999999995640e-01
-5.195499999999952934e-02 -1.555519999999993574e-02 7.683999999999997499e-01
-5.214999999999747615e-02 -1.795554999999998680e-02 7.730300000000021043e-01
-5.174999999999840838e-02 -1.744915000000002436e-02 7.802950000000024033e-01
-5.395000000000038654e-02 -1.581700000000002548e-02 7.853449999999995157e-01
-6.088999999999344936e-02 -1.781270000000001463e-02 7.909749999999995396e-01
-6.449499999999375177e-02 -1.817364999999998565e-02 7.949899999999985312e-01
-6.444000000000471573e-02 -1.722290000000001320e-02 7.958800000000003649e-01
-6.326500000000123691e-02 -1.422359999999997515e-02 8.042499999999996874e-01
-6.410999999999944521e-02 -1.473254999999998316e-02 8.146550000000019054e-01
-6.661500000000586397e-02 -1.821069999999999633e-02 8.243299999999997851e-01
-6.563500000000033197e-02 -1.535785000000000622e-02 8.330500000000000682e-01
-6.651999999999702595e-02 -1.268310000000000271e-02 8.398050000000019111e-01
-7.022500000000064801e-02 -1.495529999999997695e-02 8.470499999999994145e-01
-7.116500000000058890e-02 -1.594254999999999978e-02 8.523250000000004434e-01
-7.316999999999751481e-02 -1.416680000000000716e-02 8.569449999999960710e-01
-7.366499999999831516e-02 -1.248415000000002717e-02 8.601299999999980628e-01
-6.911999999999807187e-02 -1.288124999999998299e-02 8.621650000000009584e-01
-6.331999999999737838e-02 -1.474544999999996553e-02 8.662299999999980571e-01
-6.184500000000525688e-02 -1.445010000000002126e-02 8.695550000000018542e-01
-6.424499999999966349e-02 -1.582289999999997310e-02 8.736450000000033356e-01
-6.265499999999235570e-02 -1.712254999999998639e-02 8.771149999999998670e-01
-6.183000000000049567e-02 -1.537460000000001603e-02 8.752499999999976410e-01
-6.538000000000465661e-02 -1.465494999999999992e-02 8.701700000000016644e-01
-6.808000000000191676e-02 -1.559125000000000094e-02 8.626750000000029672e-01
-6.785500000000155296e-02 -1.867020000000001179e-02 8.584299999999984720e-01
-6.803000000000025693e-02 -2.428030000000000466e-02 8.554099999999955628e-01
-6.609999999999871534e-02 -2.758295000000000885e-02 8.527799999999992053e-01
-6.154500000000240334e-02 -2.574619999999999687e-02 8.525050000000042871e-01
-6.149500000000074351e-02 -2.441134999999999139e-02 8.539150000000006457e-01
-6.485500000000143928e-02 -2.423631500000000827e-02 8.535599999999980980e-01
-6.264000000000180535e-02 -2.050575999999999788e-02 8.431049999999977729e-01
-5.813499999999294232e-02 -1.659566000000000166e-02 8.324450000000034322e-01
-6.109499999999457032e-02 -1.754676999999999973e-02 8.295650000000023283e-01
-6.765000000000043201e-02 -2.043797500000000059e-02 8.265149999999934494e-01
-7.333500000000015007e-02 -2.187460199999999994e-02 8.207099999999982742e-01
-7.344000000000505679e-02 -2.229512000000000160e-02 8.161000000000022681e-01
-7.316000000000144610e-02 -2.539272799999999983e-02 8.113200000000020395e-01
-7.860499999999603915e-02 -2.873851999999999657e-02 8.086050000000035709e-01
-8.181499999999886086e-02 -2.727459000000000827e-02 8.082500000000010232e-01
-8.354000000000638693e-02 -2.612351000000000256e-02 8.071049999999999613e-01
-8.720500000000441787e-02 -2.415304999999998148e-02 8.053549999999987108e-01
-8.911499999999250576e-02 -1.976744999999999197e-02 8.003500000000016712e-01
-9.253999999999962256e-02 -1.698655000000001691e-02 7.926500000000018531e-01
-9.672000000000480213e-02 -1.431749999999999690e-02 7.897799999999932652e-01
-1.012399999999971101e-01 -1.306249999999999079e-02 7.857500000000001705e-01
-1.127049999999982788e-01 -1.316975000000000784e-02 7.761800000000036448e-01
-1.210200000000014597e-01 -1.257465000000000666e-02 7.695650000000000546e-01
-1.205899999999999750e-01 -1.225794999999998969e-02 7.650100000000037426e-01
-1.236050000000048499e-01 -1.327299999999999314e-02 7.626549999999951979e-01
-1.328299999999984493e-01 -1.428970000000001628e-02 7.607099999999960005e-01
-1.378399999999899705e-01 -1.420630000000000503e-02 7.582500000000038654e-01
-1.389450000000067575e-01 -1.619710000000001981e-02 7.543150000000053979e-01
-1.402600000000049363e-01 -1.489494999999999014e-02 7.467299999999994498e-01
-1.435849999999945226e-01 -1.102469999999997063e-02 7.398149999999930060e-01
-1.492750000000029331e-01 -1.343274999999999331e-02 7.372650000000007253e-01
-1.580900000000013961e-01 -1.865149999999998753e-02 7.380799999999965166e-01
-1.677749999999988972e-01 -1.619360000000003019e-02 7.374399999999994293e-01
-1.768750000000025580e-01 -1.204755000000001797e-02 7.366000000000028081e-01
-1.830349999999967281e-01 -1.087944999999998497e-02 7.332449999999965939e-01
-1.869049999999958800e-01 -9.164649999999996410e-03 7.223550000000074078e-01
-1.945850000000035607e-01 -8.752100000000012647e-03 7.100500000000025125e-01
-1.997599999999977172e-01 -4.835749999999999771e-03 7.073499999999981469e-01
-2.046949999999938541e-01 -1.489550000000006147e-03 7.158450000000016189e-01
-2.176800000000085333e-01 -4.727700000000001346e-03 7.218899999999948136e-01
-2.308450000000021873e-01 -6.782999999999983487e-03 7.203000000000017167e-01
-2.361449999999933880e-01 -3.873650000000006255e-03 7.137900000000030332e-01
-2.423950000000019145e-01 -2.654100000000020332e-03 7.062849999999940565e-01
-2.518600000000006389e-01 -5.210800000000015419e-03 7.026350000000007867e-01
-2.571900000000013620e-01 -7.779099999999955495e-03 7.012400000000056366e-01
-2.637649999999993611e-01 -8.740150000000002084e-03 7.018899999999987926e-01
-2.768050000000030764e-01 -1.198240000000003191e-02 7.015349999999926922e-01
-2.863650000000035334e-01 -8.517149999999973353e-03 6.973699999999993793e-01
-2.900499999999937017e-01 1.936749999999987093e-03 6.984900000000067166e-01
-2.948650000000014870e-01 4.609599999999991482e-03 7.032050000000040768e-01
-3.079650000000029308e-01 4.477000000000508351e-04 7.002049999999968577e-01
-3.218599999999938177e-01 2.395349999999990542e-03 6.907849999999911006e-01
-3.208149999999960755e-01 7.223449999999992377e-03 6.842400000000026239e-01
-3.126700000000042223e-01 6.824200000000030242e-03 6.861299999999985744e-01
-3.155300000000025307e-01 2.438000000000023482e-03 6.905949999999947408e-01
-3.283399999999971897e-01 -2.323600000000036747e-03 6.951450000000036766e-01
-3.336800000000010868e-01 -5.236950000000045735e-03 6.987700000000032219e-01
-3.317199999999971283e-01 -6.134049999999974245e-03 6.987250000000031491e-01
-3.342900000000028626e-01 -5.524799999999996380e-03 6.920250000000010004e-01
-3.393450000000015621e-01 -4.350050000000021955e-03 6.856149999999985312e-01
-3.449899999999956890e-01 -5.555349999999986688e-03 6.848949999999973670e-01
-3.521950000000018122e-01 -9.446050000000011382e-03 6.873799999999974375e-01
-3.560500000000033083e-01 -1.070779999999998955e-02 6.876250000000041496e-01
-3.544800000000023488e-01 -9.857849999999945823e-03 6.839500000000029445e-01
-3.545699999999953889e-01 -8.854399999999984505e-03 6.796499999999952024e-01
-3.564700000000016189e-01 -8.630299999999979654e-03 6.749500000000026034e-01
-3.593050000000062028e-01 -8.116750000000005905e-03 6.709999999999993747e-01
-3.651349999999951024e-01 -7.754150000000015197e-03 6.663999999999958845e-01
-3.678399999999939496e-01 -7.412350000000011985e-03 6.613000000000042178e-01
-3.659299999999987563e-01 -8.895150000000018320e-03 6.536499999999989541e-01
-3.658250000000009550e-01 -1.119780000000003550e-02 6.458000000000012619e-01
-3.665850000000006048e-01 -1.066024999999998224e-02 6.399000000000043542e-01
-3.706200000000023920e-01 -8.307249999999988255e-03 6.387499999999945999e-01
-3.739849999999975694e-01 -7.683100000000053775e-03 6.380499999999997840e-01
-3.705799999999968009e-01 -7.998450000000045801e-03 6.325500000000019440e-01
-3.634950000000074510e-01 -5.843399999999943084e-03 6.221999999999994202e-01
-3.547549999999972670e-01 -1.797899999999907905e-03 6.077000000000012392e-01
-3.487849999999923511e-01 -5.372500000000446363e-04 5.901999999999958391e-01
-3.446800000000038722e-01 -1.364000000000031854e-03 5.726000000000013301e-01
-3.400300000000058276e-01 -4.398999999999930743e-04 5.586500000000000909e-01
-3.304749999999998522e-01 -5.001000000000033197e-04 5.444999999999993179e-01
-3.204599999999970805e-01 -2.688250000000003137e-03 5.289500000000018076e-01
-3.129699999999999704e-01 -3.868750000000031886e-03 5.113500000000001933e-01
-3.008650000000017144e-01 -2.166249999999980691e-03 4.911500000000046384e-01
-2.872899999999987131e-01 -1.172999999999979615e-03 4.702500000000000568e-01
-2.766699999999957527e-01 -1.643300000000014194e-03 4.483499999999978058e-01
-2.696900000000042041e-01 -4.890300000000014080e-03 4.257999999999952934e-01
-2.610100000000059595e-01 -7.979750000000007670e-03 4.056999999999959527e-01
-2.490349999999992292e-01 -5.218700000000020545e-03 3.884000000000042974e-01
-2.402299999999968350e-01 -1.274149999999973915e-03 3.735500000000016030e-01
-2.354500000000001592e-01 -1.082649999999907298e-03 3.552499999999980673e-01
-2.329500000000024329e-01 -3.067899999999956773e-03 3.338999999999998636e-01
-2.286000000000001364e-01 -4.336450000000047211e-03 3.151000000000010459e-01
-2.201999999999983970e-01 -3.334050000000088332e-03 2.989999999999994884e-01
-2.077999999999988745e-01 -1.405650000000036037e-03 2.831499999999991246e-01
-1.936499999999981014e-01 -3.767999999999549487e-04 2.653999999999996362e-01
-1.839500000000029445e-01 -3.587999999999924583e-04 2.490499999999968850e-01
-1.792000000000015802e-01 -7.463999999999804125e-04 2.323000000000021714e-01
-1.776499999999998636e-01 -1.163599999999986867e-03 2.132000000000005002e-01
-1.769999999999996021e-01 -1.502300000000067470e-03 1.933000000000006935e-01
-1.733999999999937813e-01 -3.293150000000022448e-03 1.779500000000027171e-01
-1.683500000000037744e-01 -4.603999999999996984e-03 1.646999999999962938e-01
-1.629000000000004889e-01 -2.547049999999995151e-03 1.500500000000002387e-01
-1.631999999999962370e-01 1.272000000000494957e-04 1.390000000000028990e-01
-1.716000000000050818e-01 2.124950000000069839e-03 1.302999999999983061e-01
-1.749500000000026034e-01 1.804099999999975168e-03 1.253999999999990678e-01
-1.748499999999992838e-01 2.911099999999999799e-03 1.277000000000043656e-01
-1.773999999999986699e-01 4.666850000000000165e-03 1.285000000000025011e-01
-1.800500000000013756e-01 4.452049999999929675e-03 1.186000000000007049e-01
-1.875000000000000000e-01 5.118049999999985111e-03 1.072999999999950660e-01
-1.918499999999951910e-01 4.994600000000071205e-03 9.969999999999856755e-02
-1.927500000000037517e-01 3.274400000000010635e-03 9.535000000000337650e-02
-1.972500000000039222e-01 2.168899999999973627e-03 8.974999999999511147e-02
-1.987999999999985334e-01 2.180000000000015259e-03 7.815000000000082991e-02
-2.015999999999991132e-01 1.730499999999968175e-03 7.145000000000578666e-02
-2.062499999999971578e-01 1.358999999999666031e-04 7.144999999999868123e-02
-2.109999999999985221e-01 -5.270999999999470553e-04 6.599999999999539568e-02
-2.289499999999975444e-01 2.258150000000014312e-03 6.184999999999973852e-02
-2.491500000000002046e-01 5.406999999999995143e-03 5.584999999999951115e-02
-2.696000000000040586e-01 7.319850000000016621e-03 5.080000000000239879e-02
-2.921499999999994657e-01 7.657549999999957446e-03 4.955000000000353566e-02
-3.025999999999982037e-01 8.473199999999958543e-03 3.349999999999653255e-02
-3.193500000000000227e-01 1.023190000000001598e-02 2.039999999999508873e-02
-3.420500000000004093e-01 1.068385000000005025e-02 1.140000000000185310e-02
-3.468999999999979877e-01 9.761799999999987154e-03 -1.194999999999879492e-02
-3.583500000000015007e-01 7.855199999999951110e-03 -2.629999999999910187e-02
-3.689999999999997726e-01 6.368299999999993410e-03 -4.274999999999806732e-02
-3.782999999999958618e-01 6.474250000000014715e-03 -6.300000000000238742e-02
-3.963000000000036493e-01 7.633700000000021024e-03 -7.719999999999771489e-02
-3.951000000000064460e-01 7.646749999999979952e-03 -1.060999999999978627e-01
-4.033000000000015461e-01 9.335700000000002330e-03 -1.276000000000010459e-01
-4.210999999999955890e-01 1.134835000000006255e-02 -1.418999999999996930e-01
-4.246499999999997499e-01 1.197930000000002604e-02 -1.725500000000010914e-01
-4.339500000000029445e-01 1.340809999999997837e-02 -2.000000000000028422e-01
-4.410499999999970555e-01 1.423934999999995621e-02 -2.256500000000016826e-01
-4.465000000000003411e-01 1.507929999999998993e-02 -2.532999999999958618e-01
-4.590000000000031832e-01 1.712684999999999902e-02 -2.780999999999949068e-01
-4.623999999999952593e-01 1.843364999999999587e-02 -3.076000000000007617e-01
-4.694000000000002615e-01 1.885970000000003477e-02 -3.309500000000014097e-01
-4.787500000000051159e-01 1.636210000000001830e-02 -3.489000000000004320e-01
-4.884500000000002728e-01 1.471849999999999548e-02 -3.656000000000005912e-01
-5.027499999999989200e-01 1.600274999999998227e-02 -3.801500000000004320e-01
-5.157999999999987040e-01 1.673734999999998418e-02 -3.939999999999983515e-01
-5.274500000000017508e-01 1.756365000000001397e-02 -4.091999999999984539e-01
-5.353999999999956572e-01 1.833784999999998888e-02 -4.251000000000004775e-01
-5.436999999999940769e-01 1.971934999999999660e-02 -4.393000000000029104e-01
-5.542000000000015802e-01 2.060495000000001076e-02 -4.510500000000021714e-01
-5.665499999999994429e-01 2.132475000000000342e-02 -4.628499999999959869e-01
-5.765999999999991132e-01 2.247014999999998042e-02 -4.739000000000004320e-01
-5.876000000000018986e-01 2.347729999999999262e-02 -4.857500000000030127e-01
-5.996500000000040131e-01 2.337065000000000670e-02 -4.970500000000015461e-01
-6.109000000000008868e-01 2.343430000000000513e-02 -5.067499999999967031e-01
-6.240499999999968850e-01 2.470040000000001124e-02 -5.178000000000011482e-01
-6.356499999999982720e-01 2.621899999999999231e-02 -5.295000000000058549e-01
-6.417000000000001592e-01 2.842765499999998918e-02 -5.424499999999952138e-01
-6.488000000000013756e-01 2.885209500000000815e-02 -5.543499999999994543e-01
-6.572499999999976694e-01 2.833990500000000551e-02 -5.613000000000027967e-01
-6.651999999999986812e-01 2.923817499999999819e-02 -5.668499999999951910e-01
-6.760000000000019327e-01 3.044745499999999827e-02 -5.747999999999962029e-01
-6.878999999999990678e-01 3.011216500000000323e-02 -5.831000000000017280e-01
-7.001500000000007162e-01 2.853636999999999840e-02 -5.913500000000055934e-01
-7.066500000000033310e-01 2.685406499999999641e-02 -6.002000000000009550e-01
-7.123500000000078103e-01 2.457176500000001623e-02 -6.082499999999981810e-01
-7.203500000000033765e-01 2.094930000000000403e-02 -6.154000000000010573e-01
-7.286999999999892452e-01 1.757969999999998978e-02 -6.249499999999983402e-01
-7.381499999999903139e-01 1.547960000000001002e-02 -6.337499999999991473e-01
-7.469499999999982265e-01 1.543780000000000152e-02 -6.385500000000021714e-01
-7.512500000000130740e-01 1.699354999999999616e-02 -6.381500000000031037e-01
-7.550999999999987722e-01 1.844804999999997974e-02 -6.354499999999987381e-01
-7.575499999999948386e-01 1.920564999999999078e-02 -6.352499999999992042e-01
-7.561500000000052069e-01 1.932195000000003215e-02 -6.366999999999976012e-01
-7.546499999999980446e-01 2.017560000000001574e-02 -6.388499999999979195e-01
-7.553999999999945203e-01 1.991640000000000077e-02 -6.395150000000029422e-01
-7.606499999999982720e-01 1.860714999999996122e-02 -6.409450000000020964e-01
-7.610000000000098908e-01 1.908669999999998423e-02 -6.408149999999963597e-01
-7.584499999999962938e-01 2.105900000000002215e-02 -6.403299999999987335e-01
-7.608000000000032514e-01 2.339550000000001351e-02 -6.433749999999989200e-01
-7.603000000000008640e-01 2.220455000000001733e-02 -6.408799999999956754e-01
-7.604999999999932925e-01 1.907449999999999424e-02 -6.392350000000064369e-01
-7.588000000000079126e-01 1.910944999999997229e-02 -6.417500000000018190e-01
-7.548500000000046839e-01 1.915925000000001654e-02 -6.418899999999965189e-01
-7.523999999999944066e-01 1.928569999999998896e-02 -6.418499999999980332e-01
-7.543000000000006366e-01 1.806954999999996203e-02 -6.417199999999994020e-01
-7.579000000000064574e-01 1.669084999999997931e-02 -6.441100000000048453e-01
-7.557499999999919282e-01 1.694109999999998672e-02 -6.440400000000039427e-01
-7.539000000000015689e-01 1.670065000000003907e-02 -6.400750000000030582e-01
-7.533000000000100727e-01 1.623174999999998924e-02 -6.374399999999980082e-01
-7.565999999999917236e-01 1.534220000000002804e-02 -6.356199999999958550e-01
-7.614499999999964075e-01 1.563905000000004319e-02 -6.354150000000018395e-01
-7.630500000000068894e-01 1.908050000000000024e-02 -6.339100000000001955e-01
-7.650500000000022283e-01 2.332309999999998551e-02 -6.331249999999997158e-01
-7.629000000000019099e-01 2.497325000000000239e-02 -6.323149999999984061e-01
-7.564500000000009550e-01 2.697115000000005480e-02 -6.294349999999937495e-01
-7.539999999999906777e-01 2.859819999999996254e-02 -6.284700000000000841e-01
-7.541999999999973170e-01 2.753514999999989721e-02 -6.295750000000026603e-01
-7.559499999999985675e-01 2.499919999999999920e-02 -6.322499999999990905e-01
-7.552000000000020918e-01 2.406410000000008820e-02 -6.310900000000003729e-01
-7.516499999999979309e-01 2.485779999999998546e-02 -6.266200000000026193e-01
-7.484999999999928377e-01 2.543754999999997546e-02 -6.253050000000044406e-01
-7.460000000000093223e-01 2.599385000000004053e-02 -6.265450000000001296e-01
-7.449000000000012278e-01 2.637620000000001630e-02 -6.273449999999982651e-01
-7.435499999999990450e-01 2.809094999999994791e-02 -6.261750000000034788e-01
-7.420999999999935426e-01 2.980700000000002792e-02 -6.239849999999975694e-01
-7.372000000000014097e-01 3.011630000000009577e-02 -6.214399999999926649e-01
-7.276500000000112323e-01 2.891959999999987874e-02 -6.194699999999997431e-01
-7.222999999999899501e-01 2.771799999999990938e-02 -6.197750000000041837e-01
-7.207499999999953388e-01 2.639950000000013119e-02 -6.198400000000034993e-01
-7.204500000000138016e-01 2.547850000000007054e-02 -6.178499999999971237e-01
-7.201000000000021828e-01 2.579849999999994647e-02 -6.153800000000018144e-01
-7.185999999999950205e-01 2.569149999999997824e-02 -6.131749999999982492e-01
-7.182499999999976126e-01 2.582550000000005674e-02 -6.099149999999937677e-01
-7.172499999999928377e-01 2.579949999999997523e-02 -6.060250000000024784e-01
-7.156999999999982265e-01 2.553399999999994563e-02 -6.039550000000062369e-01
-7.159000000000048658e-01 2.530900000000002592e-02 -6.015249999999952024e-01
-7.168500000000079808e-01 2.477799999999996672e-02 -5.971349999999944203e-01
-7.151999999999958391e-01 2.402300000000001656e-02 -5.943750000000065370e-01
-7.132999999999896090e-01 2.223850000000004989e-02 -5.905100000000018667e-01
-7.130000000000080718e-01 2.166149999999988918e-02 -5.828550000000021214e-01
-7.079999999999984084e-01 2.283699999999999619e-02 -5.777499999999946567e-01
-7.009499999999917463e-01 1.614999999999999769e-02 -5.723349999999953752e-01
-6.938999999999992951e-01 9.719499999999992035e-03 -5.649400000000071032e-01
-6.878500000000116188e-01 9.919000000000122164e-03 -5.576950000000024943e-01
-6.788500000000112777e-01 1.036049999999999471e-02 -5.491049999999972897e-01
-6.675499999999914280e-01 1.139399999999990420e-02 -5.413099999999957390e-01
-6.576000000000021828e-01 1.159699999999996844e-02 -5.341700000000031423e-01
-6.458499999999958163e-01 1.103000000000009528e-02 -5.269700000000057116e-01
-6.370999999999895635e-01 1.133099999999997998e-02 -5.204999999999984084e-01
-6.295500000000089358e-01 1.291399999999998105e-02 -5.138499999999979195e-01
-6.222500000000081855e-01 1.384600000000002495e-02 -5.069749999999970669e-01
-6.148999999999915644e-01 1.444000000000000838e-02 -5.014800000000008140e-01
-6.022499999999979536e-01 1.379050000000003884e-02 -4.974300000000013711e-01
-5.851499999999987267e-01 1.260349999999998971e-02 -4.939999999999997726e-01
-5.697499999999990905e-01 1.195449999999997903e-02 -4.885549999999980741e-01
-5.582000000000135742e-01 1.253249999999994646e-02 -4.783399999999993213e-01
-5.462500000000005684e-01 1.227749999999994124e-02 -4.735200000000006071e-01
-5.318499999999914962e-01 1.236400000000004162e-02 -4.646500000000024500e-01
-5.206500000000033879e-01 1.273400000000002308e-02 -4.523150000000022430e-01
-5.118499999999954753e-01 1.186699999999996091e-02 -4.459099999999978081e-01
-5.002999999999957481e-01 1.164800000000010272e-02 -4.402550000000005070e-01
-4.868500000000040018e-01 1.234050000000008751e-02 -4.371450000000010050e-01
-4.731500000000039563e-01 1.349849999999996886e-02 -4.348650000000020555e-01
-4.573000000000035925e-01 1.253549999999992171e-02 -4.363899999999993895e-01
-4.431000000000011596e-01 1.159949999999998482e-02 -4.373099999999965348e-01
-4.338000000000050704e-01 1.256849999999998246e-02 -4.356550000000005696e-01
-4.187499999999886313e-01 1.413149999999996353e-02 -4.375200000000027956e-01
-3.968500000000005912e-01 1.691650000000011200e-02 -4.445899999999980423e-01
-3.686500000000023647e-01 1.790349999999996111e-02 -4.511599999999980071e-01
-3.407999999999873353e-01 1.765749999999988162e-02 -4.558499999999980901e-01
-3.187999999999959755e-01 1.773900000000006028e-02 -4.603850000000022646e-01
-2.876000000000118462e-01 1.981499999999991601e-02 -4.671249999999993463e-01
-2.640500000000116643e-01 2.083299999999999041e-02 -4.703699999999955139e-01
-2.447499999999962483e-01 1.767700000000005378e-02 -4.702200000000011926e-01
-2.026999999999929969e-01 1.487850000000001671e-02 -4.746200000000015962e-01
-1.694999999999993179e-01 1.366900000000004223e-02 -4.773950000000013461e-01
-1.510499999999979082e-01 1.343899999999997874e-02 -4.767150000000022203e-01
-1.210499999999967713e-01 8.599499999999982158e-03 -4.788800000000001944e-01
-1.039999999999992042e-01 5.035000000000011688e-03 -4.785299999999992338e-01
-8.294999999999674856e-02 6.449499999999996902e-03 -4.801650000000030616e-01
-5.890000000000839009e-02 3.989500000000090196e-03 -4.823899999999987642e-01
-4.040000000000532054e-02 2.309999999999812204e-04 -4.808899999999987074e-01
3.550000000004160938e-03 1.339999999999674785e-04 -4.844550000000005241e-01
2.790000000000247837e-02 1.566999999999985071e-03 -4.802799999999969316e-01
2.930000000000632099e-02 3.985999999999823018e-03 -4.681250000000005684e-01
5.599999999999738520e-02 4.983500000000140595e-03 -4.633350000000007185e-01
8.149999999999124611e-02 3.246500000000041020e-03 -4.562199999999982936e-01
1.094499999999953843e-01 1.080500000000039762e-03 -4.475149999999992190e-01
1.372000000000070941e-01 1.715500000000091951e-03 -4.357499999999987494e-01
1.468500000000005912e-01 2.942000000000000171e-03 -4.205700000000014427e-01
1.701999999999941338e-01 2.815000000000011937e-03 -4.167100000000019122e-01
1.888500000000021828e-01 3.984999999998573017e-04 -4.133449999999996294e-01
2.134000000000071395e-01 -3.789999999999960067e-03 -4.096200000000003172e-01
2.354500000000001592e-01 -6.042499999999950688e-03 -4.079550000000011778e-01
2.391499999999950887e-01 -5.346999999999990649e-03 -4.049949999999995498e-01
2.498000000000075715e-01 -2.870499999999998053e-03 -4.037299999999994782e-01
2.618499999999954753e-01 -1.688000000000133838e-03 -3.978149999999978093e-01
2.766499999999894044e-01 -4.515000000000490843e-04 -3.920099999999990814e-01
2.890500000000031378e-01 1.346500000000028230e-03 -3.903950000000016018e-01
2.966499999999996362e-01 2.172500000000021636e-03 -3.910100000000014120e-01
3.053500000000042292e-01 1.316500000000164761e-03 -3.934999999999995168e-01
3.141000000000104819e-01 4.095000000000625917e-04 -3.962449999999968497e-01
3.219999999999885176e-01 1.139499999999848967e-03 -4.004000000000011994e-01
3.277999999999963165e-01 2.875000000000071942e-03 -4.064650000000042951e-01
3.353000000000037062e-01 5.102000000000050939e-03 -4.138850000000005025e-01
3.443000000000040473e-01 6.832499999999797069e-03 -4.208599999999975694e-01
3.560000000000087539e-01 6.098500000000006693e-03 -4.255899999999996908e-01
3.687499999999914735e-01 3.955000000000152838e-03 -4.298300000000025989e-01
3.797999999999888132e-01 5.636999999999892097e-03 -4.412549999999981765e-01
3.853000000000008640e-01 8.172999999999985832e-03 -4.561149999999969396e-01
3.872500000000087539e-01 4.760000000000097486e-03 -4.715500000000005798e-01
3.950499999999976808e-01 -9.075000000000610356e-04 -4.854900000000021976e-01
4.072999999999922238e-01 -2.907500000000173834e-03 -4.933499999999995111e-01
4.168999999999982720e-01 -5.949999999999011635e-05 -5.011800000000015132e-01
4.243000000000023419e-01 1.004500000000074778e-03 -5.138500000000014722e-01
4.344000000000107775e-01 -1.999500000000042910e-03 -5.324649999999984118e-01
4.506999999999976581e-01 -4.162999999999916767e-03 -5.441050000000018372e-01
4.698499999999938836e-01 -4.634000000000026986e-03 -5.490099999999991098e-01
4.812000000000011823e-01 -6.238999999999994550e-03 -5.611449999999962301e-01
4.868000000000023419e-01 -7.219999999999893170e-03 -5.767300000000012972e-01
4.959000000000060027e-01 -3.553499999999987224e-03 -5.940000000000011937e-01
5.075499999999948386e-01 2.779999999998894467e-04 -6.103149999999999409e-01
5.180500000000023419e-01 -1.929999999999987281e-04 -6.211150000000031923e-01
5.283500000000032060e-01 -1.151999999999819835e-03 -6.285499999999988319e-01
5.332999999999969987e-01 2.460000000000017728e-03 -6.373099999999958243e-01
5.399000000000029331e-01 5.786499999999916710e-03 -6.508500000000001506e-01
5.515499999999917691e-01 5.637999999999920853e-03 -6.630250000000010857e-01
5.604000000000013415e-01 6.414500000000100677e-03 -6.698450000000004678e-01
5.675500000000113232e-01 6.514999999999937508e-03 -6.746200000000008856e-01
5.750500000000045020e-01 5.218499999999903771e-03 -6.814900000000001512e-01
5.788499999999885404e-01 3.641000000000005343e-03 -6.917150000000003018e-01
5.823499999999910415e-01 -2.609499999999931319e-03 -7.006649999999989831e-01
5.889500000000111868e-01 -7.703999999999933124e-03 -7.085499999999989029e-01
5.945999999999997954e-01 -7.194000000000033701e-03 -7.178450000000005105e-01
5.971499999999991815e-01 -6.835499999999883336e-03 -7.241900000000018878e-01
5.953999999999979309e-01 -7.389000000000089940e-03 -7.274399999999996425e-01
5.889999999999986358e-01 -7.632000000000194184e-03 -7.293199999999995242e-01
5.809500000000014097e-01 -6.554999999999977511e-03 -7.300199999999996692e-01
5.794999999999959073e-01 -3.137999999999863121e-03 -7.298049999999989268e-01
5.842999999999989313e-01 2.704000000000039705e-03 -7.301199999999994361e-01
5.824999999999960210e-01 7.878999999999858339e-03 -7.324599999999996669e-01
5.781000000000062755e-01 9.943499999999994010e-03 -7.279499999999998749e-01
5.786500000000103228e-01 8.261000000000073840e-03 -7.172150000000012682e-01
5.760999999999967258e-01 3.781500000000104222e-03 -7.093250000000015376e-01
5.763499999999908141e-01 1.199999999999978861e-03 -7.117199999999996862e-01
5.769999999999981810e-01 -1.179500000000111015e-03 -7.149900000000002365e-01
5.739000000000089585e-01 -3.114500000000020030e-03 -7.138249999999999318e-01
5.739499999999964075e-01 -1.785500000000106446e-03 -7.159149999999989689e-01
5.678999999999945203e-01 3.250000000010189183e-05 -7.076600000000006219e-01
5.602000000000089130e-01 1.680000000000569926e-04 -7.042950000000001154e-01
5.538499999999970669e-01 -7.764999999999577796e-04 -7.114349999999989294e-01
5.397499999999979536e-01 1.510499999999970200e-03 -7.138049999999998008e-01
5.229000000000070258e-01 5.259000000000013664e-03 -7.186750000000001748e-01
5.046999999999997044e-01 6.544500000000175177e-03 -7.263749999999999929e-01
4.900499999999965439e-01 6.273499999999820886e-03 -7.338105000000005873e-01
4.703999999999979309e-01 7.922999999999902343e-03 -7.410985000000005485e-01
4.471000000000060481e-01 1.163300000000000445e-02 -7.492554999999994081e-01
4.206000000000074124e-01 1.733600000000012908e-02 -7.605914999999998649e-01
3.900000000000005684e-01 1.970450000000001367e-02 -7.734770000000001922e-01
3.688499999999947931e-01 1.843749999999988454e-02 -7.827390000000002956e-01
3.392999999999943839e-01 1.759400000000010955e-02 -7.868995000000000850e-01
3.112500000000011369e-01 1.558799999999993524e-02 -7.892164999999997654e-01
2.875999999999976353e-01 1.040849999999982067e-02 -7.957345000000000113e-01
2.662499999999994316e-01 5.365000000000064162e-03 -8.077700000000000990e-01
2.445000000000021600e-01 2.154000000000211301e-03 -8.195859999999999257e-01
2.161499999999989541e-01 6.099999999999994316e-04 -8.279910000000000325e-01
1.978500000000025238e-01 3.938999999999914792e-03 -8.359005999999999936e-01
1.847999999999956344e-01 5.990500000000009706e-03 -8.446083499999998967e-01
1.744499999999931106e-01 5.114499999999910784e-03 -8.576509000000001048e-01
1.615500000000054115e-01 6.700499999999998124e-03 -8.687131500000000450e-01
1.435500000000047294e-01 1.089600000000023883e-02 -8.754129999999997747e-01
1.294500000000056161e-01 1.096450000000004366e-02 -8.810319999999998153e-01
1.183999999999940655e-01 1.212549999999978922e-02 -8.899645000000002693e-01
1.054499999999904958e-01 1.727549999999977715e-02 -9.095159999999999911e-01
9.615000000000861746e-02 1.964250000000000718e-02 -9.254464999999996166e-01
9.470000000000311502e-02 2.174500000000012534e-02 -9.361080000000003842e-01
9.759999999999990905e-02 2.602499999999996483e-02 -9.428840000000007215e-01
1.017499999999955662e-01 2.817650000000004873e-02 -9.458074999999994681e-01
1.063499999999919510e-01 2.696699999999996322e-02 -9.524974999999997749e-01
1.127500000000054570e-01 2.521299999999992991e-02 -9.646084999999997578e-01
1.158000000000072305e-01 2.487499999999998046e-02 -9.812900000000004397e-01
1.128999999999962256e-01 2.571400000000001462e-02 -9.939350000000004570e-01
1.112499999999982947e-01 2.524300000000012645e-02 -1.001699999999999591e+00
1.128500000000087766e-01 2.653499999999997527e-02 -1.012690000000000090e+00
1.148000000000024556e-01 2.775649999999996176e-02 -1.020275000000000709e+00
1.177999999999883585e-01 2.622199999999996756e-02 -1.025434999999999874e+00
1.199500000000028876e-01 2.455100000000021154e-02 -1.032244999999999635e+00
1.198000000000121190e-01 2.223050000000004189e-02 -1.037839999999999208e+00
1.200999999999936563e-01 1.786399999999987998e-02 -1.045059999999999434e+00
1.184499999999957254e-01 1.535649999999999515e-02 -1.049475000000001046e+00
1.148500000000041155e-01 1.591499999999990145e-02 -1.051600000000000534e+00
1.122500000000030695e-01 1.680049999999999599e-02 -1.052194999999999325e+00
1.093499999999920647e-01 1.966800000000001880e-02 -1.053084999999999383e+00
1.082499999999981810e-01 2.215949999999988762e-02 -1.054210000000001202e+00
1.072500000000076170e-01 2.490999999999998771e-02 -1.052390000000000825e+00
1.046499999999923602e-01 2.625050000000017647e-02 -1.047564999999998747e+00
1.028499999999894499e-01 2.582400000000006912e-02 -1.043060000000000542e+00
1.016500000000064574e-01 2.507299999999990092e-02 -1.041514999999998636e+00
1.008500000000083219e-01 2.282750000000000057e-02 -1.040179999999999438e+00
9.949999999999192823e-02 2.228300000000005276e-02 -1.039930000000001797e+00
9.779999999999233751e-02 2.445950000000007840e-02 -1.041799999999998505e+00
9.440000000000736691e-02 2.542900000000014593e-02 -1.033149999999999125e+00
9.045000000000413820e-02 2.475199999999988520e-02 -1.025725000000001330e+00
8.785000000000309228e-02 2.461649999999981908e-02 -1.026665000000001271e+00
8.634999999999593001e-02 2.275300000000002321e-02 -1.024820000000001841e+00
8.379999999999654392e-02 2.137600000000006162e-02 -1.022475000000000023e+00
7.874999999999943157e-02 2.177399999999996005e-02 -1.019499999999997186e+00
7.349999999999567990e-02 2.199400000000006905e-02 -1.016049999999999898e+00
7.310000000001082299e-02 2.199900000000010181e-02 -1.011459999999999582e+00
7.325000000000159162e-02 2.200650000000003992e-02 -1.009344999999999715e+00
7.124999999999204192e-02 2.321499999999976360e-02 -1.004915000000000447e+00
7.300000000000750333e-02 2.604049999999991094e-02 -1.002005000000000479e+00
7.430000000000802629e-02 2.591250000000000497e-02 -1.000265000000002402e+00
7.434999999999547526e-02 2.354049999999996423e-02 -9.942399999999977922e-01
7.404999999999972715e-02 2.155400000000029515e-02 -9.902099999999975921e-01
7.155000000000200089e-02 2.037650000000001960e-02 -9.884100000000017872e-01
7.019999999999981810e-02 1.875599999999977285e-02 -9.867600000000003035e-01
7.034999999999058673e-02 1.624150000000001981e-02 -9.838400000000007140e-01
7.104999999999961346e-02 1.484100000000010411e-02 -9.811650000000007310e-01
7.135000000000957243e-02 1.524550000000002292e-02 -9.766750000000001819e-01
7.174999999999442934e-02 1.515099999999991454e-02 -9.706450000000010903e-01
7.235000000000013642e-02 1.305449999999996891e-02 -9.683750000000017621e-01
7.285000000000252385e-02 1.191100000000000492e-02 -9.668949999999973954e-01
7.224999999999681677e-02 1.268400000000013961e-02 -9.621549999999992053e-01
7.229999999999847660e-02 1.339200000000007051e-02 -9.583399999999997476e-01
7.654999999999745341e-02 1.256749999999984269e-02 -9.541299999999992565e-01
7.949999999999590727e-02 1.053950000000014597e-02 -9.495749999999993918e-01
7.930000000000347882e-02 9.300999999999781664e-03 -9.452700000000007208e-01
8.040000000001157332e-02 9.767499999999929017e-03 -9.393400000000049488e-01
8.169999999999788542e-02 8.223500000000161236e-03 -9.329000000000000625e-01
8.039999999999736247e-02 6.849499999999730804e-03 -9.242199999999947124e-01
7.814999999999372449e-02 7.529999999999814619e-03 -9.158249999999981128e-01
7.644999999999413376e-02 8.414000000000143586e-03 -9.025749999999987949e-01
7.410000000000138698e-02 9.220000000000228013e-03 -8.864000000000018531e-01
7.080000000000552518e-02 1.066799999999989979e-02 -8.728499999999996817e-01
6.634999999999990905e-02 1.259299999999985431e-02 -8.579749999999961574e-01
6.019999999999470219e-02 1.253700000000024239e-02 -8.408200000000007890e-01
5.195000000000504770e-02 1.236750000000008676e-02 -8.206899999999990314e-01
4.120000000000345608e-02 1.104799999999994675e-02 -7.989450000000033469e-01
3.100000000000591172e-02 7.570500000000146557e-03 -7.758650000000031355e-01
2.514999999999645297e-02 5.700999999999956103e-03 -7.512949999999989359e-01
2.259999999999706688e-02 5.133499999999902030e-03 -7.262349999999955230e-01
1.815000000000566160e-02 4.792499999999977334e-03 -6.999649999999988381e-01
1.174999999999215561e-02 5.116499999999968296e-03 -6.725400000000050227e-01
8.099999999998885869e-03 6.115000000000092584e-03 -6.462700000000012324e-01
5.150000000000432010e-03 7.338999999999984425e-03 -6.200499999999991019e-01
-3.499999999974079401e-04 5.749000000000004107e-03 -5.929000000000002046e-01
-6.349999999997635314e-03 3.536999999999901334e-03 -5.678300000000007230e-01
-1.020000000001175522e-02 3.003500000000158821e-03 -5.407499999999956231e-01
-1.115000000000065938e-02 3.342500000000248050e-03 -5.103749999999962483e-01
-1.285000000000025011e-02 4.207499999999697593e-03 -4.795750000000040814e-01
-1.569999999999538431e-02 5.013500000000004064e-03 -4.497300000000024056e-01
-1.849999999998885869e-02 6.002500000000132729e-03 -4.185999999999978627e-01
-1.789999999999736247e-02 6.379999999999830251e-03 -3.854249999999979082e-01
-1.595000000000368345e-02 4.368999999999845230e-03 -3.536700000000010391e-01
-1.425000000000409273e-02 2.299000000000273047e-03 -3.226399999999998158e-01
-1.054999999999495230e-02 1.776000000000221846e-03 -2.870200000000053819e-01
-8.849999999995361577e-03 2.217499999999761329e-03 -2.556650000000075806e-01
-7.200000000011641532e-03 4.192499999999821370e-03 -2.351149999999933016e-01
-6.500000000002614797e-03 5.315000000000180691e-03 -2.134199999999921715e-01
-5.549999999999499778e-03 5.815000000000125624e-03 -1.992949999999993338e-01
-3.100000000003433342e-03 8.193499999999742656e-03 -1.929500000000032855e-01
-1.099999999993883648e-03 9.281499999999942574e-03 -1.870600000000024465e-01
3.900000000001568878e-03 1.032200000000016438e-02 -1.807499999999961915e-01
9.150000000005320544e-03 1.066750000000005194e-02 -1.708000000000069463e-01
1.215000000000543423e-02 8.823500000000095156e-03 -1.577100000000015712e-01
9.399999999999408828e-03 7.526000000000143686e-03 -1.453449999999918418e-01
3.949999999989017851e-03 6.283499999999886398e-03 -1.366550000000046339e-01
4.599999999996384759e-03 5.945499999999714902e-03 -1.293800000000047135e-01
8.600000000001273293e-03 5.894499999999913697e-03 -1.225749999999976581e-01
1.309999999999433840e-02 5.682500000000034746e-03 -1.154399999999995430e-01
1.605000000000700311e-02 4.756499999999830308e-03 -1.080299999999994043e-01
1.830000000001064109e-02 3.698999999999896815e-03 -9.808999999999912234e-02
1.859999999999217835e-02 2.826500000000509161e-03 -8.397999999999683496e-02
1.629999999998688054e-02 3.058000000000227203e-03 -6.868000000000051841e-02
1.364999999999838565e-02 3.138499999999710965e-03 -5.430500000000648697e-02
1.150000000001227818e-02 2.883999999999886654e-03 -4.138999999999981583e-02
1.005000000000677574e-02 2.242999999999994998e-03 -3.019499999999197826e-02
8.749999999992041921e-03 2.004000000000116799e-03 -1.988500000000215095e-02
7.400000000004069989e-03 2.099999999999990763e-03 -1.079500000000166438e-02
5.650000000002819434e-03 1.907000000000103057e-03 -1.859999999993533493e-03
3.699999999994929567e-03 9.329999999998506155e-04 5.084999999994010977e-03
1.699999999999590727e-03 -6.140000000001144542e-04 4.364999999992846824e-03
-7.999999999981355359e-04 4.050000000004327916e-04 -7.450000000019940671e-04
-3.849999999999909051e-03 1.965500000000064418e-03 -2.784999999995818598e-03
-4.649999999998044586e-03 1.552999999999693514e-03 -1.079999999994640802e-03
-3.299999999995861799e-03 2.428499999999944592e-03 7.850000000004797585e-04
-2.650000000002705747e-03 4.306499999999990891e-03 1.110000000004163212e-03
-2.200000000001978151e-03 4.695500000000185636e-03 1.294999999998935891e-03
-1.149999999995543476e-03 5.620500000000028251e-03 1.264999999996518909e-03
-1.050000000006434675e-03 5.370999999999792607e-03 -2.400000000051250026e-04
-1.800000000002910383e-03 4.357999999999861984e-03 -1.559999999997785380e-03
-1.449999999991291588e-03 3.344000000000013628e-03 -1.269999999991000550e-03
-1.649999999997930900e-03 4.968500000000153349e-03 -2.235000000005982201e-03
-1.600000000010481926e-03 6.513999999999908752e-03 -2.615000000005807124e-03
-1.050000000006434675e-03 5.909999999999859810e-03 -1.809999999998979092e-03
-8.499999999997953637e-04 5.458500000000254815e-03 -1.404999999998324256e-03
-5.500000000040472514e-04 5.129500000000231097e-03 -1.009999999993738129e-03
3.999999999990677679e-04 4.766999999999743665e-03 -3.799999999998249223e-04
9.000000000014551915e-04 4.828999999999972204e-03 2.499999999372448656e-05
7.500000000106865627e-04 5.558500000000021757e-03 4.449999999991405275e-04
2.000000000009549694e-03 5.694500000000157769e-03 2.360000000003026344e-03
2.549999999999386091e-03 6.786500000000028621e-03 3.399999999999181455e-03
2.249999999989427124e-03 6.677000000000044011e-03 3.204999999994129212e-03
5.999999999914962245e-04 5.070000000000129958e-03 2.705000000005952643e-03
-7.499999999964757080e-04 4.024999999999945288e-03 2.265000000008399184e-03
-4.999999999881765689e-04 4.409499999999733078e-03 2.299999999998192379e-03
1.000000000033196557e-04 4.188499999999706347e-03 2.279999999998949534e-03
5.499999999898363967e-04 3.039000000000013912e-03 1.684999999994829523e-03
5.500000000040472514e-04 1.695000000000224105e-03 1.364999999999838565e-03
-6.999999999948158802e-04 9.405000000002328164e-04 8.950000000069735506e-04
-1.050000000006434675e-03 1.297999999999799314e-03 5.499999999969418241e-04
-3.999999999990677679e-04 2.889499999999989299e-03 1.449999999962869879e-04
-2.999999999957481123e-04 3.532500000000160512e-03 -3.150000000005093170e-04
-1.500000000049794835e-04 2.885999999999722121e-03 -2.449999999996066435e-04
1.000000000033196557e-04 2.580500000000096605e-03 -4.500000000007275958e-05
1.400000000003842615e-03 3.496500000000013486e-03 -6.000000000483396434e-05
1.899999999992019184e-03 4.210499999999894882e-03 -1.200000000025625013e-04
5.999999999914962245e-04 2.979500000000134818e-03 -2.500000000082991392e-05
-3.499999999974079401e-04 1.430500000000112237e-03 -1.699999999971169018e-04
5.000000000165982783e-05 3.790000000001292335e-04 6.000000000483396434e-05
1.500000000049794835e-04 5.514999999998160263e-04 2.149999999971896614e-04
-9.999999998910880095e-05 1.192499999999929727e-03 2.349999999964325070e-04
2.499999999997726263e-03 2.702999999999899927e-03 -1.399999999946999196e-04
4.349999999988085619e-03 3.403499999999892722e-03 1.400000000018053470e-04
3.399999999999181455e-03 1.994499999999899131e-03 7.049999999964029485e-04
2.150000000000318323e-03 1.012000000000012889e-03 4.350000000030718184e-04
-1.100000000008094503e-03 6.585000000003393694e-04 -2.749999999949181984e-04
-2.499999999997726263e-03 2.455000000001206217e-04 -5.950000000041200110e-04
-9.999999999905639925e-04 4.769999999996166196e-04 -2.050000000011209522e-04
3.000000000099589670e-04 1.550999999999858048e-03 -5.000000000165982783e-05
-1.425000000000409273e-02 2.078650000000026310e-02 -8.369999999999322426e-03
-2.425000000000920863e-02 3.330699999999997551e-02 -1.441499999999251713e-02
-1.770000000000493401e-02 2.520199999999994667e-02 -1.304500000000530235e-02
-1.595000000000368345e-02 2.349800000000001887e-02 -1.677999999999713054e-02
-1.224999999999454303e-02 2.038950000000006035e-02 -2.062499999999545253e-02
-1.124999999998976818e-02 1.770899999999997476e-02 -2.504000000000417003e-02
-9.950000000003456080e-03 1.575150000000014039e-02 -2.907000000000437012e-02
-5.600000000001159606e-03 1.387500000000008171e-02 -3.224000000000160071e-02
-9.999999999905639925e-04 1.177299999999981139e-02 -3.443499999999488637e-02
1.199999999997203304e-03 9.528499999999828773e-03 -3.712999999999766487e-02
3.000000000000113687e-03 8.482500000000170459e-03 -4.093000000000301952e-02
5.099999999998772182e-03 7.140500000000216119e-03 -4.457500000000180762e-02
7.149999999995770850e-03 6.554499999999796600e-03 -4.821000000000452701e-02
1.310000000000854925e-02 6.202000000000262858e-03 -5.033999999999849706e-02
1.720000000000254659e-02 6.358500000000155694e-03 -5.487499999999556621e-02
2.214999999999633928e-02 6.229999999999957794e-03 -6.191499999999905413e-02
2.859999999999729425e-02 6.293499999999951910e-03 -7.307000000000130058e-02
3.114999999999668034e-02 5.597999999999991871e-03 -9.112999999999971124e-02
3.974999999999795364e-02 5.060000000000286491e-03 -1.046499999999994657e-01
4.694999999999538431e-02 4.566499999999695802e-03 -1.182000000000016371e-01
5.029999999999290594e-02 4.253999999999535930e-03 -1.353050000000024511e-01
6.020000000000891305e-02 3.713499999999925194e-03 -1.466700000000003001e-01
6.975000000001330136e-02 3.941000000000194348e-03 -1.580249999999949750e-01
8.039999999999736247e-02 5.478500000000163794e-03 -1.664900000000031355e-01
8.794999999999220108e-02 6.235999999999908283e-03 -1.732700000000022555e-01
9.529999999999461124e-02 5.803999999999920334e-03 -1.815649999999990882e-01
1.102500000000077307e-01 5.934499999999953701e-03 -1.851649999999978036e-01
1.231500000000096406e-01 6.392500000000023164e-03 -1.891850000000019349e-01
1.342999999999960892e-01 6.782999999999983487e-03 -1.956449999999989586e-01
1.589499999999901547e-01 6.688500000000097145e-03 -1.981499999999982720e-01
1.829000000000036152e-01 5.742500000000205773e-03 -2.074650000000062278e-01
2.098000000000013188e-01 5.176000000000069434e-03 -2.188400000000001455e-01
2.326999999999941338e-01 7.406000000000023675e-03 -2.336949999999973215e-01
2.496500000000025921e-01 1.050999999999957524e-02 -2.504549999999952092e-01
2.913000000000067757e-01 9.470499999999937302e-03 -2.502199999999987767e-01
3.271000000000015007e-01 6.693000000000282057e-03 -2.539050000000031559e-01
3.533999999999934971e-01 4.415999999999975500e-03 -2.630249999999989541e-01
3.974000000000046384e-01 3.548499999999954468e-03 -2.566950000000005616e-01
4.337000000000017508e-01 2.930000000000099192e-03 -2.483100000000035834e-01
4.686999999999983402e-01 3.294499999999978002e-03 -2.375100000000003320e-01
4.970500000000015461e-01 4.909999999999747899e-03 -2.276600000000001955e-01
5.168999999999925876e-01 4.048000000000051557e-03 -2.178800000000009618e-01
5.585499999999967713e-01 2.643500000000020833e-03 -1.904799999999937654e-01
5.888500000000078671e-01 1.881000000000021544e-03 -1.680899999999994066e-01
6.167499999999961346e-01 1.757000000000008555e-03 -1.477850000000060504e-01
6.449499999999943611e-01 3.013499999999780243e-03 -1.256050000000001887e-01
6.652500000000003411e-01 3.350000000000186162e-03 -1.067249999999972943e-01
6.979000000000041837e-01 2.606000000000108230e-03 -8.133999999999730335e-02
7.244500000000044793e-01 1.417499999999627391e-03 -6.349000000000160071e-02
7.489999999999952252e-01 -6.789999999998741487e-04 -5.303000000000679393e-02
7.768999999999977035e-01 -1.661999999999608235e-03 -4.307500000000175078e-02
8.009500000000002728e-01 -2.568499999999751537e-03 -3.427999999999542524e-02
8.226499999999958845e-01 -5.784999999999929088e-03 -2.504999999999313332e-02
8.426000000000044565e-01 -8.562500000000028422e-03 -1.473499999999461352e-02
8.637000000000085720e-01 -1.008950000000030656e-02 -2.265000000008399184e-03
8.878500000000002501e-01 -1.250700000000026790e-02 1.253499999999263537e-02
9.107499999999930651e-01 -1.632499999999970086e-02 2.578000000000457703e-02
9.316000000000030923e-01 -1.891599999999993287e-02 3.418500000000790351e-02
9.536500000000032173e-01 -1.905250000000036081e-02 3.691999999999495685e-02
9.767999999999901206e-01 -1.828900000000022175e-02 3.580499999999631200e-02
1.001449999999998397e+00 -1.740549999999974062e-02 3.540000000000276259e-02
1.025850000000005480e+00 -1.713049999999993744e-02 3.808999999999684860e-02
1.046100000000002694e+00 -1.708850000000006197e-02 4.259499999999860620e-02
1.065199999999997260e+00 -1.792949999999993160e-02 4.799500000000023192e-02
1.084299999999998931e+00 -1.827149999999999608e-02 6.271000000000270802e-02
1.101449999999999818e+00 -1.871950000000000003e-02 7.878000000000184855e-02
1.116550000000003706e+00 -2.004150000000004539e-02 8.185500000000445198e-02
1.131799999999998363e+00 -1.940249999999998920e-02 8.511500000000182808e-02
1.148499999999998522e+00 -1.848050000000012183e-02 9.094499999999072770e-02
1.162600000000004741e+00 -1.693400000000000460e-02 9.598499999999887677e-02
1.175349999999994566e+00 -1.679300000000005788e-02 1.018050000000059185e-01
1.188849999999995077e+00 -1.850900000000010870e-02 1.046699999999987085e-01
1.198850000000000193e+00 -1.876849999999974372e-02 1.029149999999958709e-01
1.204300000000003479e+00 -1.955899999999988204e-02 1.002799999999979264e-01
1.203600000000001558e+00 -2.024300000000001098e-02 9.817500000000478622e-02
1.197849999999995418e+00 -2.063550000000002882e-02 9.579999999999699867e-02
1.194400000000001683e+00 -2.247800000000022003e-02 9.806499999999829242e-02
1.190900000000006287e+00 -2.441399999999993575e-02 9.860000000000468390e-02
1.187899999999999068e+00 -2.478299999999977743e-02 9.689999999999798774e-02
1.188249999999996476e+00 -2.426100000000008805e-02 9.511000000000535692e-02
1.188850000000002183e+00 -2.421950000000006042e-02 9.447500000000275122e-02
1.188250000000003581e+00 -2.299249999999997129e-02 9.371999999999758302e-02
1.185249999999996362e+00 -2.001749999999979934e-02 9.600499999999811962e-02
1.180119999999995173e+00 -1.890349999999996200e-02 9.577500000000327418e-02
1.175795000000000812e+00 -2.060100000000031351e-02 9.287000000000489308e-02
1.174109999999998877e+00 -2.130399999999998961e-02 9.339999999999548663e-02
1.173659999999998149e+00 -2.048950000000004934e-02 9.241499999999547299e-02
1.171920000000000073e+00 -1.836450000000011684e-02 9.181999999999845841e-02
1.166955000000001519e+00 -1.622649999999992154e-02 9.195500000000578211e-02
1.160765000000004932e+00 -1.638149999999982676e-02 9.008000000000038199e-02
1.157030000000005998e+00 -1.706600000000002559e-02 8.655999999999863803e-02
1.154969999999998720e+00 -1.841650000000005782e-02 8.628500000000371983e-02
1.153629999999999711e+00 -1.881699999999963957e-02 8.516999999999796955e-02
1.151305000000000689e+00 -1.833700000000004771e-02 8.315999999999235115e-02
1.146639999999990778e+00 -1.831900000000041828e-02 8.137999999999578904e-02
1.140914999999999679e+00 -1.828450000000003683e-02 7.979000000000269210e-02
1.136080000000006862e+00 -1.926799999999984081e-02 7.936500000000279442e-02
1.135790000000000077e+00 -2.055999999999991168e-02 8.247500000000229647e-02
1.133850000000002467e+00 -2.072450000000003456e-02 8.717500000000200089e-02
1.129114999999998759e+00 -1.975499999999996703e-02 9.208999999999889496e-02
1.124289999999994905e+00 -2.014050000000011664e-02 9.769499999999453621e-02
1.118445000000001244e+00 -2.242900000000003224e-02 1.000149999999990769e-01
1.118439999999999657e+00 -2.674099999999990374e-02 9.911000000000314003e-02
1.117419999999995639e+00 -2.964199999999994617e-02 9.872999999999620968e-02
1.112664999999999793e+00 -2.902950000000004138e-02 1.001249999999984652e-01
1.109430000000003247e+00 -2.699050000000013938e-02 1.017150000000057730e-01
1.106994999999997731e+00 -2.556599999999997763e-02 1.044399999999967577e-01
1.103715000000001112e+00 -2.459149999999987735e-02 1.070199999999985607e-01
1.099575000000001523e+00 -2.343500000000009464e-02 1.078900000000047044e-01
1.096080000000000609e+00 -2.237650000000002137e-02 1.079300000000031901e-01
1.093695000000003859e+00 -2.118399999999964756e-02 1.065650000000033515e-01
1.093845000000001733e+00 -2.068249999999993705e-02 1.035650000000032378e-01
1.096659999999992863e+00 -1.717450000000009247e-02 1.011649999999946203e-01
1.097549999999998249e+00 -1.400449999999997530e-02 9.798499999999421561e-02
1.098765000000007319e+00 -1.453900000000007964e-02 9.519500000000391537e-02
1.092575000000000074e+00 -1.530499999999990202e-02 9.234500000000167574e-02
1.089199999999998170e+00 -1.778900000000005477e-02 9.096500000000418140e-02
1.093404999999997074e+00 -2.061050000000030913e-02 9.201499999999640522e-02
1.084265000000002033e+00 -2.147199999999993558e-02 8.981499999999442707e-02
1.074209999999997223e+00 -2.364099999999980106e-02 8.700500000000488399e-02
1.068204999999998961e+00 -2.494850000000004009e-02 8.470499999999958618e-02
1.070650000000000546e+00 -2.321450000000013780e-02 8.854999999999790816e-02
1.074834999999996654e+00 -2.259599999999983844e-02 8.865500000000281489e-02
1.074500000000000455e+00 -2.403049999999984365e-02 8.461999999999392230e-02
1.075645000000001517e+00 -2.455600000000002225e-02 8.389999999999986358e-02
1.074010000000004794e+00 -2.362500000000000711e-02 8.249500000000153932e-02
1.068450000000002120e+00 -2.208399999999999253e-02 8.396999999999366082e-02
1.056264999999999787e+00 -1.985600000000009580e-02 8.533500000000771024e-02
1.048854999999996096e+00 -1.831400000000016348e-02 8.643500000000869932e-02
1.048829999999998819e+00 -1.769300000000018080e-02 8.679999999999665761e-02
1.046005000000004515e+00 -1.744849999999997792e-02 8.760999999999086185e-02
1.045435000000001224e+00 -1.807949999999980406e-02 8.652500000000173941e-02
1.053674999999998363e+00 -1.553849999999989961e-02 8.409000000000332875e-02
1.059424999999997397e+00 -1.298249999999989690e-02 8.205000000000239879e-02
1.062114999999998588e+00 -1.055300000000003458e-02 7.878000000000184855e-02
1.063135000000002606e+00 -9.462000000000081457e-03 7.891999999998944304e-02
1.061950000000003058e+00 -1.180350000000007782e-02 8.320999999999401098e-02
1.058539999999997150e+00 -1.212199999999996614e-02 8.096500000000617092e-02
1.054704999999998449e+00 -1.388400000000000745e-02 7.828000000000656655e-02
1.052330000000001320e+00 -1.802649999999994535e-02 8.205000000000239879e-02
1.048564999999999969e+00 -1.937699999999997758e-02 8.474999999999965894e-02
1.044029999999999347e+00 -1.862500000000011369e-02 8.452499999999929514e-02
1.037590000000001567e+00 -1.977799999999985125e-02 8.252999999999843794e-02
1.034119999999997930e+00 -2.124449999999988847e-02 8.090999999999581860e-02
1.029239999999997934e+00 -2.255899999999999572e-02 7.978999999999558668e-02
1.028230000000002420e+00 -2.334950000000013404e-02 7.970000000000254659e-02
1.030115000000000336e+00 -2.235350000000013715e-02 7.777000000000100499e-02
1.026125000000000398e+00 -1.997300000000001852e-02 7.444999999999879492e-02
1.020284999999999442e+00 -1.670349999999998225e-02 7.192000000000575710e-02
1.013524999999999565e+00 -1.382849999999979929e-02 6.958000000000197360e-02
1.011185000000001111e+00 -1.410099999999991915e-02 6.994999999999862439e-02
1.012029999999999319e+00 -1.524800000000015032e-02 6.900000000000261480e-02
1.008159999999998391e+00 -1.696050000000015601e-02 6.723499999999660304e-02
1.003865000000001118e+00 -2.124299999999990085e-02 6.637999999999522061e-02
9.990100000000019520e-01 -2.261549999999989957e-02 6.565500000000668024e-02
9.934499999999992781e-01 -2.137800000000011913e-02 6.640500000000315595e-02
9.844999999999988205e-01 -2.132350000000005075e-02 6.640000000000156888e-02
9.664000000000001478e-01 -2.121700000000004138e-02 6.463499999999555712e-02
9.468449999999997146e-01 -2.087250000000007155e-02 6.248499999999523880e-02
9.302399999999995117e-01 -1.953599999999999781e-02 6.246000000000151431e-02
9.127399999999994407e-01 -1.902999999999988034e-02 6.320499999999640295e-02
8.924550000000008865e-01 -1.923799999999986632e-02 6.340000000000145519e-02
8.690500000000005443e-01 -1.763099999999995227e-02 6.604500000000257387e-02
8.478149999999988751e-01 -1.561900000000004951e-02 6.767999999999574356e-02
8.269400000000013407e-01 -1.941850000000011622e-02 6.990499999999855163e-02
8.051650000000014629e-01 -2.559850000000007952e-02 7.500000000000284217e-02
7.884949999999992798e-01 -2.563149999999991824e-02 7.624500000000011823e-02
7.690099999999997493e-01 -2.422249999999992465e-02 7.629500000000177806e-02
7.462014999999997400e-01 -2.462350000000002037e-02 7.920000000000015916e-02
7.233814999999994555e-01 -2.611900000000000333e-02 8.482500000000214868e-02
7.007815000000006123e-01 -2.875249999999995865e-02 9.390499999999946112e-02
6.759405000000007213e-01 -3.075200000000000156e-02 1.035599999999945453e-01
6.523614999999995945e-01 -2.981400000000011818e-02 1.092750000000037858e-01
6.272174999999995393e-01 -3.064200000000005808e-02 1.140749999999997044e-01
6.017420000000002211e-01 -3.129049999999988785e-02 1.220499999999944407e-01
5.940384999999999138e-01 -3.132349999999983758e-02 1.369450000000043133e-01
5.642469999999999430e-01 -2.982499999999999041e-02 1.445450000000008117e-01
5.451334999999999376e-01 -2.673350000000018767e-02 1.504949999999993793e-01
5.362514999999998810e-01 -2.398200000000005883e-02 1.605150000000037380e-01
5.118260000000003362e-01 -2.005199999999984772e-02 1.729050000000000864e-01
5.014959999999999418e-01 -1.849400000000001043e-02 1.874899999999968259e-01
4.866949999999998777e-01 -1.860600000000012244e-02 1.993950000000026535e-01
4.715515000000002344e-01 -1.926050000000001372e-02 2.120800000000002683e-01
4.579275000000000428e-01 -1.912299999999989009e-02 2.247399999999970532e-01
4.469419999999998394e-01 -1.586600000000004673e-02 2.435050000000060777e-01
4.330360499999998947e-01 -1.380400000000014948e-02 2.606699999999975148e-01
4.113642000000000132e-01 -1.588499999999992696e-02 2.806399999999982242e-01
3.852419500000000552e-01 -1.906749999999990397e-02 3.106100000000040495e-01
3.628307000000000060e-01 -1.862500000000000266e-02 3.286349999999984561e-01
3.462153000000000036e-01 -1.733650000000008795e-02 3.350549999999969941e-01
3.307455999999999730e-01 -2.090899999999995540e-02 3.492800000000002569e-01
3.069046999999999192e-01 -2.489500000000000046e-02 3.662449999999992656e-01
2.758780000000000676e-01 -2.613250000000000295e-02 3.861099999999950683e-01
2.520975000000000854e-01 -2.091499999999990589e-02 3.997949999999974580e-01
2.387414999999998289e-01 -1.459700000000008213e-02 4.058550000000025193e-01
2.272295000000000842e-01 -1.292850000000000943e-02 4.204650000000071941e-01
2.071614999999999984e-01 -1.324949999999991412e-02 4.332700000000002660e-01
1.734949999999999548e-01 -1.215900000000003089e-02 4.502150000000000318e-01
1.450249999999999595e-01 -7.382500000000069562e-03 4.603700000000046089e-01
1.338109999999999022e-01 3.500000000045133675e-06 4.574699999999936040e-01
1.226130000000003051e-01 1.988499999999948642e-03 4.661099999999933630e-01
1.058105000000000295e-01 3.134500000000040032e-03 4.754150000000052501e-01
8.596099999999995411e-02 4.573500000000119137e-03 4.847550000000069303e-01
6.852450000000009922e-02 3.953499999999943171e-03 4.930599999999927263e-01
6.010449999999978310e-02 1.778499999999905157e-03 4.993199999999973215e-01
5.538300000000018208e-02 -2.731999999999956685e-03 5.098249999999993065e-01
4.904150000000018217e-02 -4.462999999999994749e-03 5.178499999999957026e-01
4.290599999999966663e-02 -3.790500000000140979e-03 5.252900000000053637e-01
3.599799999999997446e-02 -4.437499999999983125e-03 5.350650000000030104e-01
2.810600000000018639e-02 -8.192499999999935945e-03 5.479550000000017462e-01
2.036150000000014337e-02 -8.991499999999930104e-03 5.642750000000020805e-01
1.305749999999994415e-02 -7.947499999999996234e-03 5.801599999999993429e-01
6.753499999999856840e-03 -8.094000000000045603e-03 5.960049999999981196e-01
1.039999999999929869e-03 -8.867500000000028137e-03 6.133250000000032287e-01
-6.642999999999954497e-03 -9.423999999999987942e-03 6.298049999999975057e-01
-1.645900000000000141e-02 -9.855500000000017025e-03 6.460199999999929332e-01
-2.340950000000008302e-02 -1.041400000000003434e-02 6.615350000000042030e-01
-2.591100000000023940e-02 -1.082949999999993640e-02 6.778150000000024988e-01
-3.040599999999971104e-02 -1.328849999999992537e-02 6.963799999999977786e-01
-3.545399999999965246e-02 -1.424700000000000966e-02 7.111099999999979104e-01
-3.541150000000015119e-02 -1.179099999999999593e-02 7.246099999999984220e-01
-3.450899999999990087e-02 -1.103549999999997588e-02 7.404100000000042314e-01
-3.514050000000001894e-02 -1.113750000000002238e-02 7.525900000000014245e-01
-3.778199999999998226e-02 -1.131999999999999673e-02 7.594549999999991030e-01
-4.143000000000029992e-02 -1.117300000000009952e-02 7.627799999999993474e-01
-4.357800000000033869e-02 -1.024849999999999373e-02 7.643049999999966815e-01
-4.466499999999973269e-02 -9.681999999999968409e-03 7.630600000000029581e-01
-4.811399999999999011e-02 -8.964000000000083013e-03 7.635750000000030013e-01
-5.511800000000000033e-02 -7.622000000000017650e-03 7.651250000000011653e-01
-6.127899999999986136e-02 -6.814999999999904468e-03 7.653900000000000148e-01
-6.368450000000014377e-02 -7.164499999999907054e-03 7.654249999999969134e-01
-6.594950000000010526e-02 -7.472500000000104059e-03 7.653900000000000148e-01
-6.689149999999988161e-02 -8.179500000000006210e-03 7.650700000000014711e-01
-6.733799999999989794e-02 -8.927499999999866098e-03 7.651350000000007867e-01
-6.486200000000019728e-02 -1.043320000000003134e-02 7.650399999999990541e-01
-5.648199999999992116e-02 -1.410375000000008150e-02 7.637250000000008754e-01
-5.456899999999986761e-02 -1.576160000000004224e-02 7.631499999999995509e-01
-5.825450000000009787e-02 -1.516289999999997917e-02 7.606899999999967577e-01
-5.911500000000002863e-02 -1.377729999999988131e-02 7.581100000000020600e-01
-5.891500000000005066e-02 -1.274859999999999882e-02 7.555250000000022226e-01
-5.966950000000004195e-02 -1.253050000000005548e-02 7.520500000000005514e-01
-5.971499999999996255e-02 -1.173930000000000806e-02 7.496199999999966224e-01
-5.694149999999975620e-02 -1.140565000000004492e-02 7.459899999999990428e-01
-5.373149999999982107e-02 -1.298370000000004243e-02 7.415350000000024977e-01
-5.267100000000013438e-02 -1.736679999999996005e-02 7.346849999999989222e-01
-5.043150000000018451e-02 -1.839699999999994118e-02 7.253299999999995862e-01
-4.778750000000009379e-02 -1.650309999999999278e-02 7.161949999999990268e-01
-5.218000000000011518e-02 -1.469429999999999348e-02 7.060199999999987597e-01
-5.253399999999996961e-02 -1.502140000000001807e-02 6.940300000000014791e-01
-4.528549999999986753e-02 -1.509590000000005094e-02 6.812350000000009231e-01
-3.994499999999989726e-02 -1.681219999999999937e-02 6.695349999999997692e-01
-4.080849999999991429e-02 -1.897795000000002119e-02 6.606200000000015393e-01
-4.376450000000009499e-02 -1.882295000000000496e-02 6.544199999999982253e-01
-4.246900000000009001e-02 -2.035914999999993702e-02 6.496899999999996567e-01
-4.028700000000007275e-02 -2.018615000000001380e-02 6.460450000000008686e-01
-3.945100000000001383e-02 -1.860830000000002205e-02 6.406349999999996214e-01
-4.091749999999994003e-02 -1.645255000000001022e-02 6.346549999999986369e-01
-4.246499999999997499e-02 -1.527210000000001067e-02 6.298449999999995441e-01
-4.201449999999995466e-02 -1.477884999999995452e-02 6.255650000000017030e-01
-3.905950000000002476e-02 -1.508270000000000444e-02 6.213750000000004547e-01
-3.674900000000003164e-02 -1.687905000000000655e-02 6.170650000000019730e-01
-3.734700000000001907e-02 -2.100469999999993176e-02 6.125950000000006668e-01
-3.783300000000000551e-02 -2.155355000000003241e-02 6.094649999999983692e-01
-3.585749999999998661e-02 -2.094195000000004248e-02 6.073399999999988808e-01
-3.580299999999991822e-02 -2.242784999999999918e-02 6.048350000000013438e-01
-3.616449999999993281e-02 -2.101954999999999796e-02 6.029499999999998749e-01
-3.654550000000000853e-02 -1.920004999999996853e-02 5.999349999999967764e-01
-3.836850000000002758e-02 -1.853075000000004025e-02 5.973100000000002296e-01
-3.829350000000009135e-02 -1.674080000000000013e-02 5.956050000000026046e-01
-3.858749999999999680e-02 -1.405659999999997467e-02 5.935900000000007282e-01
-3.982849999999993340e-02 -1.148820000000003172e-02 5.895549999999989410e-01
-4.235450000000007265e-02 -1.023400000000002086e-02 5.849899999999994549e-01
-4.431700000000005080e-02 -1.048774999999999014e-02 5.809850000000000847e-01
-4.480659999999997423e-02 -1.064709999999996493e-02 5.751600000000003376e-01
-4.411994999999996336e-02 -1.023764999999998704e-02 5.664949999999997488e-01
-4.548474999999996271e-02 -1.003340000000002563e-02 5.569649999999981560e-01
-4.496349999999998959e-02 -9.207750000000014534e-03 5.474999999999994316e-01
-4.193869999999999543e-02 -8.808249999999989699e-03 5.362200000000019173e-01
-3.896840000000001414e-02 -7.298249999999978366e-03 5.252550000000013597e-01
-3.534650000000000292e-02 -5.693150000000007926e-03 5.143149999999998556e-01
-3.360390000000001987e-02 -5.561000000000010379e-03 5.020199999999999108e-01
-3.242225000000004131e-02 -5.410949999999997706e-03 4.897999999999989029e-01
-3.198315000000001573e-02 -5.525300000000038514e-03 4.793249999999993349e-01
-3.280029999999994894e-02 -7.170849999999978630e-03 4.678400000000006997e-01
-3.379564999999989938e-02 -9.660499999999988541e-03 4.564749999999992980e-01
-3.256824999999996528e-02 -1.055930000000002145e-02 4.446399999999997021e-01
-3.030180000000004537e-02 -1.111809999999999188e-02 4.292500000000005755e-01
-3.046720000000005535e-02 -1.073719999999997454e-02 4.210599999999997678e-01
-3.036574999999999691e-02 -9.697099999999986286e-03 3.953949999999997189e-01
-2.933060000000001222e-02 -8.772950000000015458e-03 3.691300000000001802e-01
-2.748929999999999430e-02 -8.590700000000020542e-03 3.549400000000009214e-01
-2.353444999999998455e-02 -1.113840000000000663e-02 3.310150000000007253e-01
-2.018649999999999611e-02 -1.234924999999999218e-02 3.122599999999993159e-01
-1.902180000000000537e-02 -1.107789999999998776e-02 2.951299999999994483e-01
-1.866450000000000053e-02 -1.048824999999999064e-02 2.807400000000006557e-01
-1.620309999999999806e-02 -9.080900000000002859e-03 2.720099999999998630e-01
-1.392199999999998994e-02 -8.079700000000009097e-03 2.645750000000006708e-01
-1.195845000000000935e-02 -7.216800000000009319e-03 2.597300000000002385e-01
-1.110840000000001826e-02 -6.568550000000006328e-03 2.584949999999990311e-01
-9.739449999999982843e-03 -6.028099999999994574e-03 2.570950000000005176e-01
-6.776650000000022933e-03 -5.903099999999980585e-03 2.547500000000004761e-01
-8.772550000000003956e-03 -5.868249999999991529e-03 2.528249999999996334e-01
-1.237939999999997098e-02 -6.175600000000017187e-03 2.516550000000004061e-01
-1.351845000000000130e-02 -6.328550000000009168e-03 2.488549999999998263e-01
-1.369570000000001897e-02 -4.171099999999997032e-03 2.476499999999992596e-01
-1.379205000000000014e-02 -4.339049999999997076e-03 2.476000000000002643e-01
-1.439564999999998207e-02 -6.250499999999999112e-03 2.463250000000005713e-01
-1.637655000000000360e-02 -6.556050000000000766e-03 2.451354999999999507e-01
-1.830429999999999557e-02 -5.719164999999991339e-03 2.435904999999998211e-01
-1.904560000000000280e-02 -4.536105000000005549e-03 2.416779999999993933e-01
-2.087679500000001048e-02 -4.108390000000003428e-03 2.407799999999991059e-01
-2.383730499999999614e-02 -4.795000000000000651e-03 2.384115000000006646e-01
-2.509035999999999905e-02 -7.102440000000001530e-03 2.349670000000010361e-01
-2.428774000000000211e-02 -6.730089999999994133e-03 2.354914999999992986e-01
-2.448069200000000181e-02 -4.374304999999995003e-03 2.354889999999993933e-01
-2.697055500000000022e-02 -3.355395000000004069e-03 2.339180000000000703e-01
-3.136571800000000076e-02 -3.690530000000004363e-03 2.320990000000002773e-01
-3.424504999999999910e-02 -5.833709999999998896e-03 2.294765000000009714e-01
-3.117298500000001416e-02 -6.500179999999997765e-03 2.285019999999997609e-01
-2.642199999999999410e-02 -4.953695000000001014e-03 2.279439999999994804e-01
-2.425904999999999034e-02 -4.696535000000001681e-03 2.268980000000002661e-01
-2.489260000000001471e-02 -7.295134999999999467e-03 2.278875000000000206e-01
-2.628750000000000531e-02 -9.322984999999998912e-03 2.274494999999996381e-01
-2.615655000000000063e-02 -9.794978499999999061e-03 2.247069999999999901e-01
-2.528450000000000142e-02 -9.947212999999999888e-03 2.234110000000000262e-01
-2.370164999999999078e-02 -9.533481499999999637e-03 2.232720000000001370e-01
-2.138504999999998879e-02 -9.106496999999999856e-03 2.232700000000003016e-01
-1.816605000000001691e-02 -7.593474999999999704e-03 2.231264999999997833e-01
-1.635610000000001230e-02 -6.225280000000001437e-03 2.251745000000000552e-01
-1.596984999999997989e-02 -6.204134999999999511e-03 2.310975000000001778e-01
-1.401529999999998055e-02 -5.211844999999999672e-03 2.410519999999998220e-01
-1.270029999999999770e-02 -4.173770000000000258e-03 2.529044999999996435e-01
-1.225985000000001657e-02 -3.882424999999998377e-03 2.646505000000001218e-01
-1.124905000000001043e-02 -4.220649999999999402e-03 2.759750000000003034e-01
-9.193149999999983280e-03 -5.619619999999998783e-03 2.872019999999999573e-01
-8.381799999999994810e-03 -6.468965000000003601e-03 2.972234999999998628e-01
-1.135845000000001992e-02 -6.180110000000002546e-03 3.052189999999999070e-01
-1.184585000000001886e-02 -5.375529999999996422e-03 3.128715000000001911e-01
-9.291700000000013837e-03 -3.849510000000000431e-03 3.207295000000001117e-01
-7.966349999999955411e-03 -3.340889999999999138e-03 3.294514999999998972e-01
-7.674099999999989263e-03 -5.103320000000001466e-03 3.374979999999998537e-01
-6.215350000000036124e-03 -6.282965000000001465e-03 3.450600000000000334e-01
-3.490049999999966790e-03 -5.861899999999996280e-03 3.528086500000000569e-01
-3.401899999999985491e-03 -5.346330000000003302e-03 3.608528999999999765e-01
-6.960050000000023163e-03 -5.355100000000001526e-03 3.709010500000000099e-01
-1.063630000000001519e-02 -4.517449999999992305e-03 3.818458999999999604e-01
-1.358899999999996222e-03 2.619650000000001144e-03 3.943022000000000471e-01
2.362314999999998166e-02 1.369164499999999535e-02 4.051896999999999860e-01
3.877875000000000072e-02 1.142408999999999786e-02 4.061850999999999101e-01
4.268440000000003898e-02 2.819254999999999678e-03 4.007304999999999895e-01
3.218450000000000477e-02 -3.217919999999999114e-03 3.946945000000001702e-01
9.895199999999992890e-03 -4.794680000000002551e-03 3.894254999999999800e-01
-9.078300000000011361e-03 -1.718690000000001883e-03 3.845769999999997246e-01
-2.307719999999999216e-02 -1.644819999999998228e-03 3.796835000000000626e-01
-2.750904999999997935e-02 -3.458179999999998200e-03 3.762015000000000775e-01
-2.932170000000000609e-02 -6.757300000000000806e-03 3.733774999999996957e-01
-3.922700000000001186e-02 -9.982399999999995444e-03 3.713690000000000602e-01
-5.870995000000001074e-02 -1.205935000000000340e-02 3.669554999999999900e-01
-7.410219999999995144e-02 -1.051340000000000607e-02 3.585370000000001056e-01
-8.160604999999998554e-02 -7.763250000000013196e-03 3.497165000000004298e-01
-8.473905000000003795e-02 -6.149299999999982558e-03 3.443580000000001640e-01
-8.783365000000004086e-02 -5.094399999999971174e-03 3.416339999999999932e-01
-9.653385000000003213e-02 -5.238250000000013729e-03 3.374159999999997162e-01
-1.031428500000000081e-01 -5.732800000000010110e-03 3.332829999999997739e-01
-9.866599999999992043e-02 -3.370650000000002811e-03 3.314940000000001774e-01
-8.845099999999994633e-02 -9.636999999999978916e-04 3.295609999999999928e-01
-7.723400000000002485e-02 -1.682199999999994811e-03 3.273669999999997415e-01
-6.287249999999999783e-02 -1.906299999999999661e-03 3.158749999999996838e-01
-5.075550000000006445e-02 -5.875000000001018297e-05 2.884680000000003908e-01
-4.624349999999999294e-02 -1.450000000001450129e-05 2.509805000000007169e-01
-4.007550000000004164e-02 -2.951099999999998169e-03 2.129279999999997841e-01
-2.914450000000001761e-02 -3.769899999999978824e-03 1.776175000000002058e-01
-1.915949999999988496e-02 -1.856099999999985539e-03 1.426240000000005281e-01
-1.320600000000005103e-02 -2.833000000000140961e-04 1.090260000000000673e-01
-1.140399999999996972e-02 -2.396000000000064745e-04 7.434049999999992053e-02
-9.585999999999983423e-03 -3.150499999999972767e-04 4.041999999999923432e-02
-4.627500000000117630e-03 -2.320000000000099760e-04 1.198599999999938603e-02
-9.199999999999208811e-04 -1.829700000000003546e-03 -9.257999999999988461e-03
-8.529999999999926530e-04 -4.341899999999981885e-03 -1.302999999999965297e-02
-1.762500000000000178e-03 -3.457299999999996487e-03 -5.394499999999524675e-03
-1.784499999999966668e-03 7.035499999999972331e-04 -3.156999999999854367e-03
-1.387499999999985967e-03 3.062449999999994343e-03 -3.291500000000446846e-03
-1.206500000000110262e-03 1.514699999999993829e-03 -7.070000000002352181e-04
-3.094999999999625828e-04 3.813000000000010825e-04 3.485000000003068976e-04
-7.499999999827089425e-06 1.102699999999998126e-03 -1.798500000000480270e-03
0.000000000000000000e+00 0.000000000000000000e+00 0.000000000000000000e+00
