0.000000000000000000e+00 0.000000000000000000e+00 0.000000000000000000e+00
-1.389284499999999915e-02 -2.795154000000000041e-02 1.188315000000000010e+00
-1.393089000000000133e-02 -2.802750000000000380e-02 1.191554999999999920e+00
-1.395177000000000223e-02 -2.806895500000000654e-02 1.193327500000000096e+00
-1.394505499999999787e-02 -2.805479999999998392e-02 1.192738999999999994e+00
-1.393141999999999991e-02 -2.802675000000000305e-02 1.191558499999999743e+00
-1.393667999999999990e-02 -2.803674999999999917e-02 1.191996499999999681e+00
-1.393056000000000155e-02 -2.802375000000001393e-02 1.191460000000000186e+00
-1.393160000000000925e-02 -2.802520000000001399e-02 1.191534000000000759e+00
-1.393484999999999863e-02 -2.803104999999997404e-02 1.191794999999999938e+00
-1.388934999999998088e-02 -2.796255000000000268e-02 1.191824999999998802e+00
-1.425680000000000003e-02 -2.850820000000001131e-02 1.192339999999999733e+00
-1.396605000000000762e-02 -2.807485000000001230e-02 1.192050000000000942e+00
-1.318104999999999971e-02 -2.686384999999999468e-02 1.192224999999999646e+00
-1.349789999999999324e-02 -2.631844999999999324e-02 1.194524999999998727e+00
-1.455950000000000299e-02 -2.618144999999999500e-02 1.194575000000000387e+00
-1.554360000000000464e-02 -2.635014999999998886e-02 1.194024999999999892e+00
-1.673429999999999362e-02 -2.661489999999996914e-02 1.194319999999999382e+00
-1.781745000000001244e-02 -2.747420000000000417e-02 1.194140000000000867e+00
-1.817550000000001109e-02 -2.824425000000002628e-02 1.194005000000000649e+00
-1.928019999999999734e-02 -2.712690000000000934e-02 1.195069999999999411e+00
-2.006704999999997519e-02 -2.585529999999996997e-02 1.197419999999999263e+00
-2.022365000000000967e-02 -2.479014999999995528e-02 1.197010000000000574e+00
-2.098240000000001215e-02 -2.474144999999999817e-02 1.193310000000000315e+00
-2.173884999999997625e-02 -2.607799999999999008e-02 1.195410000000000750e+00
-2.325125000000000108e-02 -2.661065000000006897e-02 1.201814999999999856e+00
-2.418854999999997535e-02 -2.726655000000005602e-02 1.196149999999999380e+00
-2.449099999999998500e-02 -2.797354999999995817e-02 1.191435000000002020e+00
-2.508284999999998988e-02 -2.750944999999999085e-02 1.196159999999999002e+00
-2.600379999999999359e-02 -2.709409999999995433e-02 1.197239999999997195e+00
-2.646110000000001516e-02 -2.759764999999997359e-02 1.197169999999999845e+00
-2.687810000000007138e-02 -2.716435000000005928e-02 1.198105000000001752e+00
-2.771455000000005997e-02 -2.669535000000006209e-02 1.197770000000002000e+00
-2.808499999999997110e-02 -2.650865000000002247e-02 1.196609999999999729e+00
-2.874884999999999247e-02 -2.538649999999997853e-02 1.196739999999998361e+00
-3.069204999999997074e-02 -2.364165000000001404e-02 1.198460000000000747e+00
-3.009665000000000257e-02 -2.136689999999996648e-02 1.199854999999999450e+00
-2.685575000000001156e-02 -1.851599999999997692e-02 1.200244999999998896e+00
-2.429284999999997696e-02 -1.542100000000001803e-02 1.202930000000002053e+00
-2.164645000000003927e-02 -1.332400000000000251e-02 1.204210000000003333e+00
-1.877750000000000252e-02 -1.132149999999998435e-02 1.200994999999998925e+00
-1.763489999999995339e-02 -1.061149999999999594e-02 1.200014999999996945e+00
-1.873049999999992776e-02 -1.221800000000006214e-02 1.201175000000002768e+00
-1.754405000000008874e-02 -1.366000000000000547e-02 1.203340000000000742e+00
-1.670500000000002538e-02 -1.479849999999993670e-02 1.204684999999997785e+00
-1.824094999999986699e-02 -1.525849999999995266e-02 1.204509999999995529e+00
-2.017895000000008432e-02 -1.640200000000002767e-02 1.206284999999997609e+00
-2.217740000000001377e-02 -1.625149999999997430e-02 1.206175000000001774e+00
-2.410255000000000036e-02 -1.479550000000007248e-02 1.205400000000000915e+00
-2.525000000000005018e-02 -1.497250000000005521e-02 1.204735000000002998e+00
-2.484499999999995046e-02 -1.552100000000000701e-02 1.203530000000004208e+00
-2.357399999999998386e-02 -1.594149999999994183e-02 1.202689999999996928e+00
-2.367350000000001398e-02 -1.519049999999988465e-02 1.200959999999994920e+00
-2.466500000000004800e-02 -1.480900000000007211e-02 1.201464999999998895e+00
-2.553249999999995801e-02 -1.470550000000003799e-02 1.200029999999998154e+00
-2.724349999999986505e-02 -1.341049999999999187e-02 1.195335000000000036e+00
-2.869599999999994377e-02 -1.415250000000001229e-02 1.193829999999998392e+00
-2.881800000000012130e-02 -1.537800000000000278e-02 1.192545000000002631e+00
-2.814800000000006186e-02 -1.501949999999996344e-02 1.190365000000007001e+00
-2.662549999999996864e-02 -1.553249999999994913e-02 1.188015000000000043e+00
-2.480599999999999472e-02 -1.600699999999999346e-02 1.185744999999997162e+00
-2.084249999999998604e-02 -1.719100000000006734e-02 1.181674999999998477e+00
-1.364999999999993996e-02 -1.802250000000005237e-02 1.176650000000002194e+00
-1.033400000000006536e-02 -1.847999999999994092e-02 1.175380000000004088e+00
-8.906000000000080519e-03 -2.064099999999990942e-02 1.176904999999997870e+00
-5.010999999999987686e-03 -2.072450000000003456e-02 1.176065000000001248e+00
-2.170000000000005258e-03 -1.851450000000010032e-02 1.169969999999999288e+00
2.645500000000078344e-03 -1.878099999999993663e-02 1.165349999999996555e+00
9.212499999999956835e-03 -2.224300000000001276e-02 1.161735000000000184e+00
1.319149999999991163e-02 -2.468800000000004324e-02 1.159159999999999968e+00
1.543600000000000527e-02 -2.513750000000003482e-02 1.159475000000000477e+00
1.807350000000007562e-02 -2.480099999999996196e-02 1.156845000000004120e+00
2.293100000000003469e-02 -2.504299999999992643e-02 1.153435000000001764e+00
2.822500000000005560e-02 -2.554450000000008103e-02 1.151109999999995637e+00
3.219299999999991613e-02 -2.624500000000007383e-02 1.149805000000000632e+00
3.627149999999990104e-02 -2.712799999999992995e-02 1.151595000000000368e+00
4.049750000000007510e-02 -2.646149999999991564e-02 1.153925000000000978e+00
4.405650000000005395e-02 -2.511550000000006833e-02 1.155290000000000816e+00
4.781550000000001077e-02 -2.449249999999991712e-02 1.155664999999999054e+00
5.102449999999997265e-02 -2.444650000000003764e-02 1.154125000000000512e+00
5.428959999999993791e-02 -2.490000000000003322e-02 1.155274999999996055e+00
5.648145000000004412e-02 -2.618649999999989042e-02 1.158419999999999561e+00
5.774725000000002773e-02 -2.838600000000002233e-02 1.163255000000006589e+00
5.882309999999990602e-02 -3.027049999999997798e-02 1.170940000000001646e+00
5.825669999999999460e-02 -3.069300000000008133e-02 1.177509999999998058e+00
5.781935000000004710e-02 -3.031800000000006712e-02 1.182349999999999568e+00
5.748020000000003682e-02 -2.992300000000003291e-02 1.187649999999997874e+00
5.498494999999997690e-02 -2.901249999999999662e-02 1.194549999999999557e+00
5.112215000000000509e-02 -2.843199999999979077e-02 1.198599999999999000e+00
4.618560000000002108e-02 -2.858199999999988528e-02 1.201999999999998181e+00
4.160980000000000234e-02 -2.863050000000000317e-02 1.205700000000000216e+00
3.815090000000001536e-02 -2.928550000000007536e-02 1.209850000000002979e+00
3.328965000000000396e-02 -2.933250000000020563e-02 1.214350000000003149e+00
2.820174999999999765e-02 -2.827449999999998020e-02 1.216049999999995634e+00
2.237454999999999306e-02 -2.723999999999993094e-02 1.217599999999997351e+00
1.555974999999999719e-02 -2.720100000000003071e-02 1.219549999999998136e+00
9.853749999999980580e-03 -2.834249999999993719e-02 1.221750000000000114e+00
4.490599999999969616e-03 -2.988550000000000928e-02 1.224400000000002819e+00
-1.610699999999992693e-03 -3.058549999999993219e-02 1.226950000000002206e+00
-6.936449999999982907e-03 -3.028650000000010500e-02 1.229900000000000659e+00
-9.469349999999973622e-03 -2.971150000000011282e-02 1.230699999999998795e+00
-1.161745000000000139e-02 -2.824349999999986593e-02 1.235500000000001819e+00
-1.366995000000001403e-02 -2.703799999999989545e-02 1.240800000000000125e+00
-1.366830000000002210e-02 -2.714199999999999946e-02 1.240850000000001785e+00
-1.662175000000001845e-02 -2.505750000000017685e-02 1.243650000000002365e+00
-1.953024999999999900e-02 -2.218500000000012129e-02 1.248049999999999216e+00
-1.819454999999997602e-02 -1.983999999999985775e-02 1.249849999999995021e+00
-1.718320000000000958e-02 -1.741799999999993354e-02 1.249949999999998340e+00
-1.567034999999999956e-02 -1.743749999999999467e-02 1.252849999999995134e+00
-1.359009999999996610e-02 -1.834150000000001057e-02 1.256699999999995043e+00
-1.441405000000001158e-02 -1.759350000000003966e-02 1.260150000000010095e+00
-1.614475000000001326e-02 -1.566599999999995774e-02 1.262900000000001910e+00
-1.525680000000001479e-02 -1.434950000000001502e-02 1.263350000000002638e+00
-1.357174999999996579e-02 -1.492599999999999483e-02 1.265100000000003888e+00
-1.408514999999996298e-02 -1.657850000000005153e-02 1.267099999999999227e+00
-1.687969999999999748e-02 -1.766200000000006654e-02 1.270550000000000068e+00
-1.894689999999998875e-02 -1.746049999999987890e-02 1.274599999999992406e+00
-2.042120000000005597e-02 -1.640899999999989589e-02 1.274799999999999045e+00
-2.009765000000002244e-02 -1.569750000000014190e-02 1.273499999999998522e+00
-1.822484999999995914e-02 -1.561000000000012378e-02 1.271950000000003911e+00
-1.803894999999999804e-02 -1.765050000000001340e-02 1.270499999999998408e+00
-1.673090000000004851e-02 -2.175499999999996881e-02 1.268499999999988859e+00
-1.608845000000003189e-02 -2.485849999999989457e-02 1.266500000000007731e+00
-1.643695000000000572e-02 -2.809649999999996872e-02 1.265650000000007935e+00
-1.544239999999996726e-02 -3.210500000000005016e-02 1.264600000000001501e+00
-1.623094999999991073e-02 -3.232999999999996987e-02 1.266199999999997772e+00
-1.744440000000002655e-02 -3.057849999999984192e-02 1.266049999999992792e+00
-1.828515000000002777e-02 -2.895099999999994900e-02 1.264250000000004093e+00
-1.852815000000002099e-02 -2.748550000000005156e-02 1.264300000000005753e+00
-1.832945000000002489e-02 -2.704400000000006798e-02 1.262249999999994543e+00
-1.845444999999995561e-02 -2.722800000000002996e-02 1.262649999999993611e+00
-1.919149999999997247e-02 -2.781150000000010003e-02 1.262950000000003570e+00
-2.041340000000002597e-02 -2.796050000000005475e-02 1.260950000000008231e+00
-2.124870000000000925e-02 -2.750499999999989065e-02 1.261250000000003979e+00
-2.294100000000004469e-02 -2.798100000000003362e-02 1.263099999999994338e+00
-2.329645000000002408e-02 -2.975250000000007056e-02 1.262850000000000250e+00
-2.337144999999996031e-02 -3.055249999999998245e-02 1.262000000000000455e+00
-2.415934999999996835e-02 -3.043149999999994471e-02 1.262299999999996203e+00
-2.510609999999996456e-02 -3.081149999999976963e-02 1.263549999999995066e+00
-2.616459999999998232e-02 -3.094599999999991802e-02 1.264099999999999113e+00
-2.698310000000003761e-02 -2.994800000000030771e-02 1.264650000000003160e+00
-2.803195000000002768e-02 -2.892350000000010191e-02 1.264799999999993929e+00
-2.893859999999998101e-02 -2.903849999999996712e-02 1.263800000000003365e+00
-2.942350000000004684e-02 -2.939549999999990781e-02 1.262349999999997863e+00
-2.915899999999993497e-02 -3.000349999999984973e-02 1.264049999999997453e+00
-2.888699999999999601e-02 -3.114750000000010566e-02 1.265050000000002228e+00
-2.776650000000002727e-02 -3.175850000000002282e-02 1.261400000000008959e+00
-2.622199999999996756e-02 -3.177500000000010871e-02 1.260800000000003251e+00
-2.670700000000003627e-02 -3.088399999999991152e-02 1.261499999999998067e+00
-2.821750000000000647e-02 -2.880099999999985450e-02 1.263000000000005230e+00
-2.967750000000002331e-02 -2.595700000000000784e-02 1.260599999999996612e+00
-3.105000000000002203e-02 -2.476199999999995072e-02 1.253199999999992542e+00
-3.125049999999995887e-02 -2.661350000000028970e-02 1.249449999999995953e+00
-2.977799999999997116e-02 -2.922749999999996184e-02 1.247849999999999682e+00
-2.905199999999996674e-02 -2.975149999999993078e-02 1.246650000000002478e+00
-2.921899999999999498e-02 -2.918950000000020140e-02 1.246000000000009322e+00
-2.802400000000004887e-02 -2.894599999999991624e-02 1.242050000000006094e+00
-2.621699999999993480e-02 -2.890899999999985148e-02 1.236350000000001614e+00
-2.373350000000007398e-02 -2.890750000000008590e-02 1.232349999999996726e+00
-2.154050000000007348e-02 -3.022250000000004100e-02 1.228749999999990905e+00
-1.947649999999989667e-02 -3.227400000000013591e-02 1.223599999999990473e+00
-1.794350000000000112e-02 -3.260850000000026228e-02 1.218850000000003320e+00
-1.699850000000002748e-02 -3.163149999999981254e-02 1.214950000000001751e+00
-1.595499999999994145e-02 -3.059749999999961112e-02 1.210250000000002046e+00
-1.485750000000007898e-02 -2.956450000000021561e-02 1.204599999999999227e+00
-1.317200000000007254e-02 -2.844650000000026324e-02 1.198149999999998272e+00
-1.140149999999984232e-02 -2.882899999999999352e-02 1.191300000000012460e+00
-1.006449999999992073e-02 -2.819199999999977280e-02 1.183300000000002683e+00
-9.609500000000159581e-03 -2.702599999999977243e-02 1.174599999999998090e+00
-8.138000000000089607e-03 -2.726799999999984792e-02 1.163649999999989859e+00
-7.043999999999828177e-03 -2.700600000000008549e-02 1.149850000000000705e+00
-7.271499999999875286e-03 -2.675800000000050360e-02 1.136200000000002319e+00
-8.877000000000134783e-03 -2.579099999999989734e-02 1.120750000000001023e+00
-1.104600000000011129e-02 -2.490649999999972053e-02 1.104449999999999932e+00
-1.223499999999999588e-02 -2.490149999999990982e-02 1.090599999999994907e+00
-1.252500000000000835e-02 -2.497099999999985442e-02 1.077300000000008140e+00
-1.262750000000001371e-02 -2.523300000000006094e-02 1.064849999999992747e+00
-1.325900000000002077e-02 -2.503450000000029263e-02 1.051450000000002660e+00
-1.372799999999996245e-02 -2.418500000000012307e-02 1.040400000000005321e+00
-1.589099999999998847e-02 -2.281899999999970063e-02 1.029749999999992838e+00
-1.922600000000007636e-02 -2.189299999999994029e-02 1.013000000000005230e+00
-2.211550000000006566e-02 -2.030850000000050670e-02 9.936500000000023647e-01
-2.398899999999992705e-02 -1.910749999999961091e-02 9.748999999999909960e-01
-2.570549999999982571e-02 -2.008600000000004826e-02 9.538000000000010914e-01
-2.798850000000008276e-02 -2.094800000000063278e-02 9.308000000000049567e-01
-2.973950000000002980e-02 -2.044699999999943785e-02 9.082999999999969987e-01
-3.136099999999986121e-02 -1.976349999999982288e-02 8.851999999999975444e-01
-3.412049999999999805e-02 -2.007200000000031181e-02 8.635000000000019327e-01
-3.644199999999997441e-02 -2.080750000000008981e-02 8.413000000000039336e-01
-3.837100000000004396e-02 -1.990399999999992176e-02 8.211500000000029331e-01
-3.892099999999998339e-02 -1.839749999999984453e-02 8.031000000000005912e-01
-3.668300000000002115e-02 -1.821200000000011698e-02 7.852499999999906777e-01
-3.444200000000008366e-02 -1.833300000000015473e-02 7.672999999999916554e-01
-3.287149999999994243e-02 -1.799499999999998323e-02 7.493500000000068439e-01
-3.253700000000003811e-02 -1.675199999999987810e-02 7.358000000000117780e-01
-3.182050000000002932e-02 -1.618149999999962674e-02 7.289499999999975444e-01
-3.061500000000005883e-02 -1.659999999999994813e-02 7.250499999999959755e-01
-2.987000000000006317e-02 -1.712850000000010198e-02 7.222000000000008413e-01
-2.782999999999979934e-02 -1.743799999999984252e-02 7.196500000000014552e-01
-2.551199999999997914e-02 -1.739049999999986440e-02 7.157499999999998863e-01
-2.495300000000022500e-02 -1.716750000000022425e-02 7.122499999999973852e-01
-2.379200000000003534e-02 -1.681000000000043570e-02 7.085000000000007958e-01
-2.178199999999996805e-02 -1.602650000000016561e-02 7.047500000000042064e-01
-1.902849999999989272e-02 -1.527649999999969310e-02 7.014499999999941338e-01
-1.548649999999995863e-02 -1.636399999999982313e-02 6.979999999999932925e-01
-1.316249999999996589e-02 -1.771100000000025432e-02 6.942500000000109139e-01
-1.135299999999994647e-02 -1.795750000000007063e-02 6.901000000000010459e-01
-9.375000000000133227e-03 -1.709300000000002484e-02 6.876999999999924285e-01
-8.126999999999995339e-03 -1.632400000000000517e-02 6.880500000000040473e-01
-7.029500000000021842e-03 -1.695999999999964203e-02 6.910000000000025011e-01
-5.072500000000035314e-03 -1.691699999999984882e-02 6.948000000000007503e-01
-4.520499999999927354e-03 -1.625500000000013046e-02 6.992999999999938154e-01
-3.623999999999849564e-03 -1.611900000000021649e-02 7.027499999999946567e-01
-1.729499999999939419e-03 -1.606249999999986855e-02 7.037499999999994316e-01
-5.114999999999980673e-04 -1.525050000000005568e-02 7.062499999999971578e-01
6.379999999999164118e-04 -1.437150000000020356e-02 7.114499999999992497e-01
1.442499999999791171e-03 -1.567999999999969418e-02 7.182999999999992724e-01
1.759999999999983800e-03 -1.807650000000027291e-02 7.248000000000018872e-01
9.190000000001141700e-04 -1.922099999999993258e-02 7.306999999999987949e-01
-7.399999999990747312e-05 -2.009549999999959979e-02 7.377500000000054570e-01
4.760000000001429754e-04 -2.069700000000018747e-02 7.439000000000106638e-01
3.400499999999917478e-03 -2.099399999999995714e-02 7.493000000000051841e-01
5.842499999999750671e-03 -2.016300000000015302e-02 7.567499999999967031e-01
2.963999999999966661e-03 -1.825100000000023925e-02 7.674999999999982947e-01
-2.576499999999981583e-03 -1.832549999999955048e-02 7.790499999999980218e-01
-1.127499999999947988e-03 -1.817499999999983018e-02 7.854999999999989768e-01
5.792500000000089244e-03 -1.659850000000018255e-02 7.909000000000077080e-01
7.417500000000076810e-03 -1.428450000000047737e-02 7.947999999999950660e-01
6.959499999999785302e-03 -1.457050000000004175e-02 8.005999999999886541e-01
1.052049999999993268e-02 -1.780799999999960193e-02 8.119999999999976126e-01
1.623550000000029137e-02 -2.024049999999988358e-02 8.229499999999916326e-01
2.197300000000002029e-02 -2.123249999999998749e-02 8.316000000000087766e-01
2.508149999999975677e-02 -1.963699999999990453e-02 8.358500000000219643e-01
2.503849999999996356e-02 -1.920799999999989183e-02 8.378500000000030923e-01
2.441100000000018255e-02 -2.120000000000032969e-02 8.366499999999916781e-01
2.696100000000001273e-02 -2.161249999999981242e-02 8.356499999999869033e-01
3.093299999999987726e-02 -2.106299999999983186e-02 8.379500000000064119e-01
3.258300000000002861e-02 -2.239300000000010726e-02 8.406999999999982265e-01
3.314700000000025959e-02 -2.400000000000002132e-02 8.421999999999911779e-01
3.553600000000001202e-02 -2.343500000000053873e-02 8.406999999999982265e-01
4.013049999999984685e-02 -2.199049999999980187e-02 8.412500000000022737e-01
4.553500000000010317e-02 -2.129099999999972681e-02 8.430000000000177351e-01
4.905099999999995575e-02 -2.041599999999998971e-02 8.444499999999948159e-01
5.022449999999989423e-02 -1.978100000000004854e-02 8.467499999999859028e-01
4.929649999999996535e-02 -2.078050000000031261e-02 8.473999999999932697e-01
4.816300000000006687e-02 -2.180399999999993454e-02 8.497500000000002274e-01
4.832400000000003359e-02 -2.151900000000006585e-02 8.524000000000171440e-01
4.718699999999986794e-02 -2.211650000000009442e-02 8.537499999999909051e-01
4.617550000000003596e-02 -2.306050000000015032e-02 8.545499999999890406e-01
4.412700000000002731e-02 -2.182599999999990104e-02 8.531499999999994088e-01
4.124599999999989386e-02 -2.090199999999997615e-02 8.539499999999975444e-01
4.026750000000001162e-02 -2.103900000000002990e-02 8.540500000000008640e-01
3.908800000000001162e-02 -2.166299999999976578e-02 8.516500000000064574e-01
3.754199999999996429e-02 -2.191250000000000142e-02 8.501000000000260570e-01
3.601850000000006435e-02 -2.145550000000007174e-02 8.486000000000046839e-01
3.385800000000005472e-02 -2.109750000000021330e-02 8.464999999999918145e-01
3.066350000000006570e-02 -2.038450000000002760e-02 8.419000000000096406e-01
2.581049999999995848e-02 -1.942299999999974602e-02 8.359999999999843112e-01
2.077399999999995917e-02 -1.805349999999972255e-02 8.271499999999889496e-01
1.717349999999995269e-02 -1.683000000000012264e-02 8.172000000000139153e-01
1.435149999999996151e-02 -1.641100000000017545e-02 8.069500000000005002e-01
9.904500000000093785e-03 -1.613849999999983353e-02 7.923999999999864485e-01
3.901000000000043322e-03 -1.466149999999988296e-02 7.758499999999912689e-01
-1.115500000000047010e-03 -1.365049999999978780e-02 7.586500000000171440e-01
-3.263500000000085777e-03 -1.449850000000019179e-02 7.403000000000190539e-01
-4.549999999999942979e-03 -1.556850000000009615e-02 7.194000000000073669e-01
-9.021499999999904595e-03 -1.610650000000024562e-02 6.985999999999989996e-01
-1.551200000000008128e-02 -1.616450000000035914e-02 6.782499999999913598e-01
-2.091350000000002929e-02 -1.561249999999958504e-02 6.589999999999918145e-01
-2.596599999999993358e-02 -1.597099999999995745e-02 6.442499999999995453e-01
-3.398400000000001420e-02 -1.721600000000034214e-02 6.330999999999846750e-01
-4.539199999999998791e-02 -1.652849999999972397e-02 6.195500000000038199e-01
-5.971349999999997493e-02 -1.496349999999990743e-02 6.063500000000203727e-01
-7.261050000000002225e-02 -1.387150000000003658e-02 5.890499999999860847e-01
-8.472200000000007503e-02 -1.364149999999986207e-02 5.745000000000004547e-01
-1.003079999999999528e-01 -1.340950000000029618e-02 5.656000000000176442e-01
-1.167544999999999833e-01 -1.180300000000000793e-02 5.444499999999834472e-01
-1.332720000000001681e-01 -1.032549999999998747e-02 5.303499999999985448e-01
-1.499524999999999331e-01 -1.161099999999981591e-02 5.220999999999946795e-01
-1.669184999999999697e-01 -1.380199999999964788e-02 4.949000000000012278e-01
-1.857449999999998269e-01 -1.327800000000012304e-02 4.773000000000138243e-01
-2.028360000000000163e-01 -1.133550000000038693e-02 4.569499999999777629e-01
-2.195750000000000757e-01 -8.486500000000063437e-03 4.412499999999965894e-01
-2.382625000000000437e-01 -6.519500000000011397e-03 4.405000000000143245e-01
-2.543955000000002187e-01 -6.813499999999805823e-03 4.074500000000114142e-01
-2.716929999999999623e-01 -5.889999999999506741e-03 3.902999999999963165e-01
-2.906129999999997882e-01 -4.380499999999898364e-03 3.898999999999830379e-01
-3.086814999999998310e-01 -3.342000000000400206e-03 3.491500000000087311e-01
-3.270475000000003796e-01 -4.096000000000099561e-03 3.278999999999996362e-01
-3.420010000000002215e-01 -4.184999999999661213e-03 3.038499999999828560e-01
-3.564609999999999168e-01 6.010000000000736975e-04 2.837499999999977263e-01
-3.720349999999998936e-01 3.924999999999734257e-03 2.821500000000014552e-01
-3.844075000000000131e-01 5.835999999999952337e-03 2.210000000000036380e-01
-3.972405000000001074e-01 4.344000000000125539e-03 1.856500000000096406e-01
-4.060069999999997847e-01 3.105999999999831118e-03 1.829500000000052751e-01
-4.056085000000000385e-01 7.821499999999925734e-03 1.284499999999866304e-01
-4.054114999999995916e-01 1.076100000000002055e-02 1.030000000000086402e-01
-4.080299999999992266e-01 1.166249999999990905e-02 7.905000000002360139e-02
-4.112625000000003084e-01 1.084400000000007580e-02 5.310000000000059117e-02
-4.170690000000005782e-01 1.054750000000037602e-02 5.454999999997767191e-02
-4.232205000000002215e-01 1.296649999999965885e-02 -1.650000000012141754e-03
-4.328804999999995573e-01 1.433349999999977697e-02 -2.894999999998049134e-02
-4.425479999999994973e-01 1.631600000000021922e-02 -2.734999999998422027e-02
-4.475300000000004275e-01 2.150999999999969603e-02 -8.710000000002082743e-02
-4.533250000000004221e-01 2.301300000000017221e-02 -1.176000000000101409e-01
-4.560349999999999682e-01 2.467299999999994498e-02 -1.493999999999857664e-01
-4.574749999999996319e-01 2.738299999999993517e-02 -1.806500000000141881e-01
-4.583099999999999952e-01 2.769800000000044449e-02 -1.821999999999945885e-01
-4.540050000000004360e-01 2.987899999999976686e-02 -2.449499999999886768e-01
-4.518000000000004235e-01 3.321299999999993702e-02 -2.798000000000229193e-01
-4.508049999999999002e-01 3.700549999999980244e-02 -3.104999999999904503e-01
-4.498550000000003379e-01 3.912099999999973932e-02 -3.465499999999792635e-01
-4.518250000000003652e-01 3.811850000000038818e-02 -3.601500000000044110e-01
-4.530300000000000438e-01 3.906200000000037420e-02 -4.105000000000131877e-01
-4.540500000000005087e-01 4.129700000000013915e-02 -4.418500000000165073e-01
-4.507349999999989976e-01 4.426399999999963697e-02 -4.793999999999982720e-01
-4.398299999999988330e-01 4.659699999999977749e-02 -5.206499999999891770e-01
-4.258850000000009572e-01 4.553900000000021819e-02 -5.585000000000093223e-01
-4.126300000000000523e-01 4.611900000000002109e-02 -5.961000000000069576e-01
-4.005099999999988114e-01 4.803449999999997999e-02 -6.187999999999931333e-01
-3.880800000000004246e-01 4.735399999999989618e-02 -6.673999999999864485e-01
-3.742999999999998550e-01 4.346699999999970032e-02 -7.052500000000065938e-01
-3.542350000000009658e-01 3.892549999999994625e-02 -7.435499999999990450e-01
-3.332450000000015677e-01 3.694300000000039219e-02 -7.783999999999764441e-01
-3.158349999999980895e-01 3.787450000000003314e-02 -8.108500000000162800e-01
-2.953499999999991132e-01 3.540399999999976899e-02 -8.444500000000232376e-01
-2.681800000000009732e-01 3.336200000000033583e-02 -8.680499999999824468e-01
-2.416450000000001097e-01 3.427949999999979624e-02 -9.113999999999862212e-01
-2.148550000000000182e-01 3.273199999999976129e-02 -9.419500000000198270e-01
-1.824349999999999028e-01 3.212150000000013605e-02 -9.677499999999952252e-01
-1.525199999999991007e-01 3.338550000000006790e-02 -9.955499999999801730e-01
-1.247650000000000148e-01 3.113750000000026219e-02 -1.019550000000009504e+00
-9.521500000000138186e-02 2.746549999999992053e-02 -1.054599999999993543e+00
-6.590000000000095781e-02 2.568749999999964118e-02 -1.080950000000001410e+00
-3.827999999999853742e-02 2.561649999999993099e-02 -1.104650000000020782e+00
-9.264999999999190550e-03 2.480150000000058697e-02 -1.128950000000003229e+00
1.900999999999974932e-02 2.391100000000001558e-02 -1.151849999999996044e+00
4.373999999999966803e-02 2.355199999999957328e-02 -1.171899999999993724e+00
6.816000000000066450e-02 2.144400000000024065e-02 -1.184349999999994907e+00
8.891500000000185366e-02 1.914250000000006224e-02 -1.199099999999987176e+00
1.036699999999992627e-01 1.796099999999967167e-02 -1.215650000000010778e+00
1.128799999999987591e-01 1.816050000000002385e-02 -1.234149999999999636e+00
1.125249999999997641e-01 1.898550000000032156e-02 -1.251249999999998863e+00
1.101299999999998391e-01 2.043099999999986593e-02 -1.267549999999999955e+00
1.108149999999987756e-01 2.202649999999994890e-02 -1.284499999999979991e+00
1.091600000000010340e-01 2.215550000000021669e-02 -1.298650000000009186e+00
1.046800000000001063e-01 2.244799999999980145e-02 -1.313150000000007367e+00
9.895999999999816055e-02 2.202400000000004354e-02 -1.325600000000008549e+00
9.479000000000148418e-02 1.949500000000004007e-02 -1.330800000000010641e+00
8.941000000000087766e-02 1.870949999999993452e-02 -1.331050000000004729e+00
8.150499999999816225e-02 1.951750000000007645e-02 -1.328949999999991860e+00
7.477500000000070202e-02 2.083499999999993690e-02 -1.333699999999993224e+00
6.898500000000140631e-02 2.125149999999997874e-02 -1.339449999999999363e+00
6.227499999999963620e-02 2.116400000000018267e-02 -1.339849999999984220e+00
5.469499999999882789e-02 2.215699999999998226e-02 -1.343699999999998340e+00
4.665499999999944691e-02 2.394899999999999807e-02 -1.347800000000006548e+00
3.887000000000107036e-02 2.751600000000031798e-02 -1.350350000000005934e+00
3.204999999999991189e-02 3.081149999999999167e-02 -1.350750000000005002e+00
2.724500000000062983e-02 3.111349999999957205e-02 -1.353499999999996817e+00
2.452500000000057412e-02 2.880349999999998190e-02 -1.354349999999996612e+00
2.219999999999977547e-02 2.752050000000005880e-02 -1.355100000000007299e+00
1.947499999999990905e-02 2.765499999999976311e-02 -1.363100000000002865e+00
1.563999999999943213e-02 2.818550000000019651e-02 -1.368099999999998317e+00
1.234000000000001762e-02 3.125650000000002038e-02 -1.371250000000003411e+00
1.208500000000078956e-02 3.337149999999988736e-02 -1.373699999999999477e+00
1.173999999999963961e-02 3.262100000000023314e-02 -1.378599999999991610e+00
1.028999999999946624e-02 3.063200000000021461e-02 -1.382350000000002410e+00
1.109500000000096520e-02 2.982350000000000279e-02 -1.382649999999998158e+00
1.328499999999976922e-02 3.064149999999976615e-02 -1.386899999999997135e+00
1.542499999999868976e-02 3.132399999999968543e-02 -1.391050000000007003e+00
1.814000000000071111e-02 3.451050000000011053e-02 -1.395550000000000068e+00
2.177000000000006708e-02 3.543700000000038486e-02 -1.399450000000001637e+00
2.455499999999943839e-02 3.277499999999999858e-02 -1.400700000000000500e+00
2.552500000000001990e-02 3.078649999999960585e-02 -1.402249999999995111e+00
2.445499999999967145e-02 3.002949999999993125e-02 -1.404099999999999682e+00
2.309499999999964359e-02 3.007450000000044810e-02 -1.408400000000000318e+00
2.208500000000057639e-02 2.883499999999994401e-02 -1.414549999999991314e+00
2.205000000000012506e-02 2.802049999999978169e-02 -1.418500000000008754e+00
2.361499999999949750e-02 2.892500000000008953e-02 -1.421750000000002956e+00
2.518000000000064631e-02 2.970299999999981289e-02 -1.423799999999999955e+00
2.515999999999962711e-02 3.051299999999979029e-02 -1.427050000000008367e+00
2.508000000000087937e-02 3.192100000000031024e-02 -1.429049999999989495e+00
2.507500000000106866e-02 3.392250000000029964e-02 -1.432499999999990337e+00
2.490999999999843340e-02 3.404699999999971638e-02 -1.437950000000000728e+00
2.827999999999875058e-02 3.607649999999984480e-02 -1.440300000000007685e+00
3.086000000000055365e-02 3.857400000000010820e-02 -1.441000000000002501e+00
3.093500000000126704e-02 3.716750000000001997e-02 -1.443699999999992656e+00
3.141000000000104819e-02 3.624800000000005795e-02 -1.449049999999999727e+00
3.093499999999949068e-02 3.672849999999994175e-02 -1.452449999999998909e+00
3.125999999999962142e-02 3.751100000000007206e-02 -1.457000000000007844e+00
3.203500000000047976e-02 3.597950000000027515e-02 -1.461899999999999977e+00
3.154999999999930083e-02 3.575799999999973444e-02 -1.463200000000000500e+00
2.950999999999837087e-02 3.587449999999980932e-02 -1.463200000000000500e+00
2.786000000000043997e-02 3.423300000000017995e-02 -1.461349999999995930e+00
2.815500000000170644e-02 3.412799999999993616e-02 -1.463999999999998636e+00
2.855500000000077421e-02 3.426349999999978024e-02 -1.466449999999994702e+00
2.861999999999831346e-02 3.546399999999994002e-02 -1.462550000000007344e+00
2.737499999999926104e-02 3.710400000000024789e-02 -1.460300000000003706e+00
2.617000000000224702e-02 3.617099999999995319e-02 -1.457599999999999341e+00
2.457500000000045759e-02 3.569399999999989248e-02 -1.455749999999994770e+00
2.136999999999922295e-02 3.544550000000001866e-02 -1.454300000000003479e+00
1.882999999999945828e-02 3.338649999999998563e-02 -1.450600000000008549e+00
1.718999999999937245e-02 3.145950000000019564e-02 -1.448499999999995680e+00
1.675499999999985334e-02 3.121800000000019004e-02 -1.445199999999999818e+00
1.681999999999916895e-02 3.173349999999985904e-02 -1.442999999999997840e+00
1.543000000000027683e-02 3.235399999999977183e-02 -1.441899999999989745e+00
1.353500000000096293e-02 3.348450000000013915e-02 -1.438450000000003115e+00
1.142499999999913030e-02 3.447750000000016080e-02 -1.433850000000006730e+00
9.080000000000865157e-03 3.448899999999999189e-02 -1.428150000000002251e+00
6.214999999999193392e-03 3.431699999999993089e-02 -1.425150000000002137e+00
2.494999999999691909e-03 3.481800000000001560e-02 -1.418999999999996930e+00
-1.269999999998105977e-03 3.516450000000004295e-02 -1.410550000000000637e+00
-4.020000000000578666e-03 3.455049999999992849e-02 -1.399900000000002365e+00
-6.725000000001202238e-03 3.359399999999990172e-02 -1.386699999999990496e+00
-9.404999999999219540e-03 3.409400000000006870e-02 -1.372799999999998022e+00
-1.248999999999966803e-02 3.453750000000010978e-02 -1.354550000000003251e+00
-1.550000000000117950e-02 3.391849999999996257e-02 -1.332700000000002660e+00
-1.767499999999877502e-02 3.385649999999995607e-02 -1.312650000000004979e+00
-1.846499999999906549e-02 3.382499999999999396e-02 -1.293750000000002842e+00
-1.919000000000181672e-02 3.282099999999998907e-02 -1.271299999999996544e+00
-1.970500000000008356e-02 3.153649999999985631e-02 -1.245949999999993452e+00
-1.834500000000005571e-02 2.987150000000005079e-02 -1.221050000000005298e+00
-1.881500000000002615e-02 2.760899999999999466e-02 -1.196950000000001069e+00
-1.915999999999762338e-02 2.581750000000004874e-02 -1.172100000000000364e+00
-1.754000000000033310e-02 2.536450000000023408e-02 -1.146699999999995612e+00
-1.650500000000043599e-02 2.570950000000005176e-02 -1.121299999999990860e+00
-1.588500000000081513e-02 2.474199999999981969e-02 -1.095449999999999591e+00
-1.443500000000064176e-02 2.407549999999991641e-02 -1.066500000000004889e+00
-1.448999999999855959e-02 2.497300000000013398e-02 -1.040400000000005321e+00
-1.504000000000083048e-02 2.409299999999992004e-02 -1.015000000000000568e+00
-1.323500000000166210e-02 2.254099999999992221e-02 -9.885000000000019327e-01
-1.201499999999988688e-02 2.212049999999998739e-02 -9.625999999999947931e-01
-1.150499999999787804e-02 2.120349999999993074e-02 -9.356999999999970896e-01
-1.061999999999940769e-02 2.123350000000012727e-02 -9.114000000000004320e-01
-1.008000000000031093e-02 2.256850000000021339e-02 -8.892500000000040927e-01
-8.549999999999613465e-03 2.177849999999992292e-02 -8.702000000000111868e-01
-7.625000000000881073e-03 2.064499999999980240e-02 -8.536999999999892452e-01
-9.500000000000952127e-03 2.166099999999993031e-02 -8.382999999999896090e-01
-9.800000000000252953e-03 2.258500000000007724e-02 -8.250500000000045020e-01
-6.254999999999455440e-03 2.073100000000005494e-02 -8.099500000000006139e-01
-4.780000000000228511e-03 1.811399999999996346e-02 -7.919499999999999318e-01
-7.495000000000473506e-03 1.821099999999997721e-02 -7.751000000000090040e-01
-8.385000000000530918e-03 1.849600000000006794e-02 -7.634500000000059572e-01
-6.109999999999615738e-03 1.679350000000012777e-02 -7.549999999999954525e-01
-5.364999999999398028e-03 1.527950000000000141e-02 -7.467499999999915872e-01
-6.645000000000678142e-03 1.443449999999990574e-02 -7.383999999999986130e-01
-7.830000000000225668e-03 1.509399999999982978e-02 -7.276999999999986812e-01
-8.804999999998841531e-03 1.618799999999986916e-02 -7.177999999999968850e-01
-9.764999999998025260e-03 1.469150000000019052e-02 -7.113000000000084810e-01
-9.965000000001111857e-03 1.141650000000016263e-02 -7.064000000000021373e-01
-9.540000000001214175e-03 9.858499999999881247e-03 -7.026499999999913371e-01
-7.400000000000517275e-03 1.198899999999991639e-02 -7.000500000000045020e-01
-4.694999999999893703e-03 1.367700000000005023e-02 -6.981999999999999318e-01
-5.929999999999324700e-03 1.324300000000000477e-02 -6.965500000000020009e-01
-1.038999999999923318e-02 1.444999999999996287e-02 -6.955500000000114369e-01
-8.614999999998929070e-03 1.289600000000012958e-02 -6.918000000000006366e-01
-1.744999999999663487e-03 7.731999999999961126e-03 -6.843499999999949068e-01
-1.744999999999663487e-03 7.790999999999992376e-03 -6.813999999999964530e-01
-9.590000000001097646e-03 1.177950000000005382e-02 -6.836500000000000909e-01
-9.035000000000792397e-03 1.154049999999984255e-02 -6.910999999999916099e-01
-1.559999999999561737e-03 8.380500000000012939e-03 -7.029500000000012960e-01
-1.575000000000770228e-03 8.404500000000036941e-03 -7.156500000000036721e-01
-3.605000000000302407e-03 1.044349999999993894e-02 -7.274999999999991473e-01
-4.009999999999180886e-03 1.092750000000008992e-02 -7.367500000000006821e-01
-3.104999999999691340e-03 1.139999999999996572e-02 -7.465499999999991587e-01
1.649999999990825472e-04 1.492949999999981792e-02 -7.575000000000002842e-01
4.559999999999675424e-03 1.729250000000015497e-02 -7.728999999999999204e-01
7.255000000000677574e-03 1.638500000000009393e-02 -7.921499999999994657e-01
8.305000000000006821e-03 1.667799999999985960e-02 -8.102000000000018076e-01
9.104999999999918714e-03 1.887000000000005340e-02 -8.269500000000036266e-01
1.093000000000010630e-02 2.057250000000010459e-02 -8.417499999999975557e-01
1.338999999999934687e-02 2.227100000000004076e-02 -8.574500000000000455e-01
1.657499999999956231e-02 2.329999999999998739e-02 -8.742500000000035243e-01
2.010500000000092768e-02 2.223549999999996363e-02 -8.906500000000008299e-01
2.493500000000103967e-02 2.221050000000002189e-02 -9.097499999999953957e-01
2.962499999999934630e-02 2.189000000000007606e-02 -9.283499999999946795e-01
3.341499999999797410e-02 2.185099999999995379e-02 -9.466499999999982151e-01
3.713000000000121759e-02 2.294449999999992329e-02 -9.635000000000033538e-01
4.152500000000003411e-02 2.306650000000010081e-02 -9.777500000000003411e-01
4.820999999999919794e-02 2.343600000000001238e-02 -9.934000000000011710e-01
5.397000000000140574e-02 2.341399999999993486e-02 -1.011000000000002785e+00
5.911500000000025068e-02 2.186500000000002331e-02 -1.030049999999995691e+00
6.400999999999967827e-02 2.009550000000004388e-02 -1.047699999999998965e+00
6.714000000000019952e-02 1.937149999999998595e-02 -1.062850000000004513e+00
6.845500000000015461e-02 1.824899999999995970e-02 -1.079100000000003945e+00
6.733999999999973340e-02 1.789549999999995311e-02 -1.095900000000000318e+00
6.648999999999993804e-02 1.897550000000003401e-02 -1.117149999999995202e+00
6.826000000000043144e-02 1.925049999999994821e-02 -1.140899999999994918e+00
6.969499999999939632e-02 2.170399999999994556e-02 -1.157900000000005036e+00
7.110499999999930765e-02 2.453900000000008852e-02 -1.168550000000003308e+00
7.268499999999988859e-02 2.453400000000005576e-02 -1.182344999999997981e+00
7.373999999999902855e-02 2.354499999999992710e-02 -1.201124999999997556e+00
7.348500000000157684e-02 2.222049999999997638e-02 -1.216954999999998677e+00
7.191000000000080661e-02 2.304550000000005205e-02 -1.231600000000000250e+00
7.040999999999897341e-02 2.434849999999999515e-02 -1.247525000000003104e+00
7.052000000000013813e-02 2.465149999999993735e-02 -1.265529999999998267e+00
7.027500000000053149e-02 2.627650000000003594e-02 -1.279759999999996012e+00
6.780000000000008242e-02 2.761700000000011368e-02 -1.293604999999999450e+00
6.683499999999931163e-02 2.548319999999992813e-02 -1.309230000000006555e+00
6.322499999999919851e-02 2.345884999999992004e-02 -1.318075000000000330e+00
5.832499999999996021e-02 2.026360000000004824e-02 -1.332514999999993677e+00
5.545000000000044338e-02 1.564269999999995386e-02 -1.358310000000003015e+00
5.250000000000021316e-02 1.832460000000002420e-02 -1.379015000000002544e+00
5.063999999999957424e-02 2.573140000000007088e-02 -1.390539999999994336e+00
4.873499999999886256e-02 2.985544999999989457e-02 -1.399245000000000516e+00
4.509500000000166153e-02 2.976535000000002373e-02 -1.414985000000008597e+00
4.087499999999977263e-02 2.836995000000003264e-02 -1.434699999999999420e+00
3.732999999999897511e-02 2.796594999999996167e-02 -1.449339999999992301e+00
3.511000000000130683e-02 2.875910000000003741e-02 -1.463149999999998840e+00
3.412000000000148248e-02 2.918509999999996385e-02 -1.471715000000003215e+00
3.263000000000104706e-02 2.962109999999995580e-02 -1.474405000000004407e+00
3.025499999999858858e-02 2.993090000000003803e-02 -1.474915000000002863e+00
2.625999999999883983e-02 3.096090000000006892e-02 -1.473419999999997287e+00
2.317999999999997840e-02 3.263840000000006736e-02 -1.470255000000001644e+00
2.097499999999996589e-02 3.245909999999996298e-02 -1.468625000000002956e+00
1.916000000000117609e-02 3.178669999999989004e-02 -1.468539999999997292e+00
1.895000000000024443e-02 3.172734999999998751e-02 -1.468694999999993200e+00
1.822499999999926956e-02 3.190405000000007263e-02 -1.467195000000000249e+00
1.694499999999976581e-02 3.205085000000004736e-02 -1.463975000000001359e+00
1.556499999999871875e-02 3.167124999999998414e-02 -1.467019999999997992e+00
1.505000000000045191e-02 3.227774999999999395e-02 -1.470374999999997101e+00
1.597000000000114994e-02 3.551085000000001046e-02 -1.468750000000000000e+00
1.719500000000095952e-02 3.843274999999998776e-02 -1.464990000000003789e+00
1.890500000000017167e-02 3.826255000000000628e-02 -1.457905000000000229e+00
2.100499999999883016e-02 3.446149999999999214e-02 -1.455754999999999910e+00
2.254499999999914905e-02 3.013104999999997868e-02 -1.457225000000001103e+00
2.321000000000061902e-02 2.856194999999998874e-02 -1.455104999999999649e+00
2.311500000000066279e-02 2.948445000000000926e-02 -1.454679999999999751e+00
2.427999999999919112e-02 3.244380000000000180e-02 -1.452860000000001151e+00
2.664500000000025182e-02 3.464456499999999523e-02 -1.448779999999999291e+00
2.709499999999920306e-02 3.397907000000000011e-02 -1.442689999999998918e+00
2.644999999999875229e-02 3.127180799999999816e-02 -1.438430000000003872e+00
2.494000000000085038e-02 2.829035499999999967e-02 -1.438919999999999533e+00
2.266000000000190084e-02 2.784247700000000089e-02 -1.437594999999998180e+00
2.252000000000009550e-02 2.896638500000000074e-02 -1.436530000000001195e+00
2.378999999999820147e-02 3.021329999999999502e-02 -1.432464999999996991e+00
2.460500000000109821e-02 3.040194000000000923e-02 -1.427399999999998670e+00
2.385500000000106979e-02 2.942844999999999489e-02 -1.426215000000002675e+00
2.178999999999930992e-02 2.923094999999999166e-02 -1.422660000000000480e+00
1.933000000000006935e-02 2.865824999999999623e-02 -1.418290000000000717e+00
1.706499999999877559e-02 2.870484999999999010e-02 -1.419984999999998720e+00
1.665999999999989711e-02 2.900424999999999531e-02 -1.420114999999999128e+00
1.749500000000203670e-02 2.918954999999998079e-02 -1.413685000000000969e+00
1.896999999999948727e-02 2.976215000000001498e-02 -1.408714999999999051e+00
2.062499999999900524e-02 2.934925000000002115e-02 -1.405635000000000190e+00
2.037499999999958789e-02 2.930299999999999572e-02 -1.400890000000000413e+00
1.870000000000082707e-02 2.900340000000004026e-02 -1.394754999999999967e+00
1.681500000000113459e-02 2.871009999999998841e-02 -1.387920000000001153e+00
1.482500000000008811e-02 3.015634999999997068e-02 -1.384080000000000865e+00
1.393000000000021998e-02 3.105125000000000246e-02 -1.382064999999998989e+00
1.463999999999821000e-02 3.062760000000003258e-02 -1.377720000000000056e+00
1.609499999999997044e-02 2.929275000000003404e-02 -1.373059999999999725e+00
1.886999999999972033e-02 2.563630000000000075e-02 -1.368989999999999263e+00
2.025999999999861245e-02 2.276774999999997551e-02 -1.370390000000000441e+00
1.886000000000098709e-02 2.421504999999996022e-02 -1.371006000000000391e+00
1.617000000000157200e-02 2.720814999999998651e-02 -1.367068999999999868e+00
1.210000000000022169e-02 2.951595000000001301e-02 -1.365100499999999606e+00
8.984999999999132569e-03 3.106445000000002121e-02 -1.361796500000000076e+00
9.434999999998971987e-03 3.302670000000001993e-02 -1.361239499999999936e+00
1.182999999999978513e-02 3.413669999999996429e-02 -1.362435499999999911e+00
1.479500000000122384e-02 3.297189999999994292e-02 -1.362110500000000002e+00
1.813500000000090040e-02 3.140895000000004655e-02 -1.364987050000000091e+00
1.898499999999891941e-02 2.991935000000006672e-02 -1.369634500000000088e+00
1.782999999999912433e-02 2.891850000000001364e-02 -1.372733449999999911e+00
1.639000000000123691e-02 2.780989999999988749e-02 -1.375211499999999809e+00
1.538500000000020407e-02 2.692084999999999617e-02 -1.377901500000000334e+00
1.508999999999982577e-02 2.698220000000001173e-02 -1.381437499999999874e+00
1.598500000000058208e-02 2.742974999999991947e-02 -1.386853999999999587e+00
1.717499999999994031e-02 2.831850000000002421e-02 -1.390334500000000251e+00
1.768499999999928463e-02 2.931700000000003747e-02 -1.394592999999999972e+00
1.768999999999909534e-02 2.947299999999997144e-02 -1.396395499999999679e+00
1.676500000000036295e-02 2.966599999999997017e-02 -1.396120000000000694e+00
1.637500000000002842e-02 2.952549999999998231e-02 -1.400549999999999962e+00
1.571500000000014552e-02 2.732049999999996981e-02 -1.405839999999999534e+00
1.529000000000113602e-02 2.509100000000008546e-02 -1.406660000000000466e+00
1.571499999999925734e-02 2.190750000000007969e-02 -1.407185000000000130e+00
1.583000000000023277e-02 2.010499999999992848e-02 -1.409900000000000375e+00
1.480499999999995708e-02 1.991399999999998727e-02 -1.415210000000000079e+00
1.285499999999828447e-02 2.051000000000002821e-02 -1.420119999999998939e+00
1.192499999999974136e-02 2.213450000000005691e-02 -1.420555000000000234e+00
1.377500000000075886e-02 2.119900000000007889e-02 -1.421720000000000539e+00
1.635000000000008669e-02 1.959650000000001668e-02 -1.421469999999999345e+00
1.813000000000020151e-02 1.937299999999997357e-02 -1.423764999999999503e+00
1.827500000000004121e-02 2.108799999999999564e-02 -1.429924999999999002e+00
1.630500000000001393e-02 2.465899999999998649e-02 -1.428865000000001828e+00
1.452000000000008839e-02 2.532149999999999679e-02 -1.424150000000000915e+00
1.406999999999936080e-02 2.315650000000002429e-02 -1.423450000000000770e+00
1.555000000000017479e-02 2.257399999999998297e-02 -1.424174999999998192e+00
1.619000000000081485e-02 2.292399999999994442e-02 -1.422794999999997145e+00
1.625999999999994117e-02 2.360699999999993359e-02 -1.418845000000001022e+00
1.710000000000011511e-02 2.547800000000000065e-02 -1.416714999999999947e+00
1.741499999999973625e-02 2.714850000000001984e-02 -1.415855000000000530e+00
1.711499999999954724e-02 2.681500000000003325e-02 -1.411790000000003431e+00
1.702000000000136737e-02 2.451949999999991636e-02 -1.405384999999998996e+00
1.773000000000024556e-02 2.121849999999991798e-02 -1.403909999999996217e+00
1.869999999999993889e-02 2.003600000000005377e-02 -1.406650000000002620e+00
1.994499999999987949e-02 2.192850000000001742e-02 -1.406784999999999286e+00
2.033999999999913655e-02 2.376049999999996221e-02 -1.404325000000000045e+00
2.006999999999958817e-02 2.482150000000005186e-02 -1.402260000000001838e+00
2.019500000000018503e-02 2.545950000000019031e-02 -1.403059999999996421e+00
1.973500000000072419e-02 2.535349999999991777e-02 -1.399720000000002074e+00
1.952499999999979252e-02 2.547249999999978698e-02 -1.398390000000002686e+00
1.901999999999937074e-02 2.451700000000001101e-02 -1.402089999999994063e+00
1.680499999999973681e-02 2.312300000000011568e-02 -1.400954999999999728e+00
1.468500000000094730e-02 2.239250000000014840e-02 -1.399285000000006107e+00
1.356499999999982720e-02 2.165499999999997982e-02 -1.398975000000000080e+00
1.390999999999920078e-02 2.089099999999999291e-02 -1.400399999999997647e+00
1.448000000000071452e-02 2.037600000000006073e-02 -1.400699999999996948e+00
1.444000000000045247e-02 2.035599999999992971e-02 -1.399625000000003894e+00
1.339999999999985647e-02 2.080049999999988852e-02 -1.397885000000002265e+00
1.098499999999980048e-02 2.106849999999993450e-02 -1.394019999999997594e+00
9.090000000000486580e-03 1.984150000000006742e-02 -1.394044999999998424e+00
8.440000000000225100e-03 1.746150000000001867e-02 -1.392240000000001032e+00
9.325000000000471800e-03 1.578849999999998310e-02 -1.386885000000006585e+00
1.034999999999985931e-02 1.486050000000016524e-02 -1.386004999999997267e+00
1.060999999999889809e-02 1.395600000000007945e-02 -1.383924999999997851e+00
1.149500000000003297e-02 1.473649999999993021e-02 -1.380575000000000330e+00
1.319000000000070116e-02 1.636849999999978600e-02 -1.375109999999999388e+00
1.625500000000013046e-02 1.663449999999988549e-02 -1.368414999999998827e+00
1.873999999999931276e-02 1.386700000000007371e-02 -1.363569999999995730e+00
1.937999999999906464e-02 1.054650000000001420e-02 -1.362015000000006637e+00
1.901000000000063750e-02 1.159850000000006709e-02 -1.363465000000005034e+00
1.745000000000018758e-02 1.579649999999999110e-02 -1.358834999999992021e+00
1.655499999999854310e-02 1.823600000000014099e-02 -1.351739999999999498e+00
1.639999999999997016e-02 1.806700000000005524e-02 -1.345890000000004250e+00
1.709500000000119257e-02 1.575099999999984846e-02 -1.343195000000001471e+00
1.764999999999972147e-02 1.417500000000004867e-02 -1.340640000000000498e+00
1.739500000000049340e-02 1.439349999999994800e-02 -1.335359999999994329e+00
1.615500000000036351e-02 1.496699999999995256e-02 -1.334354999999995073e+00
1.421499999999920050e-02 1.517500000000016058e-02 -1.329635000000003231e+00
1.314000000000081769e-02 1.548850000000001614e-02 -1.323820000000004882e+00
1.186500000000023647e-02 1.634549999999990177e-02 -1.322559999999995739e+00
1.097500000000017906e-02 1.596500000000000696e-02 -1.319524999999998727e+00
1.000000000000067502e-02 1.682500000000008988e-02 -1.315545000000000186e+00
8.744999999999336637e-03 1.852000000000009194e-02 -1.310195000000000221e+00
7.634999999998726139e-03 1.827399999999990143e-02 -1.306850000000004286e+00
7.220000000000226237e-03 1.789749999999989960e-02 -1.304400000000001114e+00
6.080000000000751470e-03 1.798600000000005750e-02 -1.300849999999996953e+00
4.925000000000068212e-03 1.781950000000009915e-02 -1.296599999999997976e+00
4.469999999999529905e-03 1.729300000000000281e-02 -1.290400000000005321e+00
3.004999999999924398e-03 1.617749999999995580e-02 -1.288550000000000750e+00
1.685000000000158593e-03 1.621849999999991354e-02 -1.286549999999998306e+00
1.344999999999707541e-03 1.651350000000006979e-02 -1.283099999999997465e+00
1.250000000000639488e-03 1.738349999999999618e-02 -1.279749999999999943e+00
2.010000000000289333e-03 1.834199999999985842e-02 -1.274000000000000909e+00
2.594999999999458851e-03 1.754549999999999166e-02 -1.271149999999998670e+00
1.864999999999561453e-03 1.691400000000009562e-02 -1.267000000000003013e+00
1.889999999999503189e-03 1.683250000000002800e-02 -1.260699999999999932e+00
2.480000000000259774e-03 1.679549999999996324e-02 -1.256349999999997635e+00
2.995000000001191154e-03 1.737400000000000055e-02 -1.252150000000000318e+00
3.589999999999982094e-03 1.805900000000004724e-02 -1.245150000000002422e+00
3.444999999999254214e-03 1.714199999999999058e-02 -1.235750000000003013e+00
2.559999999999895692e-03 1.600099999999993194e-02 -1.226499999999994373e+00
2.064999999999983515e-03 1.578100000000004499e-02 -1.218299999999999272e+00
1.120000000000231921e-03 1.594399999999995821e-02 -1.210000000000000853e+00
1.449999999989515231e-04 1.665899999999997938e-02 -1.201850000000000307e+00
-1.439999999999663771e-03 1.679699999999995086e-02 -1.191650000000002763e+00
-3.809999999998758824e-03 1.635399999999997966e-02 -1.180050000000001376e+00
-5.575000000000329692e-03 1.588850000000019413e-02 -1.169250000000005230e+00
-6.410000000000692921e-03 1.558100000000006702e-02 -1.158400000000000318e+00
-6.274999999999586464e-03 1.541349999999996889e-02 -1.145349999999993429e+00
-7.189999999999585611e-03 1.578799999999991321e-02 -1.127649999999988495e+00
-9.129999999999860449e-03 1.560600000000000875e-02 -1.107200000000005957e+00
-6.424999999999236877e-03 1.644950000000000578e-02 -1.088400000000007140e+00
-4.595000000000126761e-03 1.686599999999982558e-02 -1.070099999999996498e+00
-6.140000000001144542e-03 1.677250000000007901e-02 -1.046350000000003888e+00
-6.165000000001086278e-03 1.790750000000018716e-02 -1.020749999999992497e+00
-7.550000000000167688e-03 1.640899999999989589e-02 -9.946999999999945885e-01
-1.010500000000025267e-02 1.424899999999995615e-02 -9.677000000000077762e-01
-1.192999999999866390e-02 1.362750000000012562e-02 -9.399499999999960664e-01
-1.178999999999952308e-02 1.337449999999984485e-02 -9.105500000000006366e-01
-1.029500000000105331e-02 1.302899999999995728e-02 -8.824500000000057298e-01
-7.424999999999570832e-03 1.235100000000000087e-02 -8.513999999999981583e-01
-3.750000000000142109e-04 1.140950000000007236e-02 -8.211000000000012733e-01
1.286499999999968225e-02 1.044350000000004997e-02 -7.947499999999934062e-01
3.210499999999960608e-02 8.151999999999937074e-03 -7.679499999999990223e-01
5.470500000000022567e-02 6.756000000000206285e-03 -7.400000000000090949e-01
7.763500000000078671e-02 7.039000000000017465e-03 -7.133999999999929287e-01
9.806999999999899131e-02 4.861999999999699895e-03 -6.850999999999913825e-01
1.175449999999997885e-01 8.660000000000334097e-04 -6.495000000000032969e-01
1.394500000000000739e-01 2.500000000000834888e-04 -6.193999999999988404e-01
1.638600000000005608e-01 1.501499999999822421e-03 -5.956000000000045702e-01
1.898499999999998522e-01 -1.376499999999891699e-03 -5.584500000000076625e-01
2.139699999999997715e-01 -7.033999999999984709e-03 -5.303499999999985448e-01
2.365050000000010755e-01 -1.285850000000010596e-02 -4.998999999999966803e-01
2.630549999999995947e-01 -1.497499999999996056e-02 -4.735500000000030241e-01
2.915900000000002379e-01 -1.429799999999992188e-02 -4.620500000000049567e-01
3.179499999999997328e-01 -1.576250000000012363e-02 -4.215999999999979764e-01
3.419650000000000745e-01 -1.967050000000014620e-02 -3.960500000000024556e-01
3.649900000000005917e-01 -2.300849999999976525e-02 -3.828000000000031378e-01
3.875750000000000028e-01 -2.286949999999987604e-02 -3.322999999999893816e-01
4.077400000000004354e-01 -2.138950000000017226e-02 -2.986499999999949750e-01
4.261299999999996757e-01 -2.281050000000006683e-02 -2.627000000000094815e-01
4.403199999999989345e-01 -2.683799999999991748e-02 -2.262500000000073896e-01
4.493835000000006019e-01 -2.848849999999991667e-02 -2.107000000000027740e-01
4.570685000000009879e-01 -2.850799999999997780e-02 -1.616499999999945203e-01
4.625439999999994001e-01 -2.867400000000008831e-02 -1.305499999999994998e-01
4.659454999999992353e-01 -3.012349999999996975e-02 -1.145999999999958163e-01
4.713115000000001054e-01 -3.227549999999990149e-02 -6.209999999998672138e-02
4.764720000000002287e-01 -3.257850000000006574e-02 -2.760000000000673026e-02
4.826224999999997323e-01 -2.883799999999991925e-02 6.049999999987676347e-03
4.891490000000002780e-01 -2.453649999999996112e-02 3.660000000000707132e-02
4.914649999999998187e-01 -2.490600000000009473e-02 5.330000000000723048e-02
4.906215000000000437e-01 -2.398150000000009996e-02 1.117500000000006821e-01
4.861130000000004614e-01 -2.291750000000014609e-02 1.502499999999997726e-01
4.782439999999996694e-01 -2.018049999999993460e-02 1.845999999999889951e-01
4.703374999999998529e-01 -1.347799999999987897e-02 2.180500000000051841e-01
4.650425000000000253e-01 -9.056499999999800821e-03 2.351500000000044110e-01
4.579590000000000050e-01 -5.851999999999968338e-03 2.934499999999928832e-01
4.473860000000000614e-01 -6.108000000000224361e-03 3.317499999999995453e-01
4.322274999999999867e-01 -1.016349999999999199e-02 3.684999999999973852e-01
4.133464999999999501e-01 -1.140099999999977243e-02 4.055500000000051841e-01
3.947379999999999223e-01 -8.642000000000038540e-03 4.219000000000079353e-01
3.777604000000000517e-01 -6.385000000000085052e-03 4.693000000000040473e-01
3.587046500000001248e-01 -7.139500000000076341e-03 5.037999999999982492e-01
3.361107999999999874e-01 -9.937000000000084654e-03 5.401499999999970214e-01
3.066924349999999300e-01 -1.095499999999982599e-02 5.744499999999987949e-01
2.748092999999999786e-01 -1.042199999999993132e-02 5.904499999999899273e-01
2.450241150000000145e-01 -1.187150000000003480e-02 6.334999999999979536e-01
2.125000500000000236e-01 -1.206900000000010742e-02 6.650000000000062528e-01
1.802784999999999527e-01 -1.126900000000019553e-02 6.893000000000029104e-01
1.498839499999999325e-01 -9.629499999999957538e-03 7.185999999999950205e-01
1.251583000000000556e-01 -8.598999999999801247e-03 7.448499999999995680e-01
1.084020000000001094e-01 -9.738999999999942148e-03 7.728500000000053660e-01
9.263349999999992423e-02 -1.075100000000017708e-02 7.939499999999952706e-01
7.130799999999992700e-02 -1.199050000000001504e-02 8.200499999999948386e-01
4.814200000000001811e-02 -1.250399999999984857e-02 8.432999999999992724e-01
2.789050000000004026e-02 -1.340399999999997149e-02 8.645000000000067075e-01
1.244750000000005574e-02 -1.346500000000006025e-02 8.853000000000008640e-01
2.643499999999909811e-03 -1.337450000000006689e-02 9.055000000000035243e-01
8.219999999999894058e-04 -1.450850000000003526e-02 9.261500000000069122e-01
5.614500000000077762e-03 -1.560800000000006627e-02 9.471999999999951569e-01
9.013000000000048750e-03 -1.540699999999994851e-02 9.677499999999952252e-01
9.699499999999972033e-03 -1.397999999999988141e-02 9.870999999999980901e-01
7.748499999999935994e-03 -1.306850000000014944e-02 1.005449999999996180e+00
3.024000000000026667e-03 -1.328550000000006115e-02 1.022300000000001319e+00
-1.704999999999623483e-04 -1.416449999999969123e-02 1.041300000000006776e+00
-1.042499999999946247e-03 -1.498249999999989868e-02 1.060850000000002069e+00
-1.437000000000021593e-03 -1.477400000000006486e-02 1.078549999999992792e+00
-2.384500000000011610e-03 -1.528649999999998066e-02 1.095749999999995339e+00
-4.988500000000062329e-03 -1.583350000000005586e-02 1.112900000000010436e+00
-8.090000000000041602e-03 -1.574300000000006250e-02 1.130350000000007071e+00
-1.081299999999996153e-02 -1.666049999999996700e-02 1.147449999999992087e+00
-1.196850000000004854e-02 -1.775000000000015454e-02 1.161599999999992860e+00
-1.115150000000009189e-02 -1.869950000000009105e-02 1.177900000000001057e+00
-1.085999999999998078e-02 -1.950249999999975614e-02 1.195700000000002206e+00
-1.066149999999987941e-02 -2.053400000000005221e-02 1.211449999999999250e+00
-9.341500000000002579e-03 -2.188050000000019146e-02 1.225300000000004275e+00
-6.610499999999963627e-03 -2.414249999999995566e-02 1.236850000000004002e+00
-3.829500000000041204e-03 -2.656699999999989625e-02 1.251449999999998397e+00
-2.889500000000100322e-03 -2.855350000000000943e-02 1.270399999999995089e+00
-2.306499999999878092e-03 -2.985800000000005117e-02 1.287149999999996908e+00
-2.367999999999925720e-03 -3.150850000000005036e-02 1.301300000000004786e+00
-4.518000000000133021e-03 -3.248549999999994498e-02 1.314050000000001717e+00
-8.816999999999963755e-03 -3.203499999999981362e-02 1.326650000000000773e+00
-1.352249999999988184e-02 -3.226750000000011553e-02 1.344299999999996942e+00
-1.661500000000004640e-02 -3.297600000000000531e-02 1.361199999999996635e+00
-1.956900000000005857e-02 -3.358200000000000074e-02 1.373850000000004457e+00
-2.175400000000005107e-02 -3.289350000000013097e-02 1.386150000000000659e+00
-2.286100000000002019e-02 -3.221599999999991137e-02 1.400849999999998374e+00
-2.433699999999994201e-02 -3.340749999999992337e-02 1.416199999999996351e+00
-2.728399999999997494e-02 -3.529950000000003918e-02 1.429499999999997328e+00
-2.870200000000000529e-02 -3.580250000000007038e-02 1.444600000000001216e+00
-3.009200000000000763e-02 -3.473749999999997673e-02 1.462250000000004491e+00
-3.003800000000000914e-02 -3.338350000000001039e-02 1.474795000000000300e+00
-2.726600000000001245e-02 -2.984700000000006792e-02 1.490794999999998538e+00
-2.643099999999998229e-02 -2.629999999999999005e-02 1.506700000000002149e+00
-2.628050000000003994e-02 -2.273199999999997445e-02 1.511859999999998649e+00
-2.635300000000007081e-02 -1.800349999999995010e-02 1.512139999999995155e+00
-2.691699999999996873e-02 -1.463449999999999473e-02 1.510015000000002772e+00
-2.591699999999996784e-02 -1.310050000000007042e-02 1.507670000000004507e+00
-2.375029999999994645e-02 -1.401149999999995455e-02 1.504514999999997826e+00
-2.236784999999996693e-02 -1.599949999999994432e-02 1.504595000000001903e+00
-2.125310000000002475e-02 -1.754650000000002041e-02 1.502994999999998527e+00
-2.022569999999995760e-02 -1.681300000000007788e-02 1.506270000000000664e+00
-1.784639999999998450e-02 -1.503549999999997944e-02 1.508870000000001710e+00
-1.579679999999999973e-02 -1.506849999999992917e-02 1.504409999999992920e+00
-1.570074999999998555e-02 -1.670300000000002338e-02 1.503549999999997056e+00
-1.488970000000011673e-02 -1.649800000000001265e-02 1.502970000000004802e+00
-1.323685000000002221e-02 -1.343749999999999112e-02 1.503979999999998540e+00
-1.237519999999997511e-02 -1.026749999999998497e-02 1.503799999999998249e+00
-1.262885000000002478e-02 -9.293499999999954575e-03 1.499040000000007922e+00
-1.422234999999993921e-02 -1.114150000000002638e-02 1.494320000000001869e+00
-1.818074999999996777e-02 -1.438450000000002227e-02 1.490179999999995175e+00
-1.996780000000003552e-02 -1.629950000000002230e-02 1.490380000000001814e+00
-1.935645000000002502e-02 -1.614150000000003082e-02 1.492340000000005773e+00
-1.714009999999999145e-02 -1.620049999999995105e-02 1.486744999999999095e+00
-1.530579999999998053e-02 -1.610649999999991255e-02 1.483084999999995546e+00
-1.651110000000000078e-02 -1.563700000000001200e-02 1.481799999999999784e+00
-1.792745000000001143e-02 -1.431000000000004491e-02 1.479895000000002625e+00
-2.035124999999998741e-02 -1.569799999999998974e-02 1.474970000000002557e+00
-2.263599999999998946e-02 -1.825150000000008710e-02 1.470949999999998425e+00
-2.568695000000004169e-02 -1.677849999999991848e-02 1.473974999999999369e+00
-2.819245000000003554e-02 -1.260899999999998133e-02 1.471429999999998017e+00
-3.013309999999996824e-02 -9.983100000000078023e-03 1.464800000000000324e+00
-3.320429999999999215e-02 -1.053745000000000376e-02 1.461960000000001259e+00
-3.463335000000003494e-02 -1.237560000000004212e-02 1.459739999999996485e+00
-3.358419999999998073e-02 -1.441139999999996313e-02 1.456904999999999006e+00
-3.163909999999997558e-02 -1.588234999999993402e-02 1.454570000000000363e+00
-3.068814999999999737e-02 -1.642820000000000391e-02 1.452449999999998909e+00
-2.964305000000000412e-02 -1.610939999999999594e-02 1.450489999999998503e+00
-2.756600000000000716e-02 -1.594770000000000909e-02 1.446190000000001419e+00
-2.646970000000001266e-02 -1.574910000000001586e-02 1.444649999999999324e+00
-2.632969999999998367e-02 -1.583850000000003311e-02 1.444515000000002658e+00
-2.625494999999998524e-02 -1.593015000000003178e-02 1.440975000000001671e+00
-2.570200000000000262e-02 -1.705399999999995808e-02 1.437019999999996855e+00
-2.515925000000000800e-02 -1.863680000000000891e-02 1.434605000000001240e+00
-2.462205000000000643e-02 -1.940734999999998989e-02 1.433720000000000994e+00
-2.256519999999999360e-02 -1.902494999999998493e-02 1.432075000000001097e+00
-2.017535000000000162e-02 -1.714124999999999677e-02 1.429520000000000124e+00
-1.760408000000000112e-02 -1.650104999999996158e-02 1.424924999999998221e+00
-1.427269999999999928e-02 -1.766770000000000840e-02 1.421024999999998428e+00
-1.261000000000000315e-02 -1.859280000000002042e-02 1.418215000000000003e+00
-1.210157499999999636e-02 -1.914830000000000698e-02 1.419015000000003468e+00
-9.836065000000001474e-03 -1.970250000000001167e-02 1.414925000000000210e+00
-8.361620000000000164e-03 -2.283419999999997119e-02 1.406269999999997466e+00
-7.679749999999999077e-03 -2.825954999999996664e-02 1.403894999999998561e+00
-5.786880000000001190e-03 -3.377790000000002735e-02 1.402490000000000236e+00
-3.975164999999999255e-03 -3.630835000000004475e-02 1.399630000000001928e+00
-2.815645000000000300e-03 -3.531809999999999117e-02 1.397389999999999688e+00
-2.048785000000000883e-03 -3.354174999999998130e-02 1.395184999999997899e+00
-1.268470000000000708e-03 -3.174255000000003601e-02 1.388760000000001327e+00
-8.079799999999998095e-04 -3.185950000000001281e-02 1.383835000000001259e+00
-1.286264999999999978e-03 -3.212314999999998921e-02 1.381159999999999499e+00
-4.132229999999999757e-03 -3.218484999999998708e-02 1.377609999999999779e+00
-6.316005499999999273e-03 -3.270200000000000884e-02 1.374540500000000165e+00
-7.908727949999999618e-03 -3.138289999999999136e-02 1.371116500000000293e+00
-9.370678500000000077e-03 -3.007669999999997013e-02 1.370305000000000106e+00
-9.954067049999999403e-03 -3.039390000000001535e-02 1.368552499999999394e+00
-1.067796099999999970e-02 -3.008165000000001532e-02 1.365421499999999622e+00
-1.196377000000000031e-02 -3.174944999999999851e-02 1.364758499999999986e+00
-1.337793500000000052e-02 -3.390845000000000664e-02 1.363495499999999971e+00
-1.426255000000000231e-02 -3.458181999999999229e-02 1.363907345000000104e+00
-1.537266999999999800e-02 -3.378315999999999264e-02 1.362856999999999985e+00
-1.513667999999999264e-02 -3.319888000000000006e-02 1.359852654999999855e+00
-1.446094500000000282e-02 -3.303340999999999916e-02 1.359308500000000031e+00
-1.435600000000001458e-02 -3.261714999999999753e-02 1.357547000000000059e+00
-1.415915000000000229e-02 -3.397867000000000248e-02 1.358189499999999494e+00
-1.414709999999999579e-02 -3.435470000000000190e-02 1.357868000000000741e+00
-1.460609999999999686e-02 -3.325835999999998682e-02 1.355739999999999945e+00
-1.621590000000000531e-02 -3.243499999999999855e-02 1.355617499999999254e+00
-1.652975000000000971e-02 -3.305430000000000867e-02 1.353637500000000493e+00
-1.524764999999998760e-02 -3.320354999999999834e-02 1.353129999999999278e+00
-1.368924999999998615e-02 -3.422780000000000267e-02 1.353575000000000195e+00
-1.255785000000000928e-02 -3.513064999999998550e-02 1.351800000000000779e+00
-1.166010000000000657e-02 -3.453889999999998350e-02 1.351620000000000488e+00
-1.134725000000001705e-02 -3.494705000000003503e-02 1.351060000000000372e+00
-1.225204999999998656e-02 -3.510489999999999444e-02 1.349869999999999237e+00
-1.214749999999997776e-02 -3.469814999999998317e-02 1.348554999999999282e+00
-1.305510000000001392e-02 -3.406185000000000462e-02 1.346614999999999895e+00
-1.408360000000000167e-02 -3.425109999999997878e-02 1.346460000000000434e+00
-1.430200000000000915e-02 -3.431465000000000209e-02 1.343499999999998806e+00
-1.504090000000002370e-02 -3.383050000000004109e-02 1.340905000000001124e+00
-1.469285000000000729e-02 -3.277995000000005765e-02 1.339764999999999873e+00
-1.510714999999995811e-02 -3.098845000000000072e-02 1.334474999999999412e+00
-1.511134999999999562e-02 -3.088465000000001348e-02 1.328920000000001878e+00
-1.516300000000000980e-02 -3.144719999999995297e-02 1.329319999999999169e+00
-1.466370000000000173e-02 -3.204244999999994459e-02 1.327804999999999680e+00
-1.287915000000000587e-02 -3.234030000000004401e-02 1.322214999999999918e+00
-1.226509999999997325e-02 -3.198964999999998060e-02 1.318424999999997738e+00
-1.088590000000000391e-02 -3.149380000000001623e-02 1.314030000000002474e+00
-1.015884999999999705e-02 -3.091074999999998685e-02 1.311580000000002855e+00
-1.119180000000000175e-02 -2.991339999999997890e-02 1.309400000000000119e+00
-1.281715000000002713e-02 -2.895130000000001314e-02 1.306819999999998316e+00
-1.429604999999994908e-02 -2.851965000000000749e-02 1.302339999999997389e+00
-1.856679999999999442e-02 -2.764644999999998909e-02 1.297930000000000916e+00
-2.134990000000003274e-02 -2.535759999999998016e-02 1.297360000000001179e+00
-2.181759999999999255e-02 -2.144024999999999403e-02 1.297039999999999083e+00
-2.239375000000004556e-02 -1.717100000000004734e-02 1.293969999999998066e+00
-2.241999999999999549e-02 -1.398600000000005394e-02 1.289670000000000982e+00
-2.282214999999998550e-02 -1.109050000000000313e-02 1.283270000000001687e+00
-2.545375000000005272e-02 -1.038700000000003509e-02 1.280484999999998763e+00
-2.821370000000000822e-02 -1.246499999999994834e-02 1.279784999999996842e+00
-2.856694999999992435e-02 -1.425699999999996415e-02 1.275245000000001738e+00
-3.020679999999997811e-02 -1.484649999999998471e-02 1.271130000000006532e+00
-3.157075000000003628e-02 -1.449499999999992461e-02 1.270334999999995773e+00
-3.221089999999993125e-02 -1.475499999999996259e-02 1.270684999999996734e+00
-3.275269999999996795e-02 -1.494050000000002321e-02 1.266255000000004571e+00
-3.409635000000010852e-02 -1.440800000000008740e-02 1.261890000000001066e+00
-3.425090000000002854e-02 -1.460050000000001624e-02 1.257614999999997707e+00
-3.354389999999990435e-02 -1.502700000000001257e-02 1.256384999999998087e+00
-3.394249999999998657e-02 -1.511249999999997318e-02 1.254560000000005004e+00
-3.482440000000003311e-02 -1.585349999999996484e-02 1.251384999999995529e+00
-3.624030000000000307e-02 -1.685950000000002724e-02 1.247634999999995387e+00
-3.779299999999996551e-02 -1.704450000000001797e-02 1.240630000000010114e+00
-3.980549999999993815e-02 -1.761699999999999378e-02 1.239690000000003067e+00
-4.037049999999997585e-02 -1.829800000000003646e-02 1.238659999999995875e+00
-3.940900000000002734e-02 -1.751499999999994728e-02 1.233600000000002694e+00
-3.661500000000006416e-02 -1.673149999999989923e-02 1.229219999999997981e+00
-3.319050000000001166e-02 -1.628100000000010095e-02 1.220404999999999518e+00
-2.842000000000000082e-02 -1.654350000000004428e-02 1.208200000000005048e+00
-2.180599999999999206e-02 -1.783000000000001251e-02 1.190834999999992760e+00
-2.058549999999992330e-02 -1.825499999999991019e-02 1.171674999999993361e+00
-2.044500000000004647e-02 -1.850649999999998130e-02 1.157310000000002503e+00
-1.645200000000013318e-02 -1.775400000000004752e-02 1.136479999999998824e+00
-1.249250000000001748e-02 -1.615200000000005520e-02 1.115149999999999864e+00
-7.482999999999906393e-03 -1.784649999999998737e-02 1.103459999999998331e+00
-1.807499999999961915e-03 -2.146499999999995634e-02 1.097110000000000696e+00
2.314999999999955982e-03 -2.336650000000006777e-02 1.095345000000001789e+00
4.635999999999973475e-03 -2.380150000000003097e-02 1.096670000000003142e+00
4.271000000000024777e-03 -2.250799999999997247e-02 1.096810000000004948e+00
2.982499999999999041e-03 -2.099049999999991201e-02 1.090645000000002085e+00
4.265500000000033154e-03 -2.141300000000001535e-02 1.084019999999995321e+00
5.564499999999972246e-03 -2.328749999999990550e-02 1.080789999999993256e+00
6.583000000000005514e-03 -2.548499999999997989e-02 1.078255000000005737e+00
8.184000000000080099e-03 -2.527800000000013370e-02 1.075755000000000905e+00
8.142999999999900318e-03 -2.258099999999996221e-02 1.071480000000001098e+00
7.489999999999996660e-03 -2.121600000000001263e-02 1.066259999999999764e+00
6.502000000000007773e-03 -2.145550000000007174e-02 1.063020000000001630e+00
3.784499999999968445e-03 -2.148000000000005461e-02 1.058185000000001708e+00
-1.627500000000003944e-03 -2.168800000000004058e-02 1.053689999999996019e+00
-8.357500000000017693e-03 -2.219450000000000589e-02 1.054749999999998522e+00
-1.434849999999998627e-02 -2.471849999999997660e-02 1.059004999999999086e+00
-1.970700000000003005e-02 -2.632649999999991941e-02 1.064194999999998004e+00
-2.581599999999995010e-02 -2.567849999999993749e-02 1.070115000000001260e+00
-3.285299999999991005e-02 -2.575450000000001349e-02 1.075500000000005230e+00
-4.055850000000005284e-02 -2.558349999999998126e-02 1.078949999999998965e+00
-4.933700000000007524e-02 -2.451100000000006052e-02 1.084599999999994679e+00
-5.745600000000006258e-02 -2.327400000000001690e-02 1.091000000000001080e+00
-6.222599999999989251e-02 -2.309200000000000141e-02 1.095449999999999591e+00
-6.302649999999987429e-02 -2.285099999999995468e-02 1.100600000000000023e+00
-5.989549999999999041e-02 -2.267500000000000071e-02 1.107050000000000978e+00
-5.346399999999995600e-02 -2.270750000000010260e-02 1.115349999999999397e+00
-4.549850000000010830e-02 -2.166799999999979853e-02 1.123400000000003729e+00
-3.619550000000004708e-02 -2.153399999999994208e-02 1.130749999999999034e+00
-2.602999999999988656e-02 -2.167100000000021787e-02 1.136350000000000193e+00
-1.531000000000004579e-02 -2.137900000000003686e-02 1.141350000000002751e+00
-3.522000000000136133e-03 -2.192700000000002980e-02 1.148849999999995930e+00
9.288500000000032841e-03 -2.393849999999986267e-02 1.157549999999993418e+00
2.146350000000007974e-02 -2.542899999999992389e-02 1.164400000000000546e+00
3.193249999999991928e-02 -2.558550000000026081e-02 1.171250000000000568e+00
4.006450000000005840e-02 -2.548700000000003740e-02 1.179149999999999920e+00
4.744099999999995543e-02 -2.559299999999975483e-02 1.186050000000001603e+00
5.400699999999991618e-02 -2.529049999999988252e-02 1.196100000000001273e+00
5.771850000000022796e-02 -2.472700000000016551e-02 1.204950000000003740e+00
6.148450000000005300e-02 -2.411200000000013333e-02 1.212749999999999773e+00
6.845449999999986268e-02 -2.232649999999991586e-02 1.221849999999996328e+00
7.395350000000000534e-02 -2.242699999999997473e-02 1.229599999999997806e+00
7.706150000000000500e-02 -2.414999999999989377e-02 1.238400000000005718e+00
8.078999999999991743e-02 -2.430799999999999628e-02 1.249150000000000205e+00
8.108349999999997504e-02 -2.493700000000020900e-02 1.262050000000002115e+00
7.863900000000001445e-02 -2.411450000000003868e-02 1.273849999999995930e+00
7.463750000000002327e-02 -2.075549999999992679e-02 1.285199999999989018e+00
6.853920000000002233e-02 -2.055949999999984179e-02 1.296000000000006480e+00
6.074274999999995650e-02 -2.096100000000000740e-02 1.303899999999998727e+00
5.122759999999998426e-02 -1.997350000000008841e-02 1.316599999999993997e+00
4.096074999999999022e-02 -2.009499999999997399e-02 1.330200000000004934e+00
3.156010000000003535e-02 -2.060850000000002957e-02 1.338599999999999568e+00
2.172265000000006552e-02 -1.964199999999993729e-02 1.351100000000002410e+00
1.223279999999993262e-02 -1.837299999999997269e-02 1.363150000000004525e+00
5.158800000000018926e-03 -1.781550000000020617e-02 1.369799999999997908e+00
-1.280799999999915340e-03 -1.966699999999987902e-02 1.378349999999997522e+00
-5.946150000000038904e-03 -2.528899999999989490e-02 1.385599999999996612e+00
-1.017980000000001661e-02 -3.002750000000009578e-02 1.396050000000002456e+00
-1.415699999999997516e-02 -3.357000000000009976e-02 1.408500000000003638e+00
-1.628200000000007419e-02 -3.669049999999995926e-02 1.417699999999996407e+00
-1.767399999999996751e-02 -3.799799999999997624e-02 1.425300000000007117e+00
-1.972159999999995028e-02 -3.752650000000001818e-02 1.431899999999998840e+00
-2.168360000000002508e-02 -3.640949999999976150e-02 1.439249999999987040e+00
-2.372345000000003479e-02 -3.539449999999999541e-02 1.441750000000013188e+00
-2.564425000000003507e-02 -3.471950000000001424e-02 1.441749999999998977e+00
-2.837554999999997163e-02 -3.319399999999994577e-02 1.441349999999999909e+00
-3.146345000000000391e-02 -3.228550000000018905e-02 1.439850000000006958e+00
-3.414500000000009194e-02 -3.269700000000019813e-02 1.438549999999992224e+00
-3.660900000000000265e-02 -3.373099999999995546e-02 1.436650000000000205e+00
-3.766749999999985388e-02 -3.500499999999995282e-02 1.435950000000005389e+00
-3.811249999999999361e-02 -3.544949999999991164e-02 1.434749999999993975e+00
-3.730950000000010647e-02 -3.564299999999986923e-02 1.436899999999994293e+00
-3.679049999999994824e-02 -3.495349999999985968e-02 1.436700000000001864e+00
-3.602549999999993258e-02 -3.417200000000009119e-02 1.432450000000002888e+00
-3.536300000000003330e-02 -3.389300000000017299e-02 1.429550000000006094e+00
-3.433500000000011543e-02 -3.436649999999974447e-02 1.424700000000001410e+00
-3.264250000000001872e-02 -3.489700000000017788e-02 1.423099999999990928e+00
-3.061199999999997257e-02 -3.564750000000027619e-02 1.421199999999998909e+00
-2.745599999999992491e-02 -3.585949999999993310e-02 1.416100000000000136e+00
-2.439899999999994851e-02 -3.595949999999970004e-02 1.413700000000005730e+00
-2.242500000000002824e-02 -3.630099999999991667e-02 1.412550000000010186e+00
-2.127200000000006863e-02 -3.441750000000043386e-02 1.411099999999990473e+00
-2.074700000000007094e-02 -3.023100000000011889e-02 1.405699999999995953e+00
-2.017099999999993898e-02 -2.782399999999962681e-02 1.397400000000004638e+00
-1.818899999999989969e-02 -3.095899999999995877e-02 1.393399999999999750e+00
-1.554500000000003102e-02 -3.477299999999994284e-02 1.393100000000004002e+00
-1.348050000000000637e-02 -3.484449999999994496e-02 1.393000000000000682e+00
-1.151249999999992557e-02 -3.304000000000018034e-02 1.389399999999994861e+00
-1.034100000000004460e-02 -3.168950000000014811e-02 1.383200000000002206e+00
-1.027000000000000135e-02 -3.106650000000010792e-02 1.377899999999996794e+00
-1.089149999999994289e-02 -3.190350000000008457e-02 1.375050000000001660e+00
-1.178900000000004944e-02 -3.385949999999970927e-02 1.373249999999998749e+00
-1.216399999999995263e-02 -3.510099999999982678e-02 1.369349999999997181e+00
-1.242949999999998223e-02 -3.461600000000020216e-02 1.365900000000010550e+00
-1.250550000000005824e-02 -3.285949999999981941e-02 1.360699999999994247e+00
-1.183999999999996167e-02 -3.201600000000004442e-02 1.357549999999989154e+00
-1.126700000000002699e-02 -3.251699999999990709e-02 1.355800000000002115e+00
-1.079500000000011006e-02 -3.250149999999996098e-02 1.349550000000007799e+00
-1.018299999999994210e-02 -3.246300000000035268e-02 1.344800000000006435e+00
-9.433999999999831410e-03 -3.345949999999975333e-02 1.340849999999988995e+00
-9.709000000000078678e-03 -3.307149999999969836e-02 1.339299999999994384e+00
-1.097850000000011317e-02 -3.251850000000011676e-02 1.337250000000011596e+00
-1.140449999999992858e-02 -3.226550000000028007e-02 1.329850000000007526e+00
-1.204450000000001353e-02 -3.111200000000025057e-02 1.320849999999992974e+00
-1.136150000000002436e-02 -3.093949999999967559e-02 1.308099999999996044e+00
-1.123449999999992510e-02 -3.128099999999989222e-02 1.290500000000008640e+00
-1.199300000000003141e-02 -3.047600000000016962e-02 1.270250000000004320e+00
-1.377800000000006797e-02 -2.913999999999994373e-02 1.247399999999998954e+00
-1.651000000000002466e-02 -2.834899999999995757e-02 1.221799999999987563e+00
-1.768849999999999589e-02 -2.679750000000025167e-02 1.193049999999999500e+00
-1.771699999999998276e-02 -2.716049999999992082e-02 1.167200000000008231e+00
-1.967699999999994454e-02 -2.890900000000007353e-02 1.141049999999992792e+00
-2.325100000000002165e-02 -2.792150000000015453e-02 1.109949999999997772e+00
-2.736099999999996868e-02 -2.676799999999968094e-02 1.078200000000009595e+00
-3.145549999999996960e-02 -2.715849999999964126e-02 1.049199999999999022e+00
-3.409249999999997005e-02 -2.725299999999997169e-02 1.018149999999991451e+00
-3.459849999999997650e-02 -2.576050000000051909e-02 9.853499999999968395e-01
-3.293150000000011346e-02 -2.455199999999990723e-02 9.544999999999959073e-01
-3.291949999999999044e-02 -2.356099999999949901e-02 9.202000000000083446e-01
-3.408800000000011821e-02 -2.185950000000014271e-02 8.871500000000054342e-01
-3.413550000000009632e-02 -2.011800000000008026e-02 8.558499999999895635e-01
-3.473949999999970117e-02 -1.970649999999984914e-02 8.232500000000015916e-01
-3.608999999999995545e-02 -2.099900000000021194e-02 7.963000000000022283e-01
-3.565100000000009928e-02 -2.152900000000013137e-02 7.793999999999954298e-01
-3.340549999999997688e-02 -2.135550000000030479e-02 7.732500000000044338e-01
-2.879399999999998627e-02 -2.103000000000010417e-02 7.725500000000096179e-01
-2.214300000000002377e-02 -1.999099999999964794e-02 7.710500000000024556e-01
-1.689050000000014151e-02 -1.899549999999994299e-02 7.694999999999936335e-01
-1.518750000000013145e-02 -1.827049999999985630e-02 7.654500000000012960e-01
-1.591600000000004123e-02 -1.806550000000006762e-02 7.629500000000035698e-01
-1.382399999999983642e-02 -1.825700000000018974e-02 7.604499999999916326e-01
-9.649499999999866517e-03 -1.752099999999989777e-02 7.558499999999952479e-01
-7.830000000000003624e-03 -1.644800000000001816e-02 7.529499999999984539e-01
-6.823500000000093380e-03 -1.558250000000027669e-02 7.496000000000009322e-01
-6.546000000000162800e-03 -1.386799999999999145e-02 7.466500000000024784e-01
-5.055499999999879535e-03 -1.321649999999996439e-02 7.441000000000030923e-01
-4.000499999999851397e-03 -1.345950000000017965e-02 7.399000000000057753e-01
-3.187500000000120792e-03 -1.413349999999979900e-02 7.369999999999947704e-01
-3.654000000000046100e-03 -1.408399999999998542e-02 7.390499999999917691e-01
-3.562999999999982847e-03 -1.431950000000004053e-02 7.435499999999990450e-01
-2.011500000000054911e-03 -1.629949999999968924e-02 7.496500000000025921e-01
-1.937999999999995282e-03 -1.761199999999973898e-02 7.550000000000096634e-01
-2.906499999999923034e-03 -1.743000000000050065e-02 7.586000000000012733e-01
-3.940000000000054570e-03 -1.781700000000041584e-02 7.633999999999900865e-01
-2.709999999999990195e-03 -1.924299999999945499e-02 7.668000000000034788e-01
4.615000000001145963e-04 -1.931100000000007810e-02 7.702000000000026603e-01
2.526000000000028223e-03 -1.765000000000016556e-02 7.775500000000050704e-01
-1.489000000000073598e-03 -1.619699999999957285e-02 7.860500000000030241e-01
-1.833999999999891273e-03 -1.692250000000017351e-02 7.935999999999978627e-01
4.803499999999960579e-03 -1.614850000000034314e-02 7.960499999999939291e-01
7.569999999999854623e-03 -1.463349999999996598e-02 7.950999999999908141e-01
6.686500000000039634e-03 -1.479549999999996146e-02 7.981500000000067985e-01
8.101499999999983714e-03 -1.700199999999973954e-02 8.038999999999987267e-01
1.198399999999999466e-02 -2.079849999999971999e-02 8.129499999999865167e-01
1.685249999999993697e-02 -2.199799999999996203e-02 8.206500000000005457e-01
2.140249999999999098e-02 -1.985100000000006304e-02 8.250000000000170530e-01
2.198699999999997878e-02 -1.868950000000024758e-02 8.295500000000117780e-01
1.969400000000010031e-02 -1.999949999999994787e-02 8.338499999999839929e-01
2.046050000000021463e-02 -2.070050000000023260e-02 8.402999999999849479e-01
2.387549999999993844e-02 -2.052000000000031577e-02 8.486000000000046839e-01
2.598349999999993720e-02 -2.161849999999976291e-02 8.600000000000136424e-01
2.660150000000016668e-02 -2.366199999999984982e-02 8.709499999999934516e-01
2.816550000000006548e-02 -2.440350000000002240e-02 8.795999999999821739e-01
3.071000000000001506e-02 -2.377750000000000696e-02 8.883000000000151886e-01
3.391599999999983517e-02 -2.387300000000003308e-02 8.967000000000098225e-01
3.623199999999981991e-02 -2.474249999999988958e-02 9.050000000000011369e-01
3.697850000000002524e-02 -2.590000000000003411e-02 9.133999999999957708e-01
3.578349999999996811e-02 -2.635100000000001330e-02 9.211999999999989086e-01
3.361700000000000799e-02 -2.545899999999967633e-02 9.281500000000164619e-01
3.242900000000004113e-02 -2.471999999999985320e-02 9.331499999999834927e-01
3.133699999999994823e-02 -2.572550000000006776e-02 9.360499999999944976e-01
2.978000000000002867e-02 -2.653600000000011505e-02 9.365500000000110958e-01
2.674450000000017091e-02 -2.528549999999984976e-02 9.355999999999937700e-01
2.263549999999991957e-02 -2.485649999999983706e-02 9.354500000000030013e-01
1.869650000000000478e-02 -2.574300000000029343e-02 9.344000000000107775e-01
1.567399999999996574e-02 -2.592350000000021026e-02 9.336999999999875399e-01
1.306499999999988226e-02 -2.554750000000005627e-02 9.330499999999801730e-01
1.089650000000008667e-02 -2.531900000000009143e-02 9.327499999999986358e-01
9.520500000000042817e-03 -2.460249999999986059e-02 9.302500000000009095e-01
7.643500000000136296e-03 -2.326450000000024332e-02 9.259000000000128239e-01
5.795999999999912333e-03 -2.195100000000005380e-02 9.231000000000051386e-01
5.227499999999940528e-03 -2.123699999999972832e-02 9.202500000000100044e-01
4.580000000000139515e-03 -2.140649999999988395e-02 9.171000000000049113e-01
2.617499999999939320e-03 -2.150650000000009499e-02 9.132999999999924512e-01
1.499999999999834799e-04 -2.117449999999987398e-02 9.051499999999919055e-01
-1.052500000000011759e-03 -2.141150000000013875e-02 8.910500000000070031e-01
-2.293500000000170402e-03 -2.230050000000005639e-02 8.718000000000074579e-01
-4.919499999999965567e-03 -2.298399999999967136e-02 8.521499999999946340e-01
-5.573499999999897980e-03 -2.300650000000015183e-02 8.369999999999890861e-01
-3.720500000000015461e-03 -2.335049999999982973e-02 8.283500000000003638e-01
-2.893500000000104322e-03 -2.441849999999989862e-02 8.255500000000211003e-01
-2.627000000000045965e-03 -2.442000000000010829e-02 8.243999999999971351e-01
-1.226999999999867086e-03 -2.381199999999994432e-02 8.220499999999901775e-01
2.920000000000699814e-04 -2.538150000000038986e-02 8.173500000000046839e-01
1.921999999999979281e-03 -2.764250000000023633e-02 8.132500000000106866e-01
3.528499999999934467e-03 -2.754049999999974574e-02 8.097499999999797637e-01
5.186499999999982791e-03 -2.684450000000015990e-02 8.080999999999960437e-01
6.177000000000099078e-03 -2.644199999999985451e-02 8.059000000000082764e-01
5.947999999999953324e-03 -2.489249999999998408e-02 8.012499999999818101e-01
4.543999999999992490e-03 -2.293300000000009220e-02 7.983000000000117780e-01
2.952500000000135572e-03 -2.116049999999969344e-02 7.967000000000155069e-01
2.613500000000046342e-03 -1.930500000000012761e-02 7.971499999999878128e-01
2.206999999999958995e-03 -1.752149999999996766e-02 7.994500000000073214e-01
0.000000000000000000e+00 0.000000000000000000e+00 0.000000000000000000e+00
