0.000000000000000000e+00 0.000000000000000000e+00 0.000000000000000000e+00
1.181869200000000147e-01 -2.739087999999999939e-02 9.929829999999999490e-01
1.596435499999999674e-01 -2.988829000000000485e-02 9.840929999999997735e-01
2.046220500000000275e-01 -3.242320500000000355e-02 9.739739999999998954e-01
2.529093000000000591e-01 -3.496545000000000208e-02 9.619030000000001746e-01
2.954572500000000601e-01 -3.730535000000000101e-02 9.457815000000002748e-01
3.398810500000000179e-01 -3.725264999999998439e-02 9.281505000000001004e-01
3.812094999999999789e-01 -3.673254999999997494e-02 9.100189999999992452e-01
4.186769999999998548e-01 -3.809735000000000205e-02 8.917199999999994020e-01
4.578969999999997764e-01 -3.889285000000003434e-02 8.689650000000002095e-01
4.971915000000000084e-01 -3.883970000000000478e-02 8.441040000000006316e-01
5.351990000000002023e-01 -3.711749999999996996e-02 8.173050000000001702e-01
5.741855000000002374e-01 -3.520979999999998555e-02 7.872300000000000963e-01
6.077170000000000627e-01 -3.482254999999997991e-02 7.558999999999995723e-01
6.410109999999997754e-01 -3.362430000000002361e-02 7.236250000000001847e-01
6.752594999999996794e-01 -3.206215000000006698e-02 6.907900000000006813e-01
7.012610000000001342e-01 -3.144214999999994653e-02 6.587599999999991240e-01
7.285055000000002501e-01 -2.927454999999995477e-02 6.214200000000005275e-01
7.544819999999998750e-01 -2.806135000000004043e-02 5.834550000000007230e-01
7.789225000000001842e-01 -2.879175000000000484e-02 5.466749999999986898e-01
8.053865000000000052e-01 -2.785094999999998544e-02 5.070399999999999352e-01
8.279454999999993348e-01 -2.550970000000002402e-02 4.701300000000010471e-01
8.513599999999996726e-01 -2.487130000000004060e-02 4.347949999999993764e-01
8.752350000000008734e-01 -2.600189999999996671e-02 3.981250000000002842e-01
8.921900000000011488e-01 -2.438774999999998583e-02 3.649400000000007083e-01
9.109050000000005198e-01 -2.146149999999996671e-02 3.353599999999996584e-01
9.326849999999993202e-01 -1.975635000000003361e-02 3.066449999999996123e-01
9.502099999999984448e-01 -1.906810000000003225e-02 2.770049999999990575e-01
9.613849999999999341e-01 -1.681589999999993923e-02 2.471600000000009345e-01
9.723249999999996618e-01 -1.436184999999995382e-02 2.179250000000010346e-01
9.903499999999993975e-01 -1.391620000000004520e-02 1.867949999999982680e-01
1.008990000000000720e+00 -1.281790000000010421e-02 1.567299999999995919e-01
1.024955000000000283e+00 -1.093864999999993870e-02 1.290050000000011465e-01
1.041020000000001389e+00 -8.043799999999934336e-03 1.011399999999991195e-01
1.056039999999999424e+00 -4.347250000000024706e-03 7.008999999999865338e-02
1.070179999999998799e+00 -1.760749999999977611e-03 3.975500000000131706e-02
1.084915000000000518e+00 4.819999999999824425e-05 1.279500000000233229e-02
1.098054999999998671e+00 1.487849999999957262e-03 -1.252500000000011937e-02
1.109505000000002184e+00 2.660899999999966070e-03 -3.529000000000159787e-02
1.121495000000001241e+00 3.756099999999984451e-03 -5.411499999999946908e-02
1.130209999999996384e+00 4.634699999999991604e-03 -7.004500000000035698e-02
1.135869999999998825e+00 5.875899999999989465e-03 -8.378500000000066450e-02
1.141955000000001164e+00 7.341049999999960107e-03 -9.631999999999862894e-02
1.150180000000002423e+00 8.970300000000042129e-03 -1.106250000000006395e-01
1.163955000000001405e+00 1.047860000000011560e-02 -1.258150000000011204e-01
1.183399999999998897e+00 1.129389999999991234e-02 -1.408050000000002910e-01
1.206034999999999968e+00 1.128164999999992091e-02 -1.532149999999994350e-01
1.229105000000000558e+00 1.106925000000003045e-02 -1.630649999999995714e-01
1.248614999999997366e+00 1.085445000000007099e-02 -1.731850000000001444e-01
1.269085000000000463e+00 1.049185000000008028e-02 -1.821850000000004854e-01
1.291380000000003747e+00 9.449949999999984751e-03 -1.909399999999994435e-01
1.313639999999999475e+00 8.243300000000008954e-03 -1.993099999999987659e-01
1.337289999999999424e+00 9.378849999999994136e-03 -2.065600000000014091e-01
1.357859999999998735e+00 1.177874999999994898e-02 -2.127750000000006025e-01
1.377109999999998280e+00 1.401865000000002137e-02 -2.190449999999994901e-01
1.396754999999998859e+00 1.469955000000000567e-02 -2.245650000000001256e-01
1.417830000000002144e+00 1.477209999999995471e-02 -2.297499999999992326e-01
1.437165000000003801e+00 1.386344999999999938e-02 -2.337349999999993599e-01
1.456444999999998657e+00 1.132474999999999454e-02 -2.358600000000006247e-01
1.479634999999998257e+00 1.030985000000000928e-02 -2.385300000000007969e-01
1.501380000000001047e+00 9.618850000000067624e-03 -2.393749999999990052e-01
1.522044999999998538e+00 9.611749999999974481e-03 -2.408350000000005764e-01
1.541570000000000107e+00 1.054609999999994718e-02 -2.419600000000006190e-01
1.564809999999997814e+00 9.584549999999969483e-03 -2.434449999999994674e-01
1.587799999999997880e+00 7.997699999999996479e-03 -2.453599999999998005e-01
1.606069999999998998e+00 7.779650000000026822e-03 -2.472699999999985465e-01
1.623545000000003569e+00 8.151000000000019341e-03 -2.502700000000004366e-01
1.636060000000007619e+00 8.817499999999978133e-03 -2.506300000000010186e-01
1.649364999999995973e+00 8.192049999999950760e-03 -2.518199999999994887e-01
1.664949999999997488e+00 5.554700000000023508e-03 -2.519050000000007117e-01
1.679054999999998188e+00 4.198500000000049415e-03 -2.517850000000008137e-01
1.696654999999999802e+00 5.203799999999980663e-03 -2.533299999999982788e-01
1.713130000000006703e+00 7.255799999999978933e-03 -2.556250000000002132e-01
1.727639999999993847e+00 7.934600000000013864e-03 -2.580850000000012301e-01
1.744169999999996890e+00 7.227199999999989188e-03 -2.598599999999988697e-01
1.757245000000004609e+00 6.159999999999998810e-03 -2.614699999999992031e-01
1.769489999999997565e+00 4.220000000000001528e-03 -2.634050000000005554e-01
1.783605000000001439e+00 2.572650000000009651e-03 -2.673550000000002314e-01
1.801115000000002908e+00 2.131650000000040457e-03 -2.710949999999998639e-01
1.816849999999995191e+00 3.465849999999937037e-03 -2.757849999999999469e-01
1.830614999999994552e+00 5.111849999999917848e-03 -2.792499999999993321e-01
1.844330000000006464e+00 6.307950000000062118e-03 -2.835800000000006094e-01
1.858780000000002985e+00 6.549950000000082095e-03 -2.896300000000007202e-01
1.873819999999994934e+00 6.586950000000035832e-03 -2.968799999999989225e-01
1.884850000000000136e+00 4.546299999999947605e-03 -3.051699999999994972e-01
1.894465000000003840e+00 1.921799999999973529e-03 -3.138150000000008433e-01
1.900714999999998156e+00 1.458850000000011526e-03 -3.245500000000003382e-01
1.908549999999998192e+00 1.398850000000007032e-03 -3.368760000000001753e-01
1.917850000000001387e+00 -1.038000000000427470e-04 -3.491460000000001784e-01
1.927500000000001990e+00 -3.176050000000041340e-03 -3.598729999999994433e-01
1.938650000000002649e+00 -3.719449999999902001e-03 -3.700164999999993043e-01
1.947899999999997078e+00 -2.273799999999992494e-03 -3.798765000000008385e-01
1.956600000000001671e+00 -5.050500000000623935e-04 -3.923320000000005692e-01
1.963599999999999568e+00 1.403450000000028286e-03 -4.062179999999999680e-01
1.968349999999993827e+00 2.372950000000040305e-03 -4.199960000000002580e-01
1.974250000000004945e+00 2.330049999999972421e-03 -4.329574999999996621e-01
1.983950000000000102e+00 1.746600000000042563e-03 -4.478524999999997647e-01
1.992699999999999250e+00 1.105049999999996313e-03 -4.625149999999997874e-01
1.996650000000002478e+00 1.915699999999909142e-03 -4.738475000000001991e-01
2.003599999999998715e+00 2.258050000000011437e-03 -4.861175000000002022e-01
2.010500000000007503e+00 2.559950000000033032e-03 -5.006249999999998757e-01
2.017200000000002547e+00 4.870100000000043838e-03 -5.154529999999999390e-01
2.024099999999990018e+00 6.429850000000014720e-03 -5.270604999999999318e-01
2.030199999999993565e+00 6.688049999999945427e-03 -5.365799999999998349e-01
2.038200000000003342e+00 6.578449999999957942e-03 -5.450845000000001939e-01
2.048000000000001819e+00 6.790800000000041248e-03 -5.538255000000000816e-01
2.052700000000001523e+00 5.799000000000054111e-03 -5.629184999999998773e-01
2.056499999999999773e+00 4.858250000000008395e-03 -5.738543999999999867e-01
2.065699999999992542e+00 5.900000000000016342e-03 -5.867620500000000350e-01
2.068899999999999295e+00 6.056299999999958938e-03 -5.982591499999999618e-01
2.072500000000005116e+00 5.115199999999930913e-03 -6.098679499999999365e-01
2.083150000000003388e+00 5.397300000000049280e-03 -6.237034500000000481e-01
2.087199999999995725e+00 6.488400000000060786e-03 -6.360370000000000745e-01
2.089249999999992724e+00 7.219599999999937179e-03 -6.476574999999999971e-01
2.096100000000006958e+00 7.654049999999967824e-03 -6.591400000000000592e-01
2.099200000000010391e+00 7.258700000000034569e-03 -6.688315000000000232e-01
2.107050000000000978e+00 6.076450000000011009e-03 -6.802559999999997498e-01
2.114999999999994884e+00 4.162599999999988531e-03 -6.916329999999999423e-01
2.119100000000003092e+00 3.000199999999980660e-03 -7.013634999999998065e-01
2.125000000000000000e+00 3.467899999999995986e-03 -7.114405000000001422e-01
2.130699999999990268e+00 3.928149999999963615e-03 -7.241855000000003706e-01
2.135400000000004184e+00 4.530100000000009119e-03 -7.373115000000001196e-01
2.139700000000004820e+00 6.132750000000047885e-03 -7.473784999999999457e-01
2.146199999999993224e+00 7.809650000000001313e-03 -7.560919999999997643e-01
2.152450000000001751e+00 8.790599999999981762e-03 -7.638854999999997730e-01
2.156700000000000728e+00 8.284800000000008824e-03 -7.719899999999997320e-01
2.162750000000002615e+00 6.623750000000011573e-03 -7.821300000000004360e-01
2.169800000000009277e+00 2.656249999999998890e-03 -7.928600000000010084e-01
2.173549999999991655e+00 -7.373500000000254850e-04 -8.027949999999997033e-01
2.174799999999990519e+00 -1.166200000000006121e-03 -8.134799999999984266e-01
2.182349999999999568e+00 -1.905299999999998661e-03 -8.266700000000000159e-01
2.190750000000008413e+00 -1.091499999999995252e-03 -8.391150000000013875e-01
2.192149999999998045e+00 8.746500000000045905e-04 -8.492949999999996891e-01
2.197400000000001796e+00 1.451249999999987272e-03 -8.608399999999996055e-01
2.193700000000006867e+00 4.598500000000116383e-04 -8.685550000000006321e-01
2.196199999999990382e+00 -1.209050000000017056e-03 -8.798750000000001847e-01
2.198300000000003251e+00 -2.499499999999987843e-03 -8.913699999999984414e-01
2.193300000000007799e+00 -2.620549999999971513e-03 -9.010300000000004417e-01
2.198799999999991428e+00 -5.304000000000141934e-04 -9.133650000000024249e-01
2.199799999999996203e+00 1.572649999999981008e-03 -9.211549999999988358e-01
2.197550000000006776e+00 1.780949999999975608e-03 -9.264599999999987290e-01
2.198599999999999000e+00 -8.389999999997010960e-05 -9.331200000000006156e-01
2.207849999999993429e+00 -2.636099999999946819e-03 -9.441249999999996589e-01
2.201800000000005753e+00 -4.613700000000026114e-03 -9.485499999999991161e-01
2.194699999999997431e+00 -6.910600000000016729e-03 -9.518850000000007583e-01
2.199549999999987904e+00 -8.900049999999964934e-03 -9.619999999999997442e-01
2.196899999999999409e+00 -9.522550000000046255e-03 -9.716049999999984976e-01
2.195650000000000546e+00 -8.094600000000035100e-03 -9.791000000000007475e-01
2.194900000000004070e+00 -4.183949999999936331e-03 -9.846300000000010044e-01
2.191100000000005821e+00 -1.540999999999986825e-03 -9.897950000000026449e-01
2.190899999999999181e+00 -2.180349999999997568e-03 -9.978799999999985459e-01
2.189400000000006230e+00 -2.429900000000012605e-03 -1.005714999999998582e+00
2.184800000000009845e+00 -1.899000000000039545e-03 -1.013210000000000832e+00
2.179999999999992610e+00 -1.655700000000009942e-03 -1.021594999999997810e+00
2.173649999999994975e+00 -1.749449999999985739e-03 -1.028795000000002346e+00
2.168900000000007822e+00 -8.297999999999916554e-04 -1.036635000000000417e+00
2.163399999999995771e+00 2.061999999999897248e-04 -1.046250000000000568e+00
2.158999999999991815e+00 -6.820999999999910468e-04 -1.057165000000001243e+00
2.152850000000000819e+00 -4.373999999999766963e-04 -1.065034999999998178e+00
2.150049999999993133e+00 1.449050000000007277e-03 -1.071999999999999176e+00
2.152749999999997499e+00 2.858349999999981739e-03 -1.082029999999999603e+00
2.151049999999997908e+00 4.177550000000002095e-03 -1.091885000000001327e+00
2.148699999999990951e+00 4.855500000000040339e-03 -1.103104999999999336e+00
2.144700000000000273e+00 3.631599999999984840e-03 -1.112994999999997958e+00
2.149750000000011596e+00 2.100549999999951067e-03 -1.125270000000000437e+00
2.145750000000020918e+00 2.417150000000006793e-03 -1.133929999999999438e+00
2.141199999999997772e+00 3.448950000000033933e-03 -1.142945000000000988e+00
2.153149999999982356e+00 4.106850000000022982e-03 -1.159890000000000754e+00
2.156300000000015871e+00 5.693899999999973982e-03 -1.170854999999995982e+00
2.163100000000014234e+00 6.516199999999972015e-03 -1.182700000000000529e+00
2.170149999999978263e+00 5.789750000000010166e-03 -1.196510000000003515e+00
2.179399999999986903e+00 3.829899999999997195e-03 -1.210515000000000896e+00
2.180599999999998317e+00 1.633949999999967373e-03 -1.218684999999997132e+00
2.177800000000019054e+00 1.310400000000017107e-03 -1.227709999999998303e+00
2.190850000000011732e+00 2.505050000000036414e-03 -1.246220000000004546e+00
2.198999999999983856e+00 4.646650000000002168e-03 -1.259865000000001345e+00
2.206250000000011369e+00 6.833299999999986607e-03 -1.269229999999996750e+00
2.212449999999989814e+00 8.260949999999989135e-03 -1.278475000000003803e+00
2.219249999999988177e+00 9.741150000000003972e-03 -1.290899999999997050e+00
2.223500000000001364e+00 1.171759999999999469e-02 -1.301249999999996021e+00
2.227550000000007913e+00 1.219715000000001770e-02 -1.310195000000007326e+00
2.235900000000015098e+00 1.072990000000001443e-02 -1.321480000000001098e+00
2.241500000000002046e+00 8.105199999999979088e-03 -1.333039999999996894e+00
2.249650000000002592e+00 6.957999999999991969e-03 -1.346164999999999168e+00
2.256049999999987676e+00 9.088050000000014172e-03 -1.360385000000000844e+00
2.258350000000007185e+00 1.307384999999997022e-02 -1.378045000000000186e+00
2.256900000000001683e+00 1.648834999999995721e-02 -1.397399999999997533e+00
2.254099999999993997e+00 1.967335000000000611e-02 -1.414880000000003690e+00
2.255099999999998772e+00 2.074350000000002581e-02 -1.432729999999999393e+00
2.259799999999984266e+00 1.902795000000001568e-02 -1.451114999999994382e+00
2.258299999999991314e+00 1.823645000000000127e-02 -1.463690000000006819e+00
2.252350000000006958e+00 1.862460000000000504e-02 -1.473804999999998699e+00
2.246750000000020009e+00 2.042505000000001403e-02 -1.484084999999993215e+00
2.242549999999994270e+00 2.207240000000001978e-02 -1.495395000000002028e+00
2.239249999999998408e+00 2.413579999999999892e-02 -1.509244999999999948e+00
2.232799999999997453e+00 2.691990999999998441e-02 -1.521875000000001421e+00
2.227450000000004593e+00 3.006655999999999565e-02 -1.532395000000001062e+00
2.221350000000001046e+00 3.427782000000000051e-02 -1.542940000000001532e+00
2.218149999999980082e+00 3.788314999999999738e-02 -1.556739999999997792e+00
2.216599999999999682e+00 3.968547000000000047e-02 -1.568009999999993909e+00
2.212900000000018963e+00 3.956898999999999833e-02 -1.573465000000005887e+00
2.210550000000012005e+00 3.846164999999999307e-02 -1.580985000000005414e+00
2.204199999999985948e+00 3.647259999999999391e-02 -1.589475000000000193e+00
2.200199999999995271e+00 3.691055000000001418e-02 -1.602584999999997706e+00
2.195099999999996498e+00 3.927450000000000385e-02 -1.613049999999994100e+00
2.185100000000005593e+00 3.809979999999998923e-02 -1.618900000000003558e+00
2.183700000000015962e+00 3.790974999999999207e-02 -1.630550000000006605e+00
2.178849999999982856e+00 4.490890000000000160e-02 -1.637799999999998590e+00
2.169049999999998590e+00 5.190184999999999937e-02 -1.642499999999998295e+00
2.162000000000006139e+00 5.270679999999999810e-02 -1.650449999999999307e+00
2.154849999999981947e+00 5.107970000000003341e-02 -1.659300000000001774e+00
2.145849999999995816e+00 5.010150000000002102e-02 -1.665900000000000603e+00
2.138850000000019236e+00 4.949889999999995682e-02 -1.672249999999998238e+00
2.138950000000022555e+00 4.744370000000003307e-02 -1.678049999999998931e+00
2.125949999999988904e+00 3.971660000000004631e-02 -1.673549999999998761e+00
2.108350000000001501e+00 2.579904999999999005e-02 -1.683950000000002944e+00
2.100799999999992451e+00 1.863274999999997572e-02 -1.706400000000002137e+00
2.102099999999978763e+00 2.951259999999994443e-02 -1.712249999999997385e+00
2.108249999999998181e+00 5.333450000000000690e-02 -1.710049999999995407e+00
2.105350000000015598e+00 7.315474999999999062e-02 -1.708049999999992963e+00
2.093200000000024374e+00 7.866054999999994024e-02 -1.710549999999997794e+00
2.076499999999981583e+00 7.566114999999995483e-02 -1.718350000000000932e+00
2.065549999999973352e+00 6.973649999999997906e-02 -1.727900000000005321e+00
2.060850000000016280e+00 6.258550000000007163e-02 -1.736850000000004002e+00
2.056700000000006412e+00 5.897250000000009429e-02 -1.743549999999999045e+00
2.052199999999999136e+00 6.045000000000000373e-02 -1.746600000000000819e+00
2.042050000000017462e+00 6.350149999999998851e-02 -1.749300000000005184e+00
2.035149999999987358e+00 6.449150000000003491e-02 -1.761099999999999000e+00
2.031049999999993361e+00 6.535449999999998205e-02 -1.770299999999991769e+00
2.025350000000003092e+00 6.641799999999997706e-02 -1.773150000000001114e+00
2.023449999999996862e+00 6.731099999999989869e-02 -1.777950000000004138e+00
2.018000000000000682e+00 7.134699999999993825e-02 -1.776499999999998636e+00
2.016699999999985948e+00 7.778700000000005055e-02 -1.780149999999991905e+00
2.014900000000011460e+00 8.132150000000004653e-02 -1.783600000000006958e+00
2.008500000000026375e+00 7.979300000000011384e-02 -1.780100000000004457e+00
2.005200000000002092e+00 7.456900000000010742e-02 -1.781899999999993156e+00
2.002199999999987767e+00 6.872649999999980164e-02 -1.786050000000003024e+00
2.001149999999995543e+00 6.753249999999977327e-02 -1.790400000000005321e+00
1.997199999999992315e+00 6.913850000000021367e-02 -1.792199999999994020e+00
1.993200000000001637e+00 6.954350000000020238e-02 -1.793449999999992883e+00
1.987600000000014688e+00 7.041499999999989434e-02 -1.794850000000010937e+00
1.983649999999983038e+00 7.319849999999994417e-02 -1.796599999999997976e+00
1.980599999999981264e+00 7.618350000000018163e-02 -1.797999999999987608e+00
1.978499999999996817e+00 8.938099999999993273e-02 -1.795550000000005753e+00
1.984949999999997772e+00 1.031679999999999264e-01 -1.787450000000006867e+00
1.988450000000000273e+00 9.666899999999989390e-02 -1.774199999999993338e+00
1.995950000000021873e+00 8.314799999999999969e-02 -1.772300000000001319e+00
2.004600000000010596e+00 8.147100000000007114e-02 -1.774750000000011596e+00
2.006049999999987676e+00 8.840749999999975017e-02 -1.770449999999996749e+00
2.007000000000005002e+00 9.286100000000008237e-02 -1.762349999999997863e+00
2.009000000000014552e+00 8.964450000000034890e-02 -1.751599999999996271e+00
2.019599999999996953e+00 8.314350000000003682e-02 -1.743999999999999773e+00
2.030549999999976762e+00 7.949150000000004823e-02 -1.736800000000002342e+00
2.032800000000008822e+00 7.896349999999974223e-02 -1.729849999999999000e+00
2.031100000000009231e+00 7.825799999999971668e-02 -1.727550000000007913e+00
2.028599999999983083e+00 7.634750000000023462e-02 -1.729749999999995680e+00
2.029449999999997090e+00 7.866700000000026449e-02 -1.731349999999991951e+00
2.031950000000023238e+00 8.320400000000005569e-02 -1.727000000000003865e+00
2.033649999999994407e+00 8.557549999999980450e-02 -1.719200000000000728e+00
2.035899999999998045e+00 8.416250000000013998e-02 -1.715850000000003206e+00
2.035200000000003229e+00 7.877500000000003944e-02 -1.713450000000008799e+00
2.037499999999994316e+00 7.494999999999985008e-02 -1.713999999999998636e+00
2.042200000000008231e+00 7.533049999999974489e-02 -1.715199999999995839e+00
2.042699999999996407e+00 7.779800000000003379e-02 -1.709949999999992087e+00
2.043749999999988631e+00 7.962200000000008160e-02 -1.704049999999995180e+00
2.047349999999994452e+00 8.086849999999978778e-02 -1.701550000000011664e+00
2.049350000000004002e+00 8.308500000000007546e-02 -1.699250000000006366e+00
2.050550000000015416e+00 8.431350000000037426e-02 -1.696999999999988518e+00
2.051600000000007640e+00 8.258849999999995362e-02 -1.695849999999992974e+00
2.049749999999988859e+00 7.984399999999958197e-02 -1.694050000000004275e+00
2.052600000000012415e+00 8.006450000000020495e-02 -1.694450000000003342e+00
2.055000000000006821e+00 8.050150000000000361e-02 -1.693449999999998568e+00
2.054199999999980264e+00 7.854300000000025150e-02 -1.690849999999997522e+00
2.054049999999989495e+00 7.797000000000009479e-02 -1.690650000000005093e+00
2.050450000000012096e+00 7.776799999999939317e-02 -1.689700000000001978e+00
2.054049999999989495e+00 7.549999999999990052e-02 -1.694249999999996703e+00
2.057249999999982037e+00 7.777800000000034686e-02 -1.696749999999994429e+00
2.053100000000000591e+00 8.253149999999997988e-02 -1.693449999999998568e+00
2.052400000000005775e+00 8.508350000000008961e-02 -1.693350000000009459e+00
2.049550000000010641e+00 8.623950000000002447e-02 -1.691600000000008208e+00
2.051199999999994361e+00 8.501449999999977081e-02 -1.694850000000002410e+00
2.053649999999976217e+00 8.402999999999982705e-02 -1.696649999999991110e+00
2.051749999999998408e+00 8.415200000000000458e-02 -1.693699999999992656e+00
2.051950000000033469e+00 8.458700000000041186e-02 -1.692700000000002092e+00
2.052000000000020918e+00 8.468149999999985411e-02 -1.691850000000002296e+00
2.054050000000017917e+00 8.643750000000016698e-02 -1.693849999999997635e+00
2.054599999999993543e+00 8.983549999999995705e-02 -1.693849999999997635e+00
2.052649999999971442e+00 9.218099999999962435e-02 -1.690799999999995862e+00
2.052650000000028285e+00 9.311800000000003408e-02 -1.690500000000000114e+00
2.051199999999994361e+00 9.353949999999988663e-02 -1.688650000000009754e+00
2.055149999999969168e+00 9.475000000000033396e-02 -1.689549999999996999e+00
2.058150000000011914e+00 9.528650000000027376e-02 -1.690399999999996794e+00
2.055749999999989086e+00 9.449700000000005318e-02 -1.688350000000014006e+00
2.056849999999997181e+00 9.429749999999970100e-02 -1.689700000000001978e+00
2.057950000000005275e+00 9.676699999999982538e-02 -1.691049999999989950e+00
2.059250000000020009e+00 1.004249999999999865e-01 -1.691550000000006548e+00
2.057150000000035561e+00 1.019194999999997187e-01 -1.690050000000013597e+00
2.055849999999963984e+00 9.921950000000023806e-02 -1.690849999999983311e+00
2.054049999999961074e+00 9.420250000000018886e-02 -1.690949999999986630e+00
2.055600000000026739e+00 9.282399999999979556e-02 -1.693250000000006139e+00
2.059799999999995634e+00 9.713850000000023854e-02 -1.697650000000010095e+00
2.056399999999996453e+00 1.018124999999998614e-01 -1.695549999999997226e+00
2.054750000000012733e+00 1.028699999999997949e-01 -1.694050000000004275e+00
2.054899999999975080e+00 1.014360000000000817e-01 -1.694350000000014234e+00
2.057650000000023738e+00 1.001944999999997421e-01 -1.697299999999984266e+00
2.059200000000032560e+00 1.003179999999996852e-01 -1.698649999999986449e+00
2.059100000000000819e+00 1.021195000000001407e-01 -1.696950000000015280e+00
2.059199999999975716e+00 1.049395000000004075e-01 -1.695349999999990587e+00
2.055799999999976535e+00 1.060970000000001079e-01 -1.693099999999986949e+00
2.059550000000001546e+00 1.077669999999999462e-01 -1.695750000000003865e+00
2.063550000000020646e+00 1.099790000000000489e-01 -1.696200000000004593e+00
2.061700000000030286e+00 1.108489999999999753e-01 -1.691500000000019099e+00
2.061699999999973443e+00 1.114744999999999209e-01 -1.690300000000007685e+00
2.057799999999986085e+00 1.098795000000007960e-01 -1.688149999999978945e+00
2.056700000000034834e+00 1.073620000000001795e-01 -1.687549999999987449e+00
2.058650000000000091e+00 1.062104999999995414e-01 -1.686900000000008504e+00
2.062099999999986721e+00 1.069444999999999979e-01 -1.685550000000006321e+00
2.073849999999993088e+00 1.079400000000001469e-01 -1.692700000000002092e+00
2.055299999999988358e+00 1.055450000000002220e-01 -1.674549999999982219e+00
2.045900000000017371e+00 1.040679999999998273e-01 -1.663100000000014234e+00
2.061350000000004457e+00 1.051049999999991158e-01 -1.673050000000017690e+00
2.063099999999963075e+00 1.072315000000001461e-01 -1.670849999999973079e+00
2.065549999999973352e+00 1.084279999999999688e-01 -1.669849999999996726e+00
2.064999999999997726e+00 1.082074999999997900e-01 -1.666550000000000864e+00
2.065899999999999181e+00 1.074725000000009700e-01 -1.666249999999990905e+00
2.067700000000002092e+00 1.073089999999998767e-01 -1.669600000000002638e+00
2.067800000000033833e+00 1.092799999999991556e-01 -1.671449999999992997e+00
2.065449999999998454e+00 1.116600000000005366e-01 -1.668950000000023692e+00
2.067000000000007276e+00 1.124400000000003175e-01 -1.669650000000018508e+00
2.068700000000035288e+00 1.104349999999998388e-01 -1.672799999999995180e+00
2.063749999999970441e+00 1.072050000000004388e-01 -1.670199999999994134e+00
2.065349999999966712e+00 1.037400000000001654e-01 -1.671149999999983038e+00
2.067099999999982174e+00 1.020799999999999486e-01 -1.671150000000011460e+00
2.066800000000000637e+00 1.045699999999998298e-01 -1.669499999999999318e+00
2.070450000000050750e+00 1.082149999999995060e-01 -1.671449999999992997e+00
2.070050000000037471e+00 1.095999999999994756e-01 -1.670200000000022555e+00
2.069599999999979900e+00 1.096800000000008879e-01 -1.668949999999995271e+00
2.069349999999985812e+00 1.090050000000006847e-01 -1.668349999999975353e+00
2.071399999999982811e+00 1.079399999999992588e-01 -1.669299999999992679e+00
2.072450000000003456e+00 1.087299999999995492e-01 -1.668300000000016325e+00
2.071850000000040382e+00 1.098200000000000287e-01 -1.667100000000004911e+00
2.068199999999990268e+00 1.092899999999996652e-01 -1.664299999999997226e+00
2.066749999999956344e+00 1.080600000000000449e-01 -1.661799999999999500e+00
2.071149999999988722e+00 1.073700000000004096e-01 -1.664600000000007185e+00
2.069400000000030104e+00 1.091850000000000875e-01 -1.663100000000014234e+00
2.068800000000010186e+00 1.104600000000006688e-01 -1.660749999999978854e+00
2.070349999999962165e+00 1.080349999999992150e-01 -1.659499999999979991e+00
2.070249999999987267e+00 1.048649999999993199e-01 -1.656900000000007367e+00
2.072950000000048476e+00 1.049300000000004118e-01 -1.656700000000000728e+00
2.073399999999992360e+00 1.070649999999995217e-01 -1.655799999999999272e+00
2.072249999999996817e+00 1.088700000000004664e-01 -1.652500000000003411e+00
2.071700000000021191e+00 1.099050000000003635e-01 -1.649300000000010868e+00
2.071049999999956981e+00 1.099550000000002470e-01 -1.646800000000013142e+00
2.076450000000022555e+00 1.093200000000003058e-01 -1.649349999999998317e+00
2.079100000000039472e+00 1.083249999999997826e-01 -1.650649999999984630e+00
2.076699999999959800e+00 1.067000000000000171e-01 -1.648049999999983584e+00
2.077149999999960528e+00 1.057399999999990570e-01 -1.646649999999993952e+00
2.079600000000027649e+00 1.056500000000006878e-01 -1.647150000000010550e+00
2.080050000000028376e+00 1.052950000000016928e-01 -1.647150000000010550e+00
2.080649999999991451e+00 1.052799999999987079e-01 -1.647999999999996135e+00
2.079250000000001819e+00 1.051049999999982276e-01 -1.649000000000000909e+00
2.077549999999973807e+00 1.045550000000003976e-01 -1.650550000000009732e+00
2.078350000000000364e+00 1.047850000000005721e-01 -1.653400000000004866e+00
2.077800000000024738e+00 1.069449999999996237e-01 -1.655049999999988586e+00
2.077049999999985630e+00 1.086050000000007287e-01 -1.654949999999985266e+00
2.075649999999995998e+00 1.081799999999999429e-01 -1.653300000000001546e+00
2.072900000000004184e+00 1.067499999999999005e-01 -1.653000000000020009e+00
2.073149999999998272e+00 1.052850000000002950e-01 -1.655900000000002592e+00
2.074999999999988631e+00 1.039300000000000779e-01 -1.657199999999988904e+00
2.076099999999996726e+00 1.028450000000002973e-01 -1.656250000000000000e+00
2.077699999999992997e+00 1.028799999999989723e-01 -1.654850000000010368e+00
2.076349999999990814e+00 1.044199999999992912e-01 -1.651649999999989404e+00
2.078200000000038017e+00 1.057600000000009643e-01 -1.651899999999983493e+00
2.080399999999997362e+00 1.040450000000001651e-01 -1.652000000000015234e+00
2.077749999999980446e+00 1.018449999999990752e-01 -1.649349999999998317e+00
2.077400000000011460e+00 1.016400000000006187e-01 -1.648949999999985039e+00
2.080600000000004002e+00 1.038850000000008933e-01 -1.650450000000006412e+00
2.081500000000005457e+00 1.076750000000004093e-01 -1.647100000000023101e+00
2.080649999999991451e+00 1.112750000000000128e-01 -1.641199999999997772e+00
2.079799999999977445e+00 1.129249999999997200e-01 -1.636549999999999727e+00
2.078849999999988540e+00 1.117349999999994736e-01 -1.633650000000017144e+00
2.080100000000015825e+00 1.119849999999988910e-01 -1.632099999999979900e+00
2.083250000000020918e+00 1.130750000000002586e-01 -1.631100000000003547e+00
2.085750000000018645e+00 1.125800000000012346e-01 -1.630099999999998772e+00
2.088050000000009732e+00 1.080050000000003507e-01 -1.627699999999975944e+00
2.091349999999977172e+00 1.112199999999994304e-01 -1.624750000000005912e+00
2.091549999999983811e+00 1.147199999999983788e-01 -1.621850000000023329e+00
2.088450000000023010e+00 1.091549999999994469e-01 -1.621200000000015962e+00
2.088799999999991996e+00 1.041400000000010095e-01 -1.622349999999983083e+00
2.090199999999981628e+00 9.923500000000018417e-02 -1.621699999999975716e+00
2.093450000000018463e+00 9.684500000000006992e-02 -1.621150000000000091e+00
2.096150000000022828e+00 9.645500000000062357e-02 -1.620250000000027057e+00
2.094299999999975626e+00 9.802999999999961744e-02 -1.617549999999994270e+00
2.093750000000000000e+00 9.738999999999897739e-02 -1.617599999999981719e+00
2.093500000000005912e+00 9.177000000000035129e-02 -1.620450000000005275e+00
2.092649999999991905e+00 9.235500000000129717e-02 -1.622100000000017417e+00
2.094200000000000728e+00 9.956500000000012562e-02 -1.622250000000008185e+00
2.095449999999971169e+00 1.010649999999984061e-01 -1.620350000000001955e+00
2.096800000000030195e+00 9.296499999999952024e-02 -1.617199999999996862e+00
2.098650000000020555e+00 8.400500000000121759e-02 -1.614949999999993224e+00
2.099099999999964439e+00 7.793999999999989825e-02 -1.613499999999987722e+00
2.104600000000004911e+00 7.551499999999933266e-02 -1.614249999999998408e+00
2.107900000000029195e+00 7.942000000000071225e-02 -1.612250000000017280e+00
2.108249999999998181e+00 8.312000000000097089e-02 -1.608499999999992269e+00
2.110950000000002547e+00 8.401500000000083901e-02 -1.606699999999989359e+00
2.111249999999984084e+00 8.175999999999916668e-02 -1.604150000000004184e+00
2.113099999999974443e+00 8.103999999999800252e-02 -1.602450000000004593e+00
2.116500000000030468e+00 8.150499999999993861e-02 -1.601550000000003138e+00
2.115999999999985448e+00 8.167000000000079751e-02 -1.599250000000012051e+00
2.113749999999981810e+00 8.106500000000060879e-02 -1.595650000000006230e+00
2.116600000000005366e+00 8.101500000000072532e-02 -1.595049999999986312e+00
2.118850000000009004e+00 8.314999999999983515e-02 -1.594249999999988177e+00
2.116199999999992087e+00 8.443499999999914962e-02 -1.591000000000008185e+00
2.115650000000016462e+00 8.394499999999993634e-02 -1.591450000000008913e+00
2.111450000000047567e+00 8.229500000000022908e-02 -1.590849999999988995e+00
2.108900000000005548e+00 8.160499999999970555e-02 -1.591999999999984539e+00
2.108099999999978991e+00 8.084500000000005571e-02 -1.594500000000010687e+00
2.104649999999992360e+00 8.018999999999998352e-02 -1.594800000000020646e+00
2.102149999999994634e+00 8.220000000000027285e-02 -1.594850000000008095e+00
2.099299999999971078e+00 8.478500000000011028e-02 -1.593149999999980082e+00
2.097149999999999181e+00 8.405500000000110106e-02 -1.591449999999980491e+00
2.095250000000021373e+00 8.048499999999947363e-02 -1.590650000000010778e+00
2.095200000000033924e+00 7.572999999999829868e-02 -1.591499999999996362e+00
2.096549999999979264e+00 7.309500000000035413e-02 -1.592950000000001864e+00
2.095749999999952706e+00 7.374000000000080490e-02 -1.591149999999998954e+00
2.097550000000012460e+00 7.596999999999987097e-02 -1.590900000000004866e+00
2.099300000000027921e+00 7.863499999999845613e-02 -1.590850000000017417e+00
2.100250000000016826e+00 7.939000000000007162e-02 -1.588999999999998636e+00
2.103049999999996089e+00 7.983500000000098851e-02 -1.586749999999994998e+00
2.105399999999974625e+00 8.121000000000044849e-02 -1.583399999999983265e+00
2.110749999999995907e+00 8.156499999999944350e-02 -1.582799999999991769e+00
2.113900000000001000e+00 8.174500000000151090e-02 -1.580450000000013233e+00
2.115400000000022374e+00 8.346000000000053376e-02 -1.576150000000012597e+00
2.117200000000025284e+00 8.577999999999796898e-02 -1.571599999999989450e+00
2.121849999999994907e+00 8.706000000000102546e-02 -1.569599999999979900e+00
2.129199999999968895e+00 8.767000000000102489e-02 -1.571750000000008640e+00
2.131599999999991724e+00 8.804999999999907345e-02 -1.572100000000006048e+00
2.131550000000004275e+00 8.846499999999934971e-02 -1.569850000000002410e+00
2.132900000000006457e+00 8.902500000000124203e-02 -1.568550000000016098e+00
2.138149999999995998e+00 9.032000000000017792e-02 -1.570400000000006457e+00
2.141950000000008458e+00 9.283999999999892339e-02 -1.571299999999979491e+00
2.140699999999981173e+00 9.539999999999970726e-02 -1.570149999999983947e+00
2.139449999999953889e+00 9.473000000000020293e-02 -1.570300000000003138e+00
2.138800000000003365e+00 9.234000000000008868e-02 -1.570650000000000546e+00
2.144750000000044565e+00 9.306499999999928718e-02 -1.573350000000004911e+00
2.146700000000009823e+00 9.345500000000050989e-02 -1.573250000000001592e+00
2.144849999999962620e+00 9.151999999999915758e-02 -1.572149999999993497e+00
2.146850000000029013e+00 9.082000000000078899e-02 -1.573900000000008959e+00
2.147550000000023829e+00 9.188500000000132673e-02 -1.574800000000010414e+00
2.151000000000010459e+00 9.439499999999867441e-02 -1.576200000000000045e+00
2.150949999999966167e+00 9.706000000000081229e-02 -1.573900000000008959e+00
2.150599999999997181e+00 9.997500000000059117e-02 -1.570850000000007185e+00
2.149100000000032651e+00 1.007799999999985374e-01 -1.568699999999978445e+00
2.141099999999994452e+00 9.828000000000081116e-02 -1.564099999999996271e+00
2.142400000000009186e+00 9.699500000000149669e-02 -1.563550000000020646e+00
2.147349999999960346e+00 9.683499999999867214e-02 -1.562199999999961619e+00
2.147449999999992087e+00 9.758499999999870056e-02 -1.555799999999976535e+00
2.146850000000029013e+00 9.864499999999942759e-02 -1.549250000000029104e+00
2.147749999999973625e+00 1.001850000000015228e-01 -1.543499999999994543e+00
2.158950000000004366e+00 1.028450000000020736e-01 -1.544899999999984175e+00
2.145750000000020918e+00 1.021649999999993952e-01 -1.530000000000029559e+00
2.135249999999984993e+00 1.006499999999999062e-01 -1.517350000000021737e+00
2.142650000000003274e+00 1.014449999999982310e-01 -1.518849999999986267e+00
2.142200000000002547e+00 1.016549999999973863e-01 -1.515449999999987085e+00
2.143050000000016553e+00 1.007600000000010709e-01 -1.512049999999987904e+00
2.139850000000024011e+00 1.005550000000017263e-01 -1.505650000000002819e+00
2.139499999999998181e+00 1.036149999999995686e-01 -1.502299999999991087e+00
2.136599999999987176e+00 1.066599999999997550e-01 -1.496500000000025921e+00
2.141149999999981901e+00 1.087450000000007577e-01 -1.494450000000028922e+00
2.141549999999995180e+00 1.092300000000001603e-01 -1.490949999999997999e+00
2.135350000000016735e+00 1.069949999999995072e-01 -1.484449999999981173e+00
2.135649999999998272e+00 1.063349999999996243e-01 -1.483099999999978991e+00
2.131349999999997635e+00 1.060350000000003234e-01 -1.479900000000043292e+00
2.130350000000021282e+00 1.041400000000010095e-01 -1.479199999999991633e+00
2.135899999999992360e+00 1.020599999999998175e-01 -1.482949999999959800e+00
2.138800000000003365e+00 1.033449999999991320e-01 -1.479249999999979082e+00
2.141399999999975989e+00 1.124700000000000699e-01 -1.472300000000018372e+00
2.137799999999970169e+00 1.135950000000001125e-01 -1.465450000000032560e+00
2.131050000000016098e+00 9.804499999999904958e-02 -1.461650000000020100e+00
2.134400000000027831e+00 8.944999999999936335e-02 -1.466499999999996362e+00
2.139850000000024011e+00 9.998500000000021259e-02 -1.469599999999957163e+00
2.140649999999993724e+00 1.145250000000004320e-01 -1.470050000000014734e+00
2.133799999999951069e+00 1.208150000000003388e-01 -1.465500000000020009e+00
2.133249999999975444e+00 1.214200000000005275e-01 -1.465499999999963165e+00
2.139300000000048385e+00 1.203200000000013148e-01 -1.468399999999974170e+00
2.139549999999985630e+00 1.207100000000007611e-01 -1.465350000000000819e+00
2.141649999999970078e+00 1.226349999999989393e-01 -1.463400000000035561e+00
2.142800000000022465e+00 1.229800000000000892e-01 -1.462550000000021555e+00
2.144549999999981083e+00 1.220000000000016627e-01 -1.463349999999991269e+00
2.147850000000005366e+00 1.203799999999990433e-01 -1.463050000000009732e+00
2.151400000000023738e+00 1.196000000000001506e-01 -1.461999999999989086e+00
2.153599999999983083e+00 1.207249999999984169e-01 -1.459000000000003183e+00
2.153799999999989723e+00 1.204499999999999460e-01 -1.454450000000008458e+00
2.160000000000025011e+00 1.199550000000026984e-01 -1.454399999999964166e+00
2.161249999999995453e+00 1.189799999999987534e-01 -1.453350000000000364e+00
2.160750000000007276e+00 1.189499999999998892e-01 -1.451450000000022555e+00
2.163100000000042655e+00 1.243249999999989086e-01 -1.449400000000025557e+00
2.167449999999973898e+00 1.321899999999995856e-01 -1.448149999999998272e+00
2.168199999999956162e+00 1.397750000000002046e-01 -1.445199999999999818e+00
2.163250000000005002e+00 1.408599999999999852e-01 -1.442049999999994725e+00
2.162399999999990996e+00 1.358850000000018099e-01 -1.444549999999992451e+00
2.162149999999996908e+00 1.318799999999988870e-01 -1.445449999999993906e+00
2.165050000000007913e+00 1.304449999999981458e-01 -1.444599999999979900e+00
2.168499999999994543e+00 1.309899999999988296e-01 -1.442100000000039017e+00
2.169800000000009277e+00 1.317249999999994259e-01 -1.441199999999980719e+00
2.168549999999981992e+00 1.313600000000008095e-01 -1.443899999999985084e+00
2.165950000000009368e+00 1.301600000000000534e-01 -1.446500000000014552e+00
2.165600000000040382e+00 1.299500000000008981e-01 -1.448299999999960619e+00
2.167449999999973898e+00 1.305600000000008976e-01 -1.448849999999993088e+00
2.168749999999988631e+00 1.299399999999995003e-01 -1.447250000000053660e+00
2.168650000000013733e+00 1.291250000000001563e-01 -1.444700000000011642e+00
2.167950000000018917e+00 1.289649999999991081e-01 -1.441949999999962984e+00
2.169250000000033651e+00 1.274299999999985999e-01 -1.440549999999973352e+00
2.168849999999963529e+00 1.244450000000014711e-01 -1.438550000000020646e+00
2.166749999999979082e+00 1.222300000000018372e-01 -1.435450000000003001e+00
2.166499999999984993e+00 1.227799999999987790e-01 -1.433249999999986812e+00
2.167500000000018190e+00 1.262899999999991252e-01 -1.430949999999995725e+00
2.168000000000063210e+00 1.302650000000014074e-01 -1.427849999999978081e+00
2.165499999999951797e+00 1.311299999999988586e-01 -1.424450000000035743e+00
2.162499999999965894e+00 1.287799999999990064e-01 -1.421350000000018099e+00
2.160500000000070031e+00 1.265900000000037551e-01 -1.420299999999997453e+00
2.159000000000048658e+00 1.267100000000009885e-01 -1.421499999999980446e+00
2.157499999999970441e+00 1.260599999999971743e-01 -1.420700000000010732e+00
2.154499999999927695e+00 1.234649999999994918e-01 -1.418050000000050659e+00
2.150499999999908596e+00 1.220400000000019247e-01 -1.415249999999957708e+00
2.147000000000048203e+00 1.212600000000012557e-01 -1.412399999999990996e+00
2.146500000000060027e+00 1.210399999999989262e-01 -1.410800000000051568e+00
2.147499999999922693e+00 1.224649999999982697e-01 -1.407600000000002183e+00
2.145500000000083674e+00 1.237850000000015882e-01 -1.399999999999977263e+00
2.144999999999981810e+00 1.247450000000007719e-01 -1.392200000000002547e+00
2.141999999999939064e+00 1.250699999999973500e-01 -1.385749999999973170e+00
2.142000000000052751e+00 1.229699999999986915e-01 -1.384599999999977626e+00
2.144499999999993634e+00 1.198800000000019850e-01 -1.387300000000038835e+00
2.142000000000052751e+00 1.182150000000010692e-01 -1.387049999999987904e+00
2.141499999999950887e+00 1.198849999999982430e-01 -1.384349999999983538e+00
2.141999999999939064e+00 1.229800000000018656e-01 -1.380650000000002819e+00
2.141000000000076398e+00 1.225800000000027978e-01 -1.374950000000012551e+00
2.142000000000052751e+00 1.183499999999995111e-01 -1.369399999999984630e+00
2.143999999999891770e+00 1.139699999999983504e-01 -1.367050000000006094e+00
2.143000000000029104e+00 1.135349999999988313e-01 -1.366150000000004638e+00
2.145000000000095497e+00 1.194999999999986073e-01 -1.366249999999979536e+00
2.149499999999989086e+00 1.275049999999993133e-01 -1.363400000000012824e+00
2.149999999999977263e+00 1.313700000000004309e-01 -1.353949999999997544e+00
2.148000000000024556e+00 1.306450000000012324e-01 -1.346699999999998454e+00
2.146000000000071850e+00 1.274250000000023419e-01 -1.346800000000030195e+00
2.145499999999969987e+00 1.238799999999997681e-01 -1.348600000000033106e+00
2.145499999999969987e+00 1.205849999999983879e-01 -1.349599999999952615e+00
2.144499999999993634e+00 1.179699999999996862e-01 -1.350300000000004275e+00
2.144999999999981810e+00 1.164500000000003865e-01 -1.352700000000027103e+00
2.142999999999915417e+00 1.152049999999995578e-01 -1.352949999999964348e+00
2.146499999999946340e+00 1.173250000000010118e-01 -1.351650000000006457e+00
2.149500000000102773e+00 1.216200000000000614e-01 -1.348950000000002092e+00
2.144000000000005457e+00 1.210850000000007753e-01 -1.343999999999994088e+00
2.141999999999939064e+00 1.164199999999979696e-01 -1.344650000000001455e+00
2.142500000000040927e+00 1.100049999999974659e-01 -1.343950000000006639e+00
2.149000000000000909e+00 1.067800000000040939e-01 -1.342800000000011096e+00
2.152500000000031832e+00 1.093250000000018929e-01 -1.339049999999986085e+00
2.154999999999972715e+00 1.133399999999973318e-01 -1.331849999999974443e+00
2.161500000000046384e+00 1.206350000000000477e-01 -1.331900000000018736e+00
2.158500000000003638e+00 1.293749999999995737e-01 -1.331600000000037198e+00
2.156499999999937245e+00 1.319899999999982754e-01 -1.330699999999978900e+00
2.156000000000062755e+00 1.269549999999988188e-01 -1.327449999999998909e+00
2.157000000000039108e+00 1.188600000000015200e-01 -1.322249999999996817e+00
2.160999999999944521e+00 1.158850000000022362e-01 -1.320799999999962893e+00
2.162499999999909051e+00 1.183199999999970942e-01 -1.320499999999981355e+00
2.163999999999987267e+00 1.196350000000023783e-01 -1.317300000000045657e+00
2.166500000000041837e+00 1.206099999999992178e-01 -1.314350000000047203e+00
2.168499999999994543e+00 1.217649999999963484e-01 -1.311899999999980082e+00
2.166499999999928150e+00 1.210149999999998727e-01 -1.307099999999991269e+00
2.172000000000025466e+00 1.198550000000011551e-01 -1.307950000000005275e+00
2.180000000000063665e+00 1.212400000000037892e-01 -1.311350000000004457e+00
2.180000000000063665e+00 1.232450000000007151e-01 -1.310099999999977172e+00
2.181000000000040018e+00 1.227899999999984004e-01 -1.307749999999998636e+00
2.182999999999879037e+00 1.200899999999975876e-01 -1.305600000000026739e+00
2.185999999999921783e+00 1.168250000000021771e-01 -1.303599999999960346e+00
2.191000000000144610e+00 1.140150000000019759e-01 -1.303650000000004638e+00
2.195000000000050022e+00 1.110499999999987608e-01 -1.303800000000023829e+00
2.197499999999990905e+00 1.096900000000005093e-01 -1.302500000000009095e+00
2.199000000000069122e+00 1.100949999999976114e-01 -1.300549999999986994e+00
2.203999999999950887e+00 1.123449999999976967e-01 -1.300299999999992906e+00
2.206499999999891770e+00 1.142650000000031696e-01 -1.298550000000034288e+00
2.206999999999993634e+00 1.148600000000001842e-01 -1.296349999999961256e+00
2.211000000000012733e+00 1.151049999999997908e-01 -1.296400000000005548e+00
2.211000000000012733e+00 1.151799999999987278e-01 -1.296050000000036562e+00
2.211999999999989086e+00 1.165699999999993963e-01 -1.297899999999970078e+00
2.213499999999953616e+00 1.183750000000003411e-01 -1.298450000000002547e+00
2.214500000000043656e+00 1.188250000000010687e-01 -1.298499999999989996e+00
2.218000000000074579e+00 1.194400000000044315e-01 -1.299299999999959709e+00
2.216999999999984539e+00 1.193049999999971078e-01 -1.299550000000010641e+00
2.218999999999937245e+00 1.173049999999982163e-01 -1.301050000000032014e+00
2.223499999999944521e+00 1.169299999999999784e-01 -1.303350000000023101e+00
2.225500000000010914e+00 1.191950000000012722e-01 -1.306049999999970623e+00
2.225999999999999091e+00 1.213350000000019691e-01 -1.307699999999954343e+00
2.226499999999987267e+00 1.189199999999992485e-01 -1.308650000000000091e+00
2.260500000000092768e+00 1.152899999999981162e-01 -1.326600000000041746e+00
2.240499999999997272e+00 1.127249999999975216e-01 -1.313100000000019918e+00
2.216499999999996362e+00 1.168400000000033856e-01 -1.299149999999997362e+00
2.243500000000040018e+00 1.259900000000016007e-01 -1.314149999999983720e+00
2.252499999999940883e+00 1.303999999999980730e-01 -1.317149999999969623e+00
2.256999999999948159e+00 1.310150000000014359e-01 -1.318399999999996908e+00
2.251499999999964530e+00 1.289049999999996032e-01 -1.314750000000003638e+00
2.255999999999971806e+00 1.266549999999995180e-01 -1.317850000000021282e+00
2.264999999999986358e+00 1.247049999999987335e-01 -1.322900000000004184e+00
2.265500000000088221e+00 1.232350000000010937e-01 -1.321100000000001273e+00
2.265500000000088221e+00 1.218800000000008765e-01 -1.319150000000036016e+00
2.275999999999953616e+00 1.197449999999982140e-01 -1.322450000000003456e+00
2.278500000000008185e+00 1.183449999999979241e-01 -1.319699999999954798e+00
2.274999999999977263e+00 1.171800000000011721e-01 -1.315349999999966712e+00
2.283499999999889951e+00 1.177800000000033265e-01 -1.318100000000015370e+00
2.288000000000010914e+00 1.190299999999986369e-01 -1.316650000000038290e+00
2.287000000000148248e+00 1.197750000000006310e-01 -1.312600000000031741e+00
2.292500000000018190e+00 1.194349999999992917e-01 -1.314849999999978536e+00
2.295499999999947249e+00 1.186249999999979821e-01 -1.315599999999960801e+00
2.297500000000013642e+00 1.169799999999980855e-01 -1.314799999999991087e+00
2.302000000000020918e+00 1.137200000000007094e-01 -1.312400000000025102e+00
2.307000000000016371e+00 1.100600000000007128e-01 -1.308550000000025193e+00
2.311500000000023647e+00 1.068449999999998568e-01 -1.306350000000009004e+00
2.314500000000066393e+00 1.062550000000044292e-01 -1.302899999999965530e+00
2.321499999999900865e+00 1.074049999999999727e-01 -1.301749999999969987e+00
2.328999999999837200e+00 1.098299999999987620e-01 -1.300650000000018736e+00
2.330500000000029104e+00 1.104449999999985721e-01 -1.297650000000032833e+00
2.330500000000029104e+00 1.073699999999995214e-01 -1.295149999999978263e+00
2.338499999999953616e+00 1.036500000000017963e-01 -1.298399999999958254e+00
2.344000000000050932e+00 1.011099999999984789e-01 -1.300300000000049749e+00
2.344500000000039108e+00 1.001799999999981594e-01 -1.297950000000014370e+00
2.350000000000022737e+00 1.005150000000014643e-01 -1.298599999999964894e+00
2.353500000000053660e+00 1.019800000000010698e-01 -1.297149999999987813e+00
2.359000000000037289e+00 1.050349999999973249e-01 -1.297250000000019554e+00
2.365499999999883585e+00 1.080399999999990257e-01 -1.298949999999990723e+00
2.368999999999914507e+00 1.115100000000026625e-01 -1.299499999999966349e+00
2.370000000000004547e+00 1.144999999999996021e-01 -1.298550000000034288e+00
2.369500000000016371e+00 1.135950000000001125e-01 -1.295250000000010004e+00
2.383500000000140062e+00 1.079450000000043985e-01 -1.299350000000004002e+00
2.382999999999924512e+00 9.584499999999707143e-02 -1.296850000000006276e+00
2.378499999999917236e+00 8.209499999999536612e-02 -1.292899999999974625e+00
2.392000000000052751e+00 7.683500000000265118e-02 -1.298800000000028376e+00
2.394000000000005457e+00 8.029500000000311388e-02 -1.296850000000006276e+00
2.401000000000067303e+00 8.658000000000143359e-02 -1.297100000000000364e+00
2.406499999999937245e+00 9.123500000000106525e-02 -1.297599999999988540e+00
2.403999999999996362e+00 9.309000000000011710e-02 -1.294649999999990087e+00
2.405500000000074579e+00 9.378499999999689862e-02 -1.294350000000008549e+00
2.405999999999949068e+00 9.314499999999625857e-02 -1.292699999999967986e+00
2.405500000000074579e+00 9.092499999999859028e-02 -1.290400000000033742e+00
2.406500000000050932e+00 8.765000000000000568e-02 -1.289500000000032287e+00
2.406999999999925421e+00 8.382000000000289219e-02 -1.288299999999992451e+00
2.407999999999901775e+00 8.109999999999928377e-02 -1.286999999999977717e+00
2.409499999999979991e+00 8.127999999999957481e-02 -1.285399999999981446e+00
2.411500000000046384e+00 8.244000000000184514e-02 -1.283900000000016917e+00
2.412500000000022737e+00 8.206999999999808892e-02 -1.282500000000027285e+00
2.409500000000093678e+00 8.125500000000229761e-02 -1.279800000000022919e+00
2.406000000000062755e+00 7.928500000000227033e-02 -1.276649999999960983e+00
2.409499999999979991e+00 7.560999999999751253e-02 -1.276649999999960983e+00
2.413999999999873580e+00 7.178000000000039904e-02 -1.276999999999986812e+00
2.413999999999873580e+00 6.914499999999890179e-02 -1.274150000000020100e+00
2.415000000000077307e+00 6.934499999999843567e-02 -1.272750000000030468e+00
2.412000000000148248e+00 7.254999999999967031e-02 -1.270449999999982538e+00
2.412499999999909051e+00 8.144499999999865736e-02 -1.265649999999993724e+00
2.417500000000018190e+00 8.442499999999952820e-02 -1.261200000000030741e+00
2.419000000000096406e+00 8.709999999999951115e-02 -1.262099999999975353e+00
2.420999999999821739e+00 7.974000000000458499e-02 -1.260749999999973170e+00
2.417999999999892680e+00 5.967000000000410864e-02 -1.258200000000044838e+00
2.416500000000155524e+00 5.146999999999835040e-02 -1.260750000000030013e+00
2.419500000000198270e+00 4.769999999999896545e-02 -1.260949999999979809e+00
2.418999999999982720e+00 4.729500000000186333e-02 -1.259449999999958436e+00
2.417499999999904503e+00 4.959999999999809006e-02 -1.256250000000022737e+00
2.416000000000053660e+00 5.251999999999767965e-02 -1.252600000000029468e+00
2.420499999999947249e+00 5.247999999999919396e-02 -1.253249999999979991e+00
2.422999999999888132e+00 5.133999999999971919e-02 -1.253899999999987358e+00
2.419999999999959073e+00 5.036000000000129262e-02 -1.252149999999971897e+00
2.422000000000025466e+00 4.702999999999946112e-02 -1.251849999999990359e+00
2.420500000000060936e+00 4.569000000000045247e-02 -1.249400000000036925e+00
2.419499999999970896e+00 4.625499999999860279e-02 -1.247600000000034015e+00
2.418499999999994543e+00 4.778500000000107661e-02 -1.245349999999973534e+00
2.413499999999999091e+00 4.917500000000174509e-02 -1.239849999999989905e+00
2.411500000000046384e+00 4.878000000000071168e-02 -1.236850000000004002e+00
2.409999999999968168e+00 4.809000000000196451e-02 -1.235349999999982629e+00
2.408999999999991815e+00 4.788999999999887791e-02 -1.233200000000010732e+00
2.409000000000105501e+00 4.833499999999801844e-02 -1.230999999999994543e+00
2.407500000000027285e+00 4.872500000000101750e-02 -1.227950000000021191e+00
2.403999999999882675e+00 4.695999999999855845e-02 -1.224600000000009459e+00
2.405499999999847205e+00 4.441999999999879378e-02 -1.223299999999994725e+00
2.408000000000015461e+00 4.133000000000208729e-02 -1.221299999999985175e+00
2.409000000000105501e+00 3.775999999999868351e-02 -1.218399999999974170e+00
2.408500000000117325e+00 3.403499999999937131e-02 -1.215250000000025921e+00
2.408500000000003638e+00 3.047499999999914166e-02 -1.212600000000009004e+00
2.412999999999897227e+00 2.877000000000151658e-02 -1.212150000000008276e+00
2.412499999999909051e+00 2.778000000000346859e-02 -1.209499999999991360e+00
2.412000000000034561e+00 2.796999999999982833e-02 -1.207349999999962620e+00
2.414500000000202817e+00 2.834499999999806619e-02 -1.205800000000010641e+00
2.410499999999956344e+00 2.857999999999805141e-02 -1.202050000000042473e+00
2.409499999999866304e+00 2.928500000000155978e-02 -1.200499999999976808e+00
2.411000000000058208e+00 2.797000000000338105e-02 -1.198699999999973898e+00
2.407000000000039108e+00 2.664499999999847546e-02 -1.194600000000036744e+00
2.403999999999882675e+00 2.487499999999798206e-02 -1.190600000000017644e+00
2.399999999999977263e+00 2.255000000000251248e-02 -1.185549999999977899e+00
2.398500000000126420e+00 2.098499999999958732e-02 -1.182700000000011187e+00
2.398500000000012733e+00 1.804999999999878924e-02 -1.181050000000027467e+00
2.396499999999946340e+00 1.471000000000088903e-02 -1.178049999999984720e+00
2.398500000000012733e+00 1.475499999999740908e-02 -1.174800000000004729e+00
2.399500000000102773e+00 1.613999999999649049e-02 -1.172550000000001091e+00
2.400499999999965439e+00 1.643500000000130967e-02 -1.171049999999979718e+00
2.400999999999839929e+00 1.591500000000323212e-02 -1.169499999999970896e+00
2.399000000000000909e+00 1.266000000000033765e-02 -1.168049999999993815e+00
2.398000000000024556e+00 7.634999999996949782e-03 -1.165950000000009368e+00
2.398000000000024556e+00 3.565000000001816716e-03 -1.164550000000019736e+00
2.401000000000067303e+00 2.525000000002108891e-03 -1.163650000000018281e+00
2.401000000000067303e+00 4.424999999997680789e-03 -1.161599999999964439e+00
2.396499999999946340e+00 6.205000000001348326e-03 -1.157849999999996271e+00
2.392499999999927240e+00 6.914999999999338343e-03 -1.154600000000016280e+00
2.393000000000029104e+00 6.575000000001551825e-03 -1.152449999999987540e+00
2.394000000000005457e+00 5.079999999999529336e-03 -1.149650000000008276e+00
2.391499999999950887e+00 3.754999999998176463e-03 -1.145150000000001000e+00
2.389499999999884494e+00 4.110000000000724185e-03 -1.141649999999970078e+00
2.386500000000069122e+00 5.209999999998160547e-03 -1.138800000000003365e+00
2.385000000000104592e+00 4.735000000000155751e-03 -1.136650000000031469e+00
2.379999999999995453e+00 4.910000000002412435e-03 -1.133800000000007913e+00
2.374500000000011823e+00 9.700000000023578650e-04 -1.129649999999969623e+00
2.375000000000000000e+00 -6.440000000001333547e-03 -1.127849999999966712e+00
2.371499999999969077e+00 -7.850000000001244871e-03 -1.124250000000017735e+00
2.369000000000028194e+00 -8.079999999999643023e-03 -1.121750000000020009e+00
2.366499999999973625e+00 -1.052999999999926217e-02 -1.119199999999977990e+00
2.360999999999989996e+00 -1.193999999999917350e-02 -1.113900000000001000e+00
2.359000000000037289e+00 -7.229999999999847660e-03 -1.110000000000013642e+00
2.352999999999951797e+00 -4.650000000019360868e-04 -1.105099999999993088e+00
2.347500000000081855e+00 5.669999999998509566e-03 -1.101550000000031559e+00
2.347000000000093678e+00 1.106000000000051386e-02 -1.100850000000036744e+00
2.342499999999972715e+00 1.032000000000010687e-02 -1.098449999999957072e+00
2.335000000000036380e+00 1.000000000000156319e-02 -1.093999999999994088e+00
2.330000000000040927e+00 1.100500000000081968e-02 -1.090800000000001546e+00
2.325499999999806278e+00 1.178499999999615966e-02 -1.088099999999997181e+00
2.322499999999990905e+00 1.764499999999813440e-02 -1.085700000000031196e+00
2.316500000000132786e+00 2.024500000000273303e-02 -1.082899999999995089e+00
2.305999999999812644e+00 1.495500000000049567e-02 -1.077949999999987085e+00
2.305999999999926331e+00 1.088000000000022283e-02 -1.076149999999984175e+00
2.307500000000004547e+00 1.078000000000045588e-02 -1.075049999999976080e+00
2.304000000000087311e+00 1.321500000000241926e-02 -1.071799999999996089e+00
2.298500000000103682e+00 1.599500000000020350e-02 -1.067500000000052296e+00
2.292500000000018190e+00 1.547499999999857323e-02 -1.062799999999981537e+00
2.293000000000006366e+00 1.323999999999969646e-02 -1.061099999999953525e+00
2.293499999999880856e+00 1.094499999999953843e-02 -1.059000000000025921e+00
2.290000000000077307e+00 1.098499999999802412e-02 -1.054750000000012733e+00
2.286500000000046384e+00 1.711499999999688271e-02 -1.052000000000020918e+00
2.283000000000015461e+00 2.055000000000006821e-02 -1.048949999999990723e+00
2.280999999999949068e+00 1.890500000000372438e-02 -1.045899999999960528e+00
2.276499999999941792e+00 1.657000000000152795e-02 -1.042349999999999000e+00
2.272000000000048203e+00 1.306999999999902684e-02 -1.038900000000012369e+00
2.271000000000071850e+00 8.990000000000719638e-03 -1.036249999999995453e+00
2.269000000000005457e+00 9.755000000001956550e-03 -1.032950000000028012e+00
2.267999999999801730e+00 1.555000000000106297e-02 -1.030349999999998545e+00
2.264499999999998181e+00 2.131999999999578677e-02 -1.026199999999960255e+00
2.259500000000116415e+00 2.375500000000130285e-02 -1.021900000000016462e+00
2.253500000000030923e+00 1.998500000000191790e-02 -1.017750000000035016e+00
2.245999999999980901e+00 1.557499999999834017e-02 -1.014000000000010004e+00
2.246499999999969077e+00 1.345500000000043883e-02 -1.013199999999983447e+00
2.245000000000004547e+00 1.239999999999952252e-02 -1.009250000000008640e+00
2.238500000000044565e+00 1.366999999999762849e-02 -1.003399999999999181e+00
2.234000000000037289e+00 1.596999999999937359e-02 -1.000699999999994816e+00
2.230000000000018190e+00 1.923500000000188948e-02 -9.995999999999867214e-01
2.225000000000022737e+00 2.264500000000069235e-02 -9.997500000000059117e-01
2.217999999999960892e+00 2.391000000000076398e-02 -9.996500000000310138e-01
2.211999999999989086e+00 2.355000000000018190e-02 -9.989999999999668034e-01
2.206500000000005457e+00 2.293999999999840611e-02 -9.982999999999719876e-01
2.204999999999927240e+00 2.335000000000064801e-02 -9.995499999999992724e-01
2.205500000000029104e+00 2.408500000000302066e-02 -1.002049999999996999e+00
2.200999999999908141e+00 2.461999999999875399e-02 -1.002850000000023556e+00
2.195999999999912689e+00 2.560499999999876763e-02 -1.002450000000010277e+00
2.191000000000144610e+00 2.506500000000144723e-02 -1.001300000000014734e+00
2.191500000000019099e+00 2.341499999999641091e-02 -1.003699999999980719e+00
2.191999999999893589e+00 2.298000000000044452e-02 -1.006149999999990996e+00
2.185500000000047294e+00 2.274500000000401201e-02 -1.005400000000008731e+00
2.181000000000040018e+00 2.364499999999836177e-02 -1.006799999999998363e+00
2.173999999999978172e+00 2.552499999999824354e-02 -1.008600000000001273e+00
2.170999999999935426e+00 2.693000000000012051e-02 -1.013300000000015189e+00
2.165499999999951797e+00 2.839500000000327873e-02 -1.017950000000041655e+00
2.155500000000074579e+00 2.940499999999701686e-02 -1.020749999999964075e+00
2.150000000000090949e+00 2.931499999999687134e-02 -1.024899999999945521e+00
2.142500000000040927e+00 2.821000000000140062e-02 -1.027649999999994179e+00
2.135999999999853571e+00 2.801999999999793545e-02 -1.031250000000000000e+00
2.128500000000030923e+00 2.797500000000141540e-02 -1.036350000000027194e+00
2.120000000000004547e+00 2.894500000000377327e-02 -1.042150000000049204e+00
2.113999999999919055e+00 3.240500000000068326e-02 -1.046749999999974534e+00
2.104500000000143700e+00 3.459499999999948727e-02 -1.048099999999976717e+00
2.098500000000058208e+00 3.536499999999875854e-02 -1.050900000000012824e+00
2.093999999999937245e+00 3.605499999999750571e-02 -1.054050000000017917e+00
2.085000000000036380e+00 3.656000000000148020e-02 -1.055900000000008276e+00
2.074499999999943611e+00 3.721000000000174168e-02 -1.056999999999959527e+00
2.067999999999983629e+00 3.770999999999702368e-02 -1.059599999999988995e+00
2.062500000000000000e+00 3.672500000000056275e-02 -1.060650000000009641e+00
2.054999999999949978e+00 3.406500000000178829e-02 -1.057500000000004547e+00
2.050000000000068212e+00 3.111999999999781608e-02 -1.055299999999988358e+00
2.043999999999982720e+00 2.907000000000081741e-02 -1.053600000000017189e+00
2.039999999999963620e+00 2.728000000000108116e-02 -1.054050000000017917e+00
2.033999999999991815e+00 2.536999999999878241e-02 -1.053650000000004638e+00
2.028500000000008185e+00 2.460500000000109821e-02 -1.052099999999995816e+00
2.024999999999977263e+00 2.603500000000025238e-02 -1.049849999999992178e+00
2.014499999999998181e+00 2.773999999999787747e-02 -1.044649999999990087e+00
2.011000000000080945e+00 2.812000000000125510e-02 -1.044550000000015189e+00
2.011000000000080945e+00 2.931000000000238970e-02 -1.042450000000030741e+00
2.004499999999893589e+00 3.139499999999983970e-02 -1.036849999999958527e+00
2.001999999999952706e+00 3.473499999999773991e-02 -1.033349999999984448e+00
1.998500000000149157e+00 4.211499999999901434e-02 -1.025700000000028922e+00
1.995499999999992724e+00 4.850499999999868805e-02 -1.018349999999998090e+00
1.990499999999997272e+00 4.809499999999999886e-02 -1.009849999999971715e+00
1.982999999999947249e+00 4.144000000000502837e-02 -1.002650000000016917e+00
1.980499999999892680e+00 3.133499999999855845e-02 -9.988999999999919055e-01
1.984500000000139153e+00 2.654499999999870852e-02 -9.938500000000090040e-01
1.988500000000044565e+00 3.087000000000017508e-02 -9.867000000000416549e-01
1.988999999999919055e+00 3.756999999999877105e-02 -9.771000000000071850e-01
1.991499999999973625e+00 4.136500000000253863e-02 -9.689500000000066393e-01
1.988999999999919055e+00 4.269499999999837314e-02 -9.617999999999824468e-01
1.984500000000025466e+00 4.168999999999911665e-02 -9.564499999999611646e-01
1.986500000000091859e+00 4.089000000000453383e-02 -9.535000000000195541e-01
1.992500000000063665e+00 4.336999999999946453e-02 -9.497499999999945430e-01
1.987499999999954525e+00 4.526999999999503643e-02 -9.407499999999799911e-01
1.978999999999928150e+00 4.435000000000144382e-02 -9.334000000000060027e-01
1.980999999999994543e+00 4.266000000000147452e-02 -9.327999999999860847e-01
1.981499999999982720e+00 4.166999999999987381e-02 -9.326000000000362888e-01
1.979500000000030013e+00 4.187000000000296041e-02 -9.323499999999853571e-01
1.975999999999999091e+00 4.285499999999942133e-02 -9.316499999999905413e-01
1.969500000000039108e+00 4.351499999999930424e-02 -9.283500000000231012e-01
1.965000000000031832e+00 4.338500000000067303e-02 -9.253999999999678039e-01
1.962499999999977263e+00 4.256999999999777629e-02 -9.241499999999973625e-01
1.960500000000024556e+00 4.124999999999801048e-02 -9.236000000000217369e-01
1.956999999999993634e+00 4.120500000000149043e-02 -9.225500000000010914e-01
1.955000000000040927e+00 4.341499999999953729e-02 -9.208499999999730790e-01
1.958999999999946340e+00 4.560999999999992838e-02 -9.207000000000107320e-01
1.952499999999986358e+00 4.658500000000032060e-02 -9.158500000000344698e-01
1.939999999999940883e+00 4.716499999999967940e-02 -9.075500000000147338e-01
1.942499999999995453e+00 4.840000000000088676e-02 -9.062000000000125510e-01
1.943000000000097316e+00 5.012999999999934175e-02 -9.048499999999535248e-01
1.935999999999921783e+00 5.086500000000171440e-02 -9.003500000000030923e-01
1.933499999999980901e+00 4.905500000000273531e-02 -8.969500000000039108e-01
1.936000000000035470e+00 4.468499999999764327e-02 -8.935999999999921783e-01
1.935000000000059117e+00 4.260999999999626198e-02 -8.876500000000078217e-01
1.932500000000004547e+00 4.632000000000147111e-02 -8.806999999999902684e-01
1.933499999999867214e+00 5.145500000000069463e-02 -8.761999999999829924e-01
1.931499999999914507e+00 5.410999999999788201e-02 -8.718999999999823558e-01
1.930000000000063665e+00 5.584999999999951115e-02 -8.685000000000400178e-01
1.924999999999954525e+00 5.587000000000230671e-02 -8.632499999999936335e-01
1.918000000000006366e+00 5.457500000000337081e-02 -8.571999999999775355e-01
1.920500000000060936e+00 5.535499999999871079e-02 -8.553500000000440195e-01
1.908500000000003638e+00 5.407499999999743068e-02 -8.487499999999954525e-01
1.894999999999981810e+00 5.108500000000049113e-02 -8.419999999999845386e-01
1.888499999999908141e+00 5.040500000000136538e-02 -8.387000000000170985e-01
1.878000000000042746e+00 4.925000000000068212e-02 -8.342999999999847205e-01
1.869000000000141881e+00 4.823000000000021714e-02 -8.298500000000217369e-01
1.856999999999970896e+00 4.929999999999878924e-02 -8.238499999999930878e-01
1.849499999999920874e+00 5.201999999999884494e-02 -8.186499999999909960e-01
1.839500000000043656e+00 5.346499999999920760e-02 -8.119500000000243745e-01
1.838000000000079126e+00 6.256499999999931561e-02 -8.044999999999618012e-01
1.831500000000005457e+00 6.620500000000362206e-02 -7.959999999999922693e-01
1.816499999999905413e+00 5.614500000000077762e-02 -7.945000000000277396e-01
1.810500000000047294e+00 4.910499999999728971e-02 -7.994999999999663487e-01
1.802000000000020918e+00 4.695499999999697138e-02 -7.934999999999945430e-01
1.797500000000013642e+00 4.971499999999906549e-02 -7.880000000000109139e-01
1.793000000000006366e+00 5.439500000000307978e-02 -7.909999999999968168e-01
1.781999999999925421e+00 5.866500000000129944e-02 -7.930000000000632099e-01
1.769499999999993634e+00 6.038500000000013301e-02 -7.934999999999945430e-01
1.754999999999995453e+00 6.486999999999909505e-02 -7.919999999999731699e-01
1.742499999999949978e+00 6.351499999999887791e-02 -7.895000000000322871e-01
1.729500000000030013e+00 5.886500000000083332e-02 -7.869999999999777174e-01
1.713000000000079126e+00 5.928000000000110958e-02 -7.835000000000036380e-01
1.696499999999900865e+00 5.778499999999908709e-02 -7.789999999999963620e-01
1.681000000000040018e+00 5.696000000000012164e-02 -7.759999999999536158e-01
1.667000000000143700e+00 5.706000000000344130e-02 -7.734999999999558895e-01
1.655500000000074579e+00 5.733999999999994657e-02 -7.715000000000031832e-01
1.641999999999939064e+00 5.701499999999626311e-02 -7.690000000000623004e-01
1.626499999999850843e+00 5.684000000000111186e-02 -7.655000000000313776e-01
1.611499999999978172e+00 5.714000000000396540e-02 -7.640000000000100044e-01
1.594500000000039108e+00 5.740000000000122782e-02 -7.620000000000004547e-01
1.575000000000045475e+00 5.697500000000133014e-02 -7.579999999999813554e-01
1.554999999999949978e+00 5.593999999999610395e-02 -7.534999999999740794e-01
1.536999999999920874e+00 5.593999999999610395e-02 -7.504999999999881766e-01
1.519499999999993634e+00 5.672500000000013642e-02 -7.515000000000213731e-01
1.500000000000000000e+00 5.782499999999757279e-02 -7.534999999999740794e-01
1.478000000000065484e+00 5.864499999999850388e-02 -7.544999999999504325e-01
1.457499999999981810e+00 5.874999999999985789e-02 -7.574999999999931788e-01
1.431999999999902684e+00 5.809999999999959641e-02 -7.610000000000809450e-01
1.412500000000022737e+00 5.828500000000502723e-02 -7.730000000000245564e-01
1.398500000000126420e+00 5.880000000000151772e-02 -7.929999999998926796e-01
1.363500000000044565e+00 6.073999999999557531e-02 -8.020000000000209184e-01
1.340500000000020009e+00 6.194500000000147111e-02 -8.190000000000736691e-01
1.328999999999950887e+00 6.193500000000540240e-02 -8.439999999999372449e-01
1.293499999999880856e+00 6.609999999999871534e-02 -8.544999999999163265e-01
1.273000000000024556e+00 6.898999999999588795e-02 -8.740000000000236469e-01
1.248500000000035470e+00 6.913499999999928036e-02 -8.895000000001118678e-01
1.226500000000100954e+00 7.016000000000133241e-02 -9.100000000000818545e-01
1.221000000000117325e+00 7.256999999999891315e-02 -9.429999999999836291e-01
1.178499999999871761e+00 7.677999999999940428e-02 -9.555000000000291038e-01
1.155499999999847205e+00 8.084000000000557407e-02 -9.799999999999045031e-01
1.153000000000020009e+00 8.378999999999692250e-02 -1.015499999999860847e+00
1.104500000000143700e+00 8.393999999999479655e-02 -1.023500000000126420e+00
1.077499999999986358e+00 8.514500000000069235e-02 -1.048000000000115506e+00
1.047500000000013642e+00 8.791500000000240789e-02 -1.072499999999990905e+00
1.021499999999946340e+00 8.913500000000595946e-02 -1.100499999999897227e+00
1.020999999999844476e+00 9.309000000000366981e-02 -1.144999999999981810e+00
9.600000000000363798e-01 9.841999999999373472e-02 -1.149000000000000909e+00
9.280000000001109584e-01 1.024599999999971089e-01 -1.172500000000013642e+00
9.240000000000918590e-01 1.051650000000030616e-01 -1.211000000000012733e+00
8.594999999999117790e-01 1.057900000000024932e-01 -1.213499999999953616e+00
8.274999999999863576e-01 1.056799999999995521e-01 -1.237499999999954525e+00
7.910000000000536602e-01 1.062299999999964939e-01 -1.256999999999948159e+00
7.569999999999481588e-01 1.074699999999992883e-01 -1.279000000000110049e+00
7.559999999999718057e-01 1.105200000000010618e-01 -1.320500000000038199e+00
6.825000000000045475e-01 1.124650000000038119e-01 -1.317499999999995453e+00
6.430000000000291038e-01 1.138699999999985835e-01 -1.335000000000036380e+00
6.370000000000572982e-01 1.150399999999969225e-01 -1.372499999999945430e+00
5.655000000000427463e-01 1.161600000000007071e-01 -1.370999999999980901e+00
5.280000000000200089e-01 1.187949999999986517e-01 -1.387500000000045475e+00
4.864999999998644853e-01 1.185299999999998022e-01 -1.398000000000024556e+00
4.464999999999008651e-01 1.215150000000022601e-01 -1.409499999999979991e+00
4.385000000000900400e-01 1.248099999999965348e-01 -1.438999999999964530e+00
3.650000000000090949e-01 1.248649999999962290e-01 -1.432999999999992724e+00
3.264999999998963176e-01 1.268450000000029831e-01 -1.445500000000038199e+00
3.179999999999836291e-01 1.284700000000036368e-01 -1.471499999999991815e+00
2.450000000000045475e-01 1.293749999999995737e-01 -1.459499999999934516e+00
2.050000000000409273e-01 1.309649999999997760e-01 -1.465000000000031832e+00
1.960000000001400622e-01 1.330200000000019145e-01 -1.491000000000099135e+00
1.265000000000782165e-01 1.321649999999969793e-01 -1.477499999999963620e+00
8.600000000001273293e-02 1.316749999999977661e-01 -1.480499999999892680e+00
4.750000000001364242e-02 1.331450000000025113e-01 -1.483500000000049113e+00
8.999999999900865078e-03 1.335700000000024090e-01 -1.485500000000115506e+00
0.000000000000000000e+00 1.350750000000005002e-01 -1.506499999999959982e+00
-6.699999999989358912e-02 1.352599999999988256e-01 -1.488999999999919055e+00
-1.055000000000063665e-01 1.358799999999966701e-01 -1.486999999999966349e+00
-1.140000000001464286e-01 1.370749999999993918e-01 -1.503500000000030923e+00
-1.835000000000945874e-01 1.321100000000043906e-01 -1.486000000000103682e+00
-2.224999999999681677e-01 1.291700000000020054e-01 -1.485999999999989996e+00
-2.649999999999863576e-01 1.319949999999963097e-01 -1.480499999999892680e+00
-3.064999999999145075e-01 1.318900000000020611e-01 -1.476999999999975444e+00
-3.139999999999645297e-01 1.336150000000024818e-01 -1.492000000000075488e+00
-3.885000000001355147e-01 1.338799999999977786e-01 -1.460000000000036380e+00
-4.310000000000400178e-01 1.332400000000006912e-01 -1.448999999999955435e+00
-4.389999999998508429e-01 1.340849999999988995e-01 -1.460500000000024556e+00
-5.154999999999745341e-01 1.328849999999981435e-01 -1.428500000000099135e+00
-5.560000000001537046e-01 1.332449999999987256e-01 -1.414999999999963620e+00
-5.615000000000236469e-01 1.298349999999999227e-01 -1.418499999999994543e+00
-6.429999999998017302e-01 1.191700000000039950e-01 -1.377499999999940883e+00
-6.879999999999881766e-01 1.127199999999994873e-01 -1.357999999999947249e+00
-7.340000000001509761e-01 1.177499999999973568e-01 -1.332500000000095497e+00
-7.725000000000363798e-01 1.115250000000003183e-01 -1.314999999999940883e+00
-7.684999999999035936e-01 1.048700000000017951e-01 -1.322499999999990905e+00
-8.444999999999254214e-01 1.080250000000013699e-01 -1.274000000000000909e+00
-8.815000000000736691e-01 1.094149999999984857e-01 -1.246999999999957254e+00
-8.780000000000427463e-01 1.119200000000013517e-01 -1.243500000000040018e+00
-9.519999999999981810e-01 1.101850000000013097e-01 -1.191500000000019099e+00
-9.855000000000018190e-01 1.094099999999968986e-01 -1.161000000000058208e+00
-1.019499999999993634e+00 1.104399999999969850e-01 -1.130499999999983629e+00
-1.054499999999961801e+00 1.092550000000045429e-01 -1.100000000000022737e+00
-1.047499999999899956e+00 1.089850000000041064e-01 -1.091499999999996362e+00
-1.118000000000051841e+00 1.075399999999966383e-01 -1.035499999999956344e+00
-1.151000000000067303e+00 1.070549999999990121e-01 -1.002500000000054570e+00
-1.144999999999981810e+00 1.064900000000008617e-01 -9.919999999999618012e-01
-1.211999999999989086e+00 1.023749999999985505e-01 -9.370000000000118234e-01
-1.242500000000063665e+00 9.977500000000105729e-02 -9.030000000000200089e-01
-1.270500000000083674e+00 9.892500000000126192e-02 -8.704999999999927240e-01
-1.297500000000013642e+00 9.871499999999500119e-02 -8.374999999999772626e-01
-1.288999999999873580e+00 9.830999999999789907e-02 -8.229999999999790816e-01
-1.346499999999878128e+00 9.662000000000148248e-02 -7.680000000000291038e-01
-1.373000000000047294e+00 9.537500000000065370e-02 -7.329999999999472493e-01
-1.368000000000051841e+00 9.507000000000331852e-02 -7.174999999999727152e-01
-1.418000000000006366e+00 9.156500000000278305e-02 -6.670000000000300133e-01
-1.438999999999964530e+00 8.905999999999636429e-02 -6.335000000000263753e-01
-1.435500000000047294e+00 8.899999999999863576e-02 -6.180000000000518412e-01
-1.479499999999916326e+00 8.895500000000566843e-02 -5.729999999999790816e-01
-1.497500000000059117e+00 8.950499999999905754e-02 -5.379999999998972271e-01
-1.513000000000033651e+00 8.783499999999477836e-02 -5.069999999999481588e-01
-1.531999999999925421e+00 8.523499999999728516e-02 -4.755000000000109139e-01
-1.531000000000062755e+00 8.361000000000018417e-02 -4.550000000000409273e-01
-1.559499999999957254e+00 8.194500000000104478e-02 -4.190000000000964064e-01
-1.573999999999955435e+00 8.132000000000161322e-02 -3.925000000000409273e-01
-1.576500000000010004e+00 8.099999999999951683e-02 -3.740000000000236469e-01
-1.597499999999968168e+00 7.826000000000377099e-02 -3.464999999999918145e-01
-1.609999999999899956e+00 7.581500000000218620e-02 -3.259999999999081410e-01
-1.614500000000020918e+00 7.386499999999429633e-02 -3.104999999999336069e-01
-1.631500000000187356e+00 7.252000000000080604e-02 -2.889999999999872671e-01
-1.642500000000040927e+00 7.209999999999894271e-02 -2.720000000000482032e-01
-1.651999999999929969e+00 7.216999999999629267e-02 -2.564999999999599822e-01
-1.658999999999991815e+00 7.220000000000226237e-02 -2.395000000000209184e-01
-1.669499999999970896e+00 7.313500000000416890e-02 -2.280000000000654836e-01
-1.683000000000106411e+00 7.430499999999895522e-02 -2.159999999998944986e-01
-1.684000000000082764e+00 7.398499999999685883e-02 -2.060000000000172804e-01
-1.688499999999862666e+00 7.324999999999803890e-02 -1.995000000000572982e-01
-1.690999999999917236e+00 7.256500000000087880e-02 -1.909999999999172360e-01
-1.691500000000132786e+00 7.204000000000476689e-02 -1.825000000000045475e-01
-1.695500000000038199e+00 7.183500000000009322e-02 -1.755000000000563887e-01
-1.697000000000002728e+00 7.200999999999524448e-02 -1.690000000000964064e-01
-1.697000000000002728e+00 7.159500000000207365e-02 -1.625000000000227374e-01
-1.696999999999889042e+00 7.066500000000530690e-02 -1.574999999999135980e-01
-1.699000000000069122e+00 7.046499999999866759e-02 -1.544999999999845386e-01
-1.701000000000135515e+00 6.997999999999393594e-02 -1.514999999999417923e-01
-1.702499999999986358e+00 6.916499999999814463e-02 -1.494999999999890861e-01
-1.703999999999837200e+00 6.915000000000048885e-02 -1.475000000000363798e-01
-1.703499999999849024e+00 6.969000000000136197e-02 -1.449999999999818101e-01
-1.706500000000005457e+00 7.111000000000444743e-02 -1.435000000000172804e-01
-1.708000000000083674e+00 7.259499999999974307e-02 -1.415000000000645741e-01
-1.706500000000119144e+00 7.350499999999726697e-02 -1.394999999999981810e-01
-1.707499999999981810e+00 7.386000000000336740e-02 -1.379999999999199645e-01
-1.706499999999891770e+00 7.316500000000303316e-02 -1.359999999999672582e-01
-1.705000000000040927e+00 7.259999999999422471e-02 -1.335000000000263753e-01
-1.700500000000033651e+00 7.193999999999789452e-02 -1.309999999999718057e-01
-1.691999999999893589e+00 7.097500000000422915e-02 -1.290000000000190994e-01
-1.683500000000094587e+00 6.962999999999652800e-02 -1.275000000000545697e-01
-1.675500000000056389e+00 6.750999999999862666e-02 -1.245000000000118234e-01
-1.671999999999911779e+00 6.485000000000695763e-02 -1.210000000000945874e-01
-1.667500000000018190e+00 6.156999999999612783e-02 -1.175000000000636646e-01
-1.660999999999944521e+00 5.892499999999500915e-02 -1.134999999999308784e-01
-1.653999999999996362e+00 5.879500000000348336e-02 -1.089999999999236024e-01
-1.647500000000036380e+00 5.842000000000524551e-02 -1.034999999999399733e-01
-1.635499999999979082e+00 5.615499999999684633e-02 -9.600000000000363798e-02
-1.625999999999976353e+00 5.499499999999812871e-02 -8.300000000008367351e-02
-1.615000000000009095e+00 5.364000000000146429e-02 -6.949999999994815880e-02
-1.596999999999979991e+00 5.140999999999706915e-02 -5.499999999994997779e-02
-1.592499999999972715e+00 5.035500000000325826e-02 -3.500000000008185452e-02
-1.578500000000076398e+00 4.891000000000644832e-02 -1.850000000001728040e-02
-1.566500000000132786e+00 4.726999999999748070e-02 4.999999999995452526e-03
-1.552999999999997272e+00 4.557499999999947704e-02 2.750000000003183231e-02
-1.523999999999887223e+00 4.252999999999929059e-02 4.550000000006093615e-02
-1.523500000000012733e+00 3.825499999999948386e-02 8.399999999994633981e-02
-1.508500000000140062e+00 3.443000000000040473e-02 1.135000000000445652e-01
-1.474499999999920874e+00 3.130999999999772854e-02 1.319999999999481588e-01
-1.480999999999880856e+00 2.766500000000604587e-02 1.769999999999072315e-01
-1.463500000000067303e+00 2.586999999999761712e-02 2.100000000000363798e-01
-1.458500000000071850e+00 2.501999999999782176e-02 2.555000000000973159e-01
-1.456999999999993634e+00 2.414000000000271484e-02 3.049999999999499778e-01
-1.416999999999916326e+00 1.573999999999387001e-02 3.149999999999408828e-01
-1.434999999999945430e+00 -1.564999999999372449e-03 3.620000000000800355e-01
-1.422000000000025466e+00 -1.104999999999733973e-02 4.004999999999654392e-01
-1.375000000000000000e+00 -1.807000000000158479e-02 4.175000000000181899e-01
-1.396999999999934516e+00 -2.602999999999866532e-02 4.890000000000327418e-01
-1.375500000000101863e+00 -3.737500000000437694e-02 5.304999999999608917e-01
-1.360500000000001819e+00 -4.076500000000038426e-02 5.759999999999081410e-01
-1.334999999999922693e+00 -3.932499999999805596e-02 6.180000000000518412e-01
-1.257500000000050022e+00 -3.890000000000526370e-02 6.285000000001446097e-01
-1.278500000000121872e+00 -3.767500000000012506e-02 7.074999999999818101e-01
-1.251999999999952706e+00 -3.846999999998956810e-02 7.534999999999172360e-01
-1.168499999999880856e+00 -3.569999999999851070e-02 7.619999999999436113e-01
-1.189000000000078217e+00 -4.000500000000783984e-02 8.375000000000909495e-01
-1.158500000000003638e+00 -4.102499999999764668e-02 8.780000000000427463e-01
-1.126499999999964530e+00 -4.085999999999501142e-02 9.174999999999045031e-01
-1.088999999999941792e+00 -4.113999999999862212e-02 9.555000000000291038e-01
-9.974999999999454303e-01 -4.132500000000050022e-02 9.560000000000172804e-01
-1.012000000000057298e+00 -4.677500000000378577e-02 1.027500000000031832e+00
-9.735000000000582077e-01 -5.022000000000303999e-02 1.064000000000078217e+00
-8.809999999999718057e-01 -5.179499999999848114e-02 1.062500000000000000e+00
-8.925000000000409273e-01 -5.765000000000242153e-02 1.127499999999940883e+00
-8.530000000000654836e-01 -6.034000000000361297e-02 1.158999999999878128e+00
-8.089999999999690772e-01 -6.264499999999628699e-02 1.186500000000023647e+00
-7.680000000000291038e-01 -6.747000000000014097e-02 1.211500000000000909e+00
-6.825000000000045475e-01 -6.859000000000037289e-02 1.207999999999969987e+00
-6.870000000000118234e-01 -7.464999999999832880e-02 1.263500000000021828e+00
-6.494999999999890861e-01 -7.622500000000087539e-02 1.287000000000034561e+00
-5.709999999999126885e-01 -7.313500000000061618e-02 1.280500000000074579e+00
-5.690000000000736691e-01 -7.799999999999585043e-02 1.324499999999943611e+00
-5.290000000001100489e-01 -8.164000000000015689e-02 1.341499999999996362e+00
-4.489999999999554348e-01 -8.183500000000520913e-02 1.331500000000005457e+00
-4.539999999998372004e-01 -8.538000000000067757e-02 1.379500000000007276e+00
-4.115000000000463842e-01 -8.743499999999926331e-02 1.394999999999981810e+00
-3.695000000000163709e-01 -7.757999999999753982e-02 1.408000000000015461e+00
-3.194999999999481588e-01 -8.739999999999525926e-02 1.411000000000058208e+00
-2.235000000000582077e-01 -1.018049999999988131e-01 1.389000000000010004e+00
-2.219999999999799911e-01 -1.093800000000015871e-01 1.441500000000019099e+00
-1.714999999999236024e-01 -1.069000000000031037e-01 1.456999999999993634e+00
-7.550000000003365130e-02 -9.546500000000435193e-02 1.431500000000028194e+00
-7.400000000006912160e-02 -9.562499999999474198e-02 1.462999999999965439e+00
-2.899999999988267518e-02 -9.847999999999856868e-02 1.462499999999977263e+00
2.049999999996998667e-02 -1.035100000000035436e-01 1.463999999999941792e+00
7.099999999991268851e-02 -1.087799999999958800e-01 1.466499999999882675e+00
1.664999999999281499e-01 -1.148050000000004900e-01 1.433500000000094587e+00
1.660000000000536602e-01 -1.167550000000012744e-01 1.461000000000126420e+00
2.124999999999772626e-01 -1.177099999999988711e-01 1.456499999999891770e+00
3.060000000000400178e-01 -1.164550000000055263e-01 1.423499999999989996e+00
3.130000000001018634e-01 -1.157499999999984652e-01 1.447499999999990905e+00
3.584999999999354259e-01 -1.150899999999950296e-01 1.443999999999959982e+00
4.099999999999681677e-01 -1.164400000000043178e-01 1.436500000000023647e+00
4.524999999999863576e-01 -1.137600000000027478e-01 1.433999999999969077e+00
5.225000000000363798e-01 -1.099349999999965632e-01 1.409999999999968168e+00
5.354999999999563443e-01 -1.090599999999994907e-01 1.418499999999994543e+00
5.705000000000381988e-01 -1.087900000000026068e-01 1.411500000000046384e+00
6.230000000000472937e-01 -1.100799999999964029e-01 1.393000000000029104e+00
6.394999999998844942e-01 -1.122200000000006526e-01 1.395500000000083674e+00
6.744999999999663487e-01 -1.119950000000038415e-01 1.400999999999953616e+00
7.069999999999936335e-01 -1.092750000000002331e-01 1.388499999999908141e+00
7.155000000000200089e-01 -1.069400000000015893e-01 1.383000000000038199e+00
7.425000000000636646e-01 -1.054099999999955628e-01 1.384000000000014552e+00
7.699999999999818101e-01 -1.063399999999958823e-01 1.376999999999952706e+00
7.934999999999945430e-01 -1.071549999999987790e-01 1.381000000000085493e+00
8.145000000000663931e-01 -1.078650000000003217e-01 1.385500000000092768e+00
8.174999999999954525e-01 -1.068600000000046180e-01 1.381499999999959982e+00
8.244999999999436113e-01 -1.057050000000003820e-01 1.379000000000019099e+00
8.400000000000318323e-01 -1.052500000000016200e-01 1.390499999999974534e+00
8.500000000000227374e-01 -1.039900000000031355e-01 1.401999999999929969e+00
8.589999999999236024e-01 -1.021349999999969782e-01 1.411500000000046384e+00
8.635000000000445652e-01 -9.990499999999968850e-02 1.413499999999999091e+00
8.690000000001418812e-01 -9.895999999999816055e-02 1.413499999999885404e+00
8.784999999999172360e-01 -9.958999999999562647e-02 1.423499999999989996e+00
8.949999999999818101e-01 -1.037700000000008060e-01 1.444000000000073669e+00
8.930000000000291038e-01 -1.055200000000020566e-01 1.432500000000004547e+00
8.930000000000291038e-01 -1.042049999999967724e-01 1.426999999999907232e+00
0.000000000000000000e+00 0.000000000000000000e+00 0.000000000000000000e+00
