0.000000000000000000e+00 0.000000000000000000e+00 0.000000000000000000e+00
3.742265000000000261e-04 -2.240592500000000015e-02 1.315543499999999977e+00
1.166529700000000155e-03 -2.140221499999999527e-02 1.317858999999999892e+00
1.060173499999999928e-03 -1.921989500000000073e-02 1.319954000000000294e+00
2.396564999999999807e-03 -1.587489500000000692e-02 1.323879000000000250e+00
2.082945000000000109e-03 -1.566785000000001093e-02 1.328661999999999122e+00
7.865850000000028375e-05 -1.658874999999998545e-02 1.330427499999999874e+00
-7.714499999999999136e-04 -1.532559999999999478e-02 1.332649000000000861e+00
-2.154472000000000158e-03 -1.349155000000000493e-02 1.336224999999999774e+00
-4.321550000000000391e-03 -1.623275000000000412e-02 1.338109999999999467e+00
-4.635575000000000286e-03 -2.050610000000002708e-02 1.344290000000000873e+00
-1.202766499999999815e-03 -2.024689999999998435e-02 1.350870000000001347e+00
3.167272000000000056e-03 -1.799364999999998604e-02 1.352014999999998857e+00
4.636900499999999960e-03 -1.674805000000000044e-02 1.352239999999998332e+00
1.825948499999999718e-03 -1.968084999999999973e-02 1.353290000000001214e+00
-2.885780249999999984e-03 -2.615980000000001082e-02 1.359524999999999650e+00
-5.752004999999999271e-03 -2.685134999999999605e-02 1.365414999999998713e+00
-4.476894749999999965e-03 -2.325635000000000896e-02 1.371465000000000600e+00
1.154071500000000174e-03 -2.016400000000001524e-02 1.374100000000000321e+00
5.840768500000000259e-03 -2.059805000000000663e-02 1.373020000000000351e+00
5.171386999999999512e-03 -2.287889999999997981e-02 1.374910000000001631e+00
2.988375499999999449e-03 -2.458969999999999212e-02 1.377560000000000784e+00
7.727414999999997029e-04 -2.605779999999999208e-02 1.382594999999998464e+00
1.830714999999996651e-04 -2.655939999999998302e-02 1.383979999999997546e+00
1.673162000000000607e-03 -2.905134999999997580e-02 1.387760000000000105e+00
1.907116500000000971e-03 -3.119330000000003489e-02 1.395045000000003199e+00
2.470689999999999345e-03 -2.839229999999998144e-02 1.397529999999999717e+00
2.424554999999999245e-03 -2.461464999999996017e-02 1.396834999999995830e+00
2.157355000000000557e-03 -2.190570000000002793e-02 1.399240000000002482e+00
1.097465000000000593e-03 -2.343600000000001238e-02 1.404720000000001079e+00
9.574099999999988175e-04 -2.521000000000001018e-02 1.407104999999997830e+00
3.530099999999999558e-03 -2.356675000000002518e-02 1.408605000000001439e+00
4.758025000000000795e-03 -2.244650000000003587e-02 1.411345000000000738e+00
3.928335000000001548e-03 -2.158669999999995870e-02 1.414415000000001754e+00
1.365924999999998737e-03 -2.248029999999995310e-02 1.419179999999997221e+00
-1.162495000000002970e-03 -2.230175000000000907e-02 1.422569999999996782e+00
-2.317129999999998843e-03 -2.127760000000006313e-02 1.424340000000000828e+00
-3.192774999999998392e-03 -1.987429999999995589e-02 1.427489999999998815e+00
-4.064284999999999079e-03 -2.014539999999992448e-02 1.428165000000003459e+00
-4.280535000000000243e-03 -2.074819999999999443e-02 1.429720000000003211e+00
-3.800140000000000462e-03 -2.020630000000001036e-02 1.430429999999997648e+00
-3.366674999999999529e-03 -1.903345000000011833e-02 1.428525000000000489e+00
-3.352422500000000471e-03 -1.867965000000004760e-02 1.428840000000000998e+00
-3.655570000000000347e-03 -1.990074999999996708e-02 1.427149999999997476e+00
-3.916249000000000119e-03 -2.160325000000001827e-02 1.424400000000002109e+00
-2.818906999999999836e-03 -2.171329999999999094e-02 1.421960000000002111e+00
-2.322845500000000202e-03 -2.094499999999999140e-02 1.418709999999997251e+00
-3.573352999999999599e-03 -2.101399999999997714e-02 1.415619999999996992e+00
-6.705232999999999680e-03 -2.318749999999991651e-02 1.413265000000002658e+00
-8.501220000000000304e-03 -2.381400000000000183e-02 1.413445000000002949e+00
-7.885009999999999589e-03 -2.107800000000004115e-02 1.411924999999996544e+00
-7.561875000000000888e-03 -1.907800000000003937e-02 1.404930000000000234e+00
-5.820735000000000492e-03 -1.754000000000000004e-02 1.401335000000003106e+00
-5.565139999999999670e-03 -2.061950000000001282e-02 1.402319999999996014e+00
-3.904609999999999331e-03 -2.231550000000004363e-02 1.399169999999998026e+00
2.017650000000030530e-04 -2.040449999999993658e-02 1.395230000000005077e+00
2.521304999999997992e-03 -1.935649999999988768e-02 1.392330000000001178e+00
2.020564999999998473e-03 -2.012600000000008826e-02 1.387994999999996537e+00
5.772150000000024483e-04 -2.101050000000004303e-02 1.385880000000000223e+00
-1.929304999999999215e-03 -2.087199999999989064e-02 1.386359999999996262e+00
-6.165985000000002297e-03 -2.078450000000009457e-02 1.384204999999994357e+00
-1.124484499999999984e-02 -2.183200000000007357e-02 1.383240000000007797e+00
-1.182807999999999776e-02 -2.136849999999990146e-02 1.381735000000006153e+00
-1.147593499999999961e-02 -1.947249999999989267e-02 1.378095000000001846e+00
-1.333564999999999751e-02 -1.839950000000001307e-02 1.373075000000000045e+00
-1.510140500000000524e-02 -1.770950000000004465e-02 1.367469999999997299e+00
-1.720639999999999670e-02 -1.809150000000003811e-02 1.364074999999999704e+00
-2.068484999999999074e-02 -1.906549999999995748e-02 1.359739999999995064e+00
-2.294029999999999681e-02 -2.012449999999998962e-02 1.355214999999994063e+00
-2.116329999999999600e-02 -2.014400000000005075e-02 1.352345000000006792e+00
-2.153235000000000565e-02 -2.073499999999994792e-02 1.350655000000003270e+00
-1.827005000000000989e-02 -1.926050000000001372e-02 1.347424999999994100e+00
-1.749824999999999298e-02 -1.916750000000011500e-02 1.345134999999999081e+00
-1.909429999999998073e-02 -2.012399999999991973e-02 1.342800000000003990e+00
-1.796174999999999855e-02 -2.001399999999986523e-02 1.339550000000002683e+00
-1.431770000000001652e-02 -1.902600000000009839e-02 1.337449999999996919e+00
-1.449149999999999050e-02 -2.119300000000001738e-02 1.340399999999995373e+00
-1.770879999999999677e-02 -2.398800000000000932e-02 1.342800000000003990e+00
-1.973375000000002211e-02 -2.415350000000004993e-02 1.339650000000006003e+00
-2.175090000000001744e-02 -2.441349999999997689e-02 1.335099999999997067e+00
-1.996839999999999726e-02 -2.362900000000001111e-02 1.330199999999997829e+00
-1.382669999999999733e-02 -2.194200000000001705e-02 1.326000000000000512e+00
-7.938500000000014989e-03 -2.050350000000000783e-02 1.327550000000002228e+00
-5.754800000000004356e-03 -2.012199999999997324e-02 1.332200000000000273e+00
-1.912599999999986533e-03 -1.839499999999993918e-02 1.333649999999998670e+00
1.432100000000019469e-03 -1.580850000000011413e-02 1.334150000000001057e+00
2.500000000071889161e-07 -1.726400000000005708e-02 1.338549999999997908e+00
-8.339750000000006880e-03 -2.754099999999992665e-02 1.353549999999998477e+00
-1.132990000000003161e-02 -3.185399999999993792e-02 1.359850000000001558e+00
-7.480850000000011102e-03 -2.969800000000000217e-02 1.357550000000003365e+00
-4.029250000000011989e-03 -2.813250000000011575e-02 1.356450000000002376e+00
-4.297299999999976139e-03 -3.285049999999989367e-02 1.354499999999994486e+00
-3.838249999999959750e-03 -3.602400000000005598e-02 1.356249999999995737e+00
-1.715250000000029251e-03 -3.358149999999993085e-02 1.357250000000007617e+00
8.420000000000094076e-04 -3.057299999999996132e-02 1.353049999999996089e+00
4.293150000000023336e-03 -2.725650000000023887e-02 1.351349999999996498e+00
2.511299999999966337e-03 -3.172149999999995806e-02 1.352850000000003661e+00
-2.130000000000187299e-04 -3.534299999999990227e-02 1.352450000000004593e+00
3.037500000000470379e-04 -3.168850000000000833e-02 1.349599999999995248e+00
7.737000000000160416e-04 -2.823299999999995258e-02 1.348900000000000432e+00
1.572999999999713516e-04 -2.771999999999996689e-02 1.350999999999999091e+00
-1.434749999999984649e-03 -3.000599999999997713e-02 1.350249999999988404e+00
-3.138350000000011963e-03 -3.006850000000005352e-02 1.349800000000001887e+00
-3.630100000000052729e-03 -2.629450000000010945e-02 1.348500000000001364e+00
-4.221949999999974334e-03 -2.656900000000006479e-02 1.347800000000006548e+00
-3.345249999999966306e-03 -2.956899999999995643e-02 1.345600000000004570e+00
-2.756850000000005130e-03 -3.397249999999973902e-02 1.347999999999998977e+00
-9.458999999999995190e-04 -3.138649999999998386e-02 1.350949999999997431e+00
-2.191799999999993753e-03 -2.782400000000007090e-02 1.347149999999999181e+00
-7.350550000000011241e-03 -2.813099999999990608e-02 1.344350000000005707e+00
-1.259555000000001090e-02 -3.158749999999987956e-02 1.344599999999999795e+00
-1.117754999999998056e-02 -3.312850000000011619e-02 1.346299999999999386e+00
-2.423850000000005167e-03 -2.982850000000025759e-02 1.347800000000006548e+00
4.926749999999979757e-03 -2.713900000000002422e-02 1.349299999999999500e+00
9.616349999999967979e-03 -2.385049999999999670e-02 1.349499999999991928e+00
9.798799999999996402e-03 -2.261000000000001897e-02 1.347849999999993997e+00
7.364400000000020929e-03 -2.381499999999991957e-02 1.348550000000003024e+00
3.618900000000035977e-03 -2.461050000000009064e-02 1.350099999999997635e+00
4.047800000000018050e-03 -2.523699999999995391e-02 1.350250000000002615e+00
7.433799999999962660e-03 -2.503149999999987330e-02 1.350950000000011642e+00
8.426949999999988616e-03 -2.415200000000017333e-02 1.354749999999995680e+00
9.650000000000019673e-03 -2.565949999999994624e-02 1.359649999999987813e+00
8.741300000000007397e-03 -2.550099999999977385e-02 1.360600000000005139e+00
5.256149999999959466e-03 -2.612700000000001133e-02 1.359900000000010323e+00
1.564475000000001281e-02 -2.308550000000009206e-02 1.361949999999993111e+00
2.542985000000003160e-02 -2.326549999999993901e-02 1.366500000000002046e+00
1.661209999999999076e-02 -2.685849999999989635e-02 1.372500000000002274e+00
1.461689999999998824e-02 -2.388400000000001633e-02 1.377899999999996794e+00
1.869964999999998434e-02 -1.373250000000014737e-02 1.378050000000001774e+00
1.873700000000003141e-02 -7.206999999999963435e-03 1.376049999999992224e+00
1.343815000000000981e-02 -1.360499999999986720e-02 1.378399999999999181e+00
6.202349999999995367e-03 -1.957350000000013246e-02 1.380350000000007071e+00
-2.009500000000052911e-04 -2.351750000000008001e-02 1.383899999999997021e+00
-4.828150000000003272e-03 -2.618300000000006733e-02 1.391249999999999432e+00
-3.704999999998292992e-05 -2.469849999999995660e-02 1.394800000000003593e+00
4.964049999999997631e-03 -2.500599999999986167e-02 1.397449999999992087e+00
2.598899999999987331e-03 -2.819500000000019213e-02 1.400449999999992201e+00
8.533000000000012797e-04 -2.869000000000010431e-02 1.403000000000005798e+00
2.964250000000001606e-03 -2.829249999999983167e-02 1.406250000000000000e+00
3.132649999999986834e-03 -2.965200000000001168e-02 1.408249999999995339e+00
2.535200000000015219e-03 -3.180249999999995580e-02 1.413450000000011642e+00
3.112850000000000339e-03 -3.160649999999987081e-02 1.418950000000009481e+00
1.214500000000007240e-03 -3.521100000000010333e-02 1.420599999999993202e+00
-2.666799999999996951e-03 -3.749500000000005606e-02 1.420949999999990609e+00
-9.749300000000016286e-03 -4.340299999999985836e-02 1.421649999999999636e+00
-1.616750000000000131e-02 -4.785700000000003840e-02 1.428100000000000591e+00
-1.678870000000001750e-02 -4.210650000000026871e-02 1.435299999999998022e+00
-9.822250000000004588e-03 -3.262399999999976430e-02 1.437600000000003320e+00
2.224499999999851596e-04 -2.425349999999992789e-02 1.437800000000009959e+00
4.005950000000008115e-03 -2.417350000000006993e-02 1.442899999999994520e+00
2.968950000000025735e-03 -2.340149999999985297e-02 1.448749999999989768e+00
4.337500000000105160e-04 -2.284300000000016873e-02 1.452450000000013119e+00
-2.876500000000004054e-03 -2.902949999999981934e-02 1.458500000000000796e+00
-5.176149999999990481e-03 -3.370450000000002611e-02 1.461049999999985971e+00
-4.814950000000012276e-03 -3.456000000000036820e-02 1.464650000000006003e+00
-2.083900000000027397e-03 -3.410900000000016696e-02 1.470550000000002910e+00
7.998500000000186017e-04 -2.951100000000006496e-02 1.473649999999992133e+00
-1.502149999999979890e-03 -2.881599999999995276e-02 1.477750000000000341e+00
-5.461750000000015204e-03 -3.130349999999992860e-02 1.478850000000008436e+00
-5.350000000000021405e-03 -3.277549999999962438e-02 1.481700000000003570e+00
-4.301049999999972950e-03 -3.100099999999983424e-02 1.485100000000002751e+00
-2.981049999999985101e-03 -2.866650000000015019e-02 1.486800000000002342e+00
-1.631950000000020884e-03 -2.768550000000002953e-02 1.489849999999989905e+00
-6.881499999999707295e-04 -2.881650000000024470e-02 1.490650000000002251e+00
5.465000000001718483e-05 -2.900549999999979534e-02 1.490999999999999659e+00
9.589999999999876401e-04 -2.545399999999986562e-02 1.492599999999995930e+00
2.045650000000009960e-03 -2.495800000000025776e-02 1.495500000000006935e+00
1.322999999999990850e-03 -2.728999999999981441e-02 1.496200000000001751e+00
-9.495500000000212104e-04 -3.066950000000012722e-02 1.498449999999991178e+00
-2.222550000000017567e-03 -3.330100000000024707e-02 1.503399999999999181e+00
-2.512549999999974526e-03 -3.349099999999971544e-02 1.505450000000010391e+00
-2.249399999999984745e-03 -3.258099999999952701e-02 1.507850000000004798e+00
-2.990500000000506642e-04 -3.089399999999997704e-02 1.510649999999998272e+00
5.133999999999971919e-04 -3.087500000000042988e-02 1.513499999999993406e+00
1.226550000000020679e-03 -3.127149999999989660e-02 1.515399999999999636e+00
2.400849999999982165e-03 -2.877899999999966596e-02 1.517899999999997362e+00
3.741049999999995768e-03 -2.718800000000021200e-02 1.522849999999991155e+00
4.344750000000008328e-03 -2.676150000000054874e-02 1.522550000000009618e+00
3.131399999999978645e-03 -2.752050000000005880e-02 1.524350000000012528e+00
2.701399999999992696e-03 -2.654099999999992576e-02 1.527949999999989927e+00
3.002250000000011854e-03 -2.434099999999972397e-02 1.530299999999996885e+00
3.228700000000028769e-03 -2.356999999999986883e-02 1.532200000000003115e+00
3.995250000000005741e-03 -2.459750000000049397e-02 1.532999999999987040e+00
4.539749999999981300e-03 -2.656849999999977285e-02 1.536349999999998772e+00
5.549950000000025696e-03 -2.633200000000002206e-02 1.538650000000018281e+00
6.385600000000019039e-03 -2.532950000000022683e-02 1.537000000000006139e+00
5.832850000000000534e-03 -2.447350000000003689e-02 1.536399999999986221e+00
4.651899999999986601e-03 -2.675399999999994449e-02 1.538049999999998363e+00
2.114599999999994262e-03 -3.081099999999992178e-02 1.542050000000017462e+00
2.277950000000000808e-03 -3.631349999999988754e-02 1.543399999999991223e+00
3.755150000000012644e-03 -3.825299999999964840e-02 1.540249999999986130e+00
2.107749999999963819e-03 -3.883999999999998565e-02 1.539500000000003865e+00
8.999999999999841460e-04 -4.095450000000022683e-02 1.540400000000005321e+00
1.281150000000036426e-03 -4.208350000000038449e-02 1.543900000000007822e+00
2.181699999999980877e-03 -4.051900000000019375e-02 1.544350000000008549e+00
1.309749999999998415e-03 -4.480849999999980682e-02 1.544299999999992679e+00
2.514150000000020535e-03 -4.756450000000000955e-02 1.543999999999982720e+00
5.145700000000003049e-03 -4.714999999999980318e-02 1.545800000000014052e+00
8.224500000000023459e-03 -4.464149999999955654e-02 1.550299999999992906e+00
1.231964999999998756e-02 -3.795050000000044221e-02 1.552349999999989905e+00
1.491514999999998814e-02 -3.482600000000024565e-02 1.552350000000018326e+00
1.588014999999999566e-02 -3.378049999999976905e-02 1.547799999999995180e+00
1.488249999999997908e-02 -3.727700000000000458e-02 1.549700000000001410e+00
1.382455000000001877e-02 -3.877500000000022595e-02 1.554100000000005366e+00
1.281660000000001132e-02 -3.711550000000007898e-02 1.555199999999985039e+00
1.219389999999997976e-02 -3.486499999999947974e-02 1.557799999999986085e+00
1.084899999999999753e-02 -3.605149999999968102e-02 1.560650000000009641e+00
8.691000000000004277e-03 -3.863300000000036150e-02 1.565750000000008413e+00
7.328150000000005493e-03 -4.003800000000001802e-02 1.570349999999990587e+00
9.072150000000001047e-03 -3.553249999999952280e-02 1.574749999999994543e+00
9.170349999999979906e-03 -3.150400000000042056e-02 1.582200000000000273e+00
6.754850000000006682e-03 -3.242350000000016053e-02 1.585450000000008686e+00
6.799650000000004302e-03 -3.419149999999948619e-02 1.588150000000013051e+00
9.538549999999999807e-03 -3.343549999999995137e-02 1.594200000000000728e+00
1.246165000000000467e-02 -3.325900000000014956e-02 1.597800000000006548e+00
1.179455000000000087e-02 -3.550550000000018969e-02 1.601049999999986539e+00
7.403800000000002046e-03 -4.027149999999979357e-02 1.605149999999980537e+00
3.870544999999996072e-03 -4.355399999999987060e-02 1.610750000000024329e+00
-4.222000000000253328e-05 -4.333000000000053475e-02 1.612800000000021328e+00
-6.636795000000000888e-03 -4.449150000000035021e-02 1.617549999999994270e+00
-5.698380000000002887e-03 -4.146099999999952601e-02 1.625399999999984857e+00
-1.073300000000006194e-03 -4.019849999999980383e-02 1.627949999999998454e+00
1.069600000000010820e-03 -3.883700000000045449e-02 1.628600000000005821e+00
2.349900000000001987e-03 -3.720949999999989544e-02 1.629099999999993997e+00
2.461999999999998912e-03 -3.752099999999991553e-02 1.630699999999990268e+00
2.569335000000005920e-03 -3.921850000000004499e-02 1.628700000000009140e+00
2.216759999999998176e-03 -4.034199999999987796e-02 1.627150000000000318e+00
2.360305000000000042e-03 -4.176850000000031926e-02 1.628950000000003229e+00
5.757409999999997530e-03 -4.066999999999998394e-02 1.628000000000014325e+00
9.841670000000003748e-03 -3.664699999999943003e-02 1.626599999999996271e+00
1.037862500000000243e-02 -3.340800000000010428e-02 1.622599999999977172e+00
7.989114999999998024e-03 -3.569200000000050110e-02 1.619249999999993861e+00
4.931349999999997541e-03 -3.926799999999985857e-02 1.616500000000002046e+00
4.475734999999998048e-03 -3.952700000000008984e-02 1.610199999999991860e+00
4.434594999999999509e-03 -4.070399999999985141e-02 1.609350000000006276e+00
3.463705000000000950e-03 -3.942299999999976379e-02 1.609499999999997044e+00
3.088730000000001336e-03 -3.481149999999999523e-02 1.612549999999998818e+00
2.880020000000000496e-03 -2.876049999999974460e-02 1.612050000000010641e+00
2.078184999999999755e-03 -2.548550000000071591e-02 1.603149999999999409e+00
1.131065000000000542e-03 -2.436300000000013455e-02 1.601300000000009049e+00
-9.625800000000010737e-04 -2.768499999999951555e-02 1.601300000000009049e+00
-3.507710000000000689e-03 -2.979749999999992127e-02 1.598899999999986221e+00
-7.769214999999999455e-03 -3.245349999999991297e-02 1.596350000000001046e+00
-1.060371499999999967e-02 -3.431149999999982825e-02 1.596599999999995134e+00
-1.122794000000000222e-02 -3.525249999999990891e-02 1.595049999999986312e+00
-1.146640499999999896e-02 -3.834500000000051756e-02 1.592200000000019600e+00
-1.111691499999999805e-02 -3.909950000000028680e-02 1.591949999999997090e+00
-1.169891999999999460e-02 -3.808149999999965729e-02 1.590849999999988995e+00
-1.250075499999999534e-02 -3.708599999999995234e-02 1.590950000000020736e+00
-1.155960000000001708e-02 -3.765099999999987901e-02 1.588249999999987949e+00
-9.846900000000012587e-03 -3.839099999999984192e-02 1.591499999999996362e+00
-1.153964999999998464e-02 -3.919050000000012801e-02 1.597400000000021691e+00
-1.243314999999999004e-02 -3.708350000000004698e-02 1.597199999999986630e+00
-1.529560000000000641e-02 -3.794599999999981321e-02 1.601399999999983947e+00
-1.802850000000000286e-02 -3.909849999999970294e-02 1.597100000000011732e+00
-1.855350000000001442e-02 -4.027499999999983871e-02 1.614400000000017599e+00
-1.744745000000000323e-02 -4.086350000000038563e-02 1.625000000000000000e+00
-1.449559999999999738e-02 -3.804800000000030380e-02 1.582849999999979218e+00
-1.238719999999998711e-02 -3.626400000000007395e-02 1.580999999999988859e+00
-9.205949999999990530e-03 -3.474099999999991084e-02 1.605900000000019645e+00
-7.885350000000013182e-03 -3.453749999999988773e-02 1.609900000000010323e+00
-8.695649999999999213e-03 -3.531950000000039225e-02 1.613649999999978490e+00
-8.864049999999984442e-03 -3.683399999999981134e-02 1.616849999999999454e+00
-8.086349999999992155e-03 -3.682599999999958129e-02 1.615499999999997272e+00
-7.465400000000038672e-03 -3.733450000000004820e-02 1.613499999999987722e+00
-6.244300000000008177e-03 -3.644449999999999079e-02 1.617250000000012733e+00
-4.820400000000002461e-03 -3.384049999999971803e-02 1.619050000000015643e+00
-3.673249999999989024e-03 -3.229850000000000776e-02 1.625100000000003320e+00
-1.565699999999947689e-03 -3.363100000000063261e-02 1.626000000000004775e+00
0.000000000000000000e+00 0.000000000000000000e+00 0.000000000000000000e+00
