0.000000000000000000e+00 0.000000000000000000e+00 0.000000000000000000e+00
-1.002800000000000046e-02 -2.314844500000000013e-02 9.631704999999999295e-01
-1.381604500000000076e-02 -3.099731499999999751e-02 9.617135000000002210e-01
-1.115269999999999803e-02 -2.939938500000000010e-02 9.592484999999999484e-01
-9.979054999999997094e-03 -2.491714499999999471e-02 9.453229999999999134e-01
-1.102774999999999936e-02 -1.567499999999999449e-02 9.349219999999998088e-01
-1.238940000000000180e-02 -1.150545000000000040e-02 9.335995000000001376e-01
-1.293774000000000313e-02 -1.279940000000000244e-02 9.295455000000005796e-01
-1.238370500000000179e-02 -9.351700000000004454e-03 9.298554999999990578e-01
-1.312699999999999284e-02 -6.232000000000015305e-03 9.267169999999991248e-01
-1.403139999999999943e-02 -6.566849999999999077e-03 9.368260000000008247e-01
-1.366195000000000603e-02 -1.196499999999998953e-02 9.172650000000004411e-01
-1.355889999999998485e-02 -1.788364999999998706e-02 8.968650000000000233e-01
-1.501249999999999807e-02 -2.234604999999999231e-02 9.089550000000006236e-01
-1.498615000000001751e-02 -2.028580000000002048e-02 9.061350000000008009e-01
-1.602099999999999358e-02 -1.242920000000000136e-02 9.024549999999997851e-01
-1.871420000000000028e-02 -8.651800000000015034e-03 8.987849999999983908e-01
-1.895190000000002151e-02 -6.566650000000007203e-03 8.942849999999999966e-01
-1.818245000000001665e-02 -5.522249999999978565e-03 8.918750000000006395e-01
-1.944559999999997957e-02 -7.798150000000003690e-03 8.896749999999986613e-01
-2.076274999999999649e-02 -9.641349999999992981e-03 8.839699999999997004e-01
-1.991180000000003503e-02 -4.099799999999986788e-03 8.773550000000014393e-01
-1.858574999999998423e-02 1.589649999999970253e-03 8.715749999999999886e-01
-1.949104999999995425e-02 2.410649999999986415e-03 8.659949999999998482e-01
-2.079675000000000273e-02 2.291150000000047315e-03 8.598999999999996646e-01
-1.977725000000002398e-02 1.597200000000020825e-03 8.572699999999997544e-01
-1.733219999999996430e-02 5.094149999999991740e-03 8.422250000000008896e-01
-1.764940000000000953e-02 7.587449999999967831e-03 8.253899999999987358e-01
-2.052230000000004884e-02 6.344649999999979473e-03 8.190950000000007947e-01
-2.211034999999997308e-02 2.722050000000031389e-03 8.053800000000013171e-01
-2.282300000000000995e-02 -2.613850000000000895e-03 7.945999999999990848e-01
-2.305284999999998585e-02 -4.816750000000008525e-03 7.888699999999992940e-01
-2.316339999999994514e-02 -2.089699999999972135e-03 7.785399999999995657e-01
-2.299050000000002481e-02 6.861000000000005983e-03 7.692700000000005645e-01
-2.441624999999997270e-02 8.755049999999986454e-03 7.633299999999998420e-01
-2.681880000000003150e-02 1.679199999999964055e-03 7.521000000000004349e-01
-2.980715000000005999e-02 -3.184750000000013959e-03 7.407950000000020907e-01
-3.484039999999999360e-02 -6.070349999999974377e-03 7.324149999999995941e-01
-3.905009999999997650e-02 -4.932700000000012075e-03 7.343149999999987187e-01
-3.954749999999995769e-02 -1.599900000000015199e-03 7.154449999999989984e-01
-3.745195000000006713e-02 3.840350000000020136e-03 6.910999999999987153e-01
-3.592570000000006036e-02 8.369300000000023942e-03 6.901049999999990803e-01
-3.774149999999998339e-02 5.288999999999988155e-03 6.817400000000013449e-01
-3.885969999999999702e-02 4.604899999999995108e-03 6.689300000000031332e-01
-3.412995000000001999e-02 9.263500000000007839e-03 6.571700000000006980e-01
-2.918729999999991609e-02 8.158499999999985208e-03 6.446949999999986858e-01
-2.836149999999992843e-02 4.852149999999999519e-03 6.369650000000000034e-01
-3.025125000000000730e-02 1.445849999999998525e-03 6.431000000000004491e-01
-2.990600000000009917e-02 -6.541999999999936755e-04 6.273149999999994009e-01
-2.638799999999996704e-02 9.488500000000288370e-04 6.020299999999991769e-01
-2.234199999999986197e-02 2.753299999999986314e-03 5.917899999999995941e-01
-1.793900000000003825e-02 3.483999999999987107e-03 5.766799999999996373e-01
-1.453000000000004288e-02 2.183100000000007257e-03 5.583500000000007901e-01
-1.023500000000010512e-02 4.725999999999896950e-04 5.376100000000008095e-01
-4.394000000000009010e-03 4.769999999999774420e-05 5.173299999999976251e-01
-7.929999999999326477e-04 3.086900000000003530e-03 4.954999999999998295e-01
1.595999999999930807e-03 5.590449999999996811e-03 4.737100000000005195e-01
5.684999999999940101e-03 1.645400000000005192e-03 4.517400000000009186e-01
1.120750000000003688e-02 -1.589949999999992758e-03 4.305750000000010402e-01
1.740050000000004093e-02 -1.329749999999990662e-03 4.093599999999995021e-01
2.077300000000004143e-02 -5.723000000000116883e-04 3.844700000000003115e-01
2.068400000000003569e-02 3.865499999999855163e-04 3.673250000000010118e-01
1.933549999999994995e-02 -6.203499999999917414e-04 3.369199999999992201e-01
2.080450000000000355e-02 -2.822949999999990744e-03 3.046599999999983766e-01
2.661200000000008004e-02 -6.427600000000005531e-03 2.862399999999993838e-01
3.151834999999997278e-02 -8.189399999999999458e-03 2.699600000000010880e-01
3.465365000000003581e-02 -7.159350000000008762e-03 2.623550000000030025e-01
3.767505000000004323e-02 -6.332650000000022983e-03 2.579150000000005605e-01
4.010709999999989561e-02 -6.489349999999977081e-03 2.557449999999974466e-01
4.465764999999993767e-02 -6.324849999999992978e-03 2.586549999999974148e-01
4.951490000000008385e-02 -5.501700000000026014e-03 2.495350000000016166e-01
5.563649999999997764e-02 -5.334850000000002090e-03 2.404399999999995430e-01
6.402829999999998245e-02 -5.359699999999967268e-03 2.455899999999999750e-01
6.726630000000000109e-02 -5.011199999999993437e-03 2.383450000000024716e-01
7.036699999999998512e-02 -4.707700000000009100e-03 2.339850000000005537e-01
7.756580000000004582e-02 -5.562099999999986499e-03 2.371100000000012642e-01
8.585094999999998144e-02 -6.898949999999987037e-03 2.374499999999990507e-01
9.312440000000000995e-02 -8.085549999999996906e-03 2.389049999999990348e-01
1.012525999999999843e-01 -9.224800000000032973e-03 2.402750000000004604e-01
1.107592436000000014e-01 -1.020810000000002549e-02 2.352600000000002467e-01
1.228333000000000064e-01 -1.015919999999995160e-02 2.275999999999989143e-01
1.378790064000000037e-01 -9.449050000000014382e-03 2.253149999999983777e-01
1.485125999999999946e-01 -9.081200000000011485e-03 2.221799999999980457e-01
1.573797500000000127e-01 -9.256449999999971645e-03 2.192799999999976990e-01
1.710650500000000240e-01 -1.008140000000001812e-02 2.219000000000015405e-01
1.872229500000000546e-01 -1.142664999999998265e-02 2.268950000000025113e-01
2.010925499999999810e-01 -1.382805000000003615e-02 2.253299999999995862e-01
2.182374999999999732e-01 -1.599015000000003628e-02 2.270000000000003126e-01
2.429844999999999366e-01 -1.722984999999993549e-02 2.293300000000044747e-01
2.721839999999999815e-01 -1.544975000000001208e-02 2.210749999999990223e-01
3.057334999999999914e-01 -6.528000000000033776e-03 2.158799999999985175e-01
3.333005000000001106e-01 -2.789799999999953428e-03 2.104650000000027887e-01
3.520170000000000243e-01 -7.533499999999859753e-04 1.993200000000001637e-01
3.732909999999998174e-01 -1.434850000000015280e-03 1.898449999999947124e-01
3.961909999999999599e-01 -6.058149999999984381e-03 1.757899999999956719e-01
4.195490000000001718e-01 -1.526519999999997879e-02 1.571950000000015280e-01
4.376355000000002882e-01 -2.411280000000001755e-02 1.415200000000034208e-01
4.526789999999998315e-01 -2.398640000000001882e-02 1.187350000000044759e-01
4.720599999999999241e-01 -2.807789999999998898e-02 9.190999999999505121e-02
4.923999999999999488e-01 -3.104359999999994901e-02 6.736999999999682132e-02
5.134179999999997079e-01 -2.873395000000006361e-02 5.026500000000311275e-02
5.189290000000004177e-01 -2.772565000000004609e-02 4.086500000000015120e-02
5.231295000000000250e-01 -3.552379999999999427e-02 2.566500000000360160e-02
5.416015000000000690e-01 -4.582714999999998318e-02 1.672500000000098908e-02
5.581564999999999444e-01 -4.473090000000001787e-02 1.168999999999442707e-02
5.710404999999996178e-01 -4.179690000000008121e-02 5.940000000002498837e-03
5.791510000000004155e-01 -4.415539999999995580e-02 2.154999999998352678e-03
5.930045000000001565e-01 -4.499749999999991257e-02 -1.695000000001556373e-03
6.021469999999995437e-01 -4.723854999999993476e-02 -1.409999999996358611e-03
6.086700000000000443e-01 -5.394000000000009898e-02 -8.400000000001739409e-03
6.226100000000007739e-01 -6.032765000000006594e-02 -2.472999999999814236e-02
6.326299999999998036e-01 -5.636149999999995330e-02 -2.999999999999758415e-02
6.451599999999988455e-01 -5.016500000000001513e-02 -2.312000000000224986e-02
6.566500000000008441e-01 -5.078049999999989517e-02 -2.226000000000283308e-02
6.700650000000010209e-01 -4.995250000000006629e-02 -3.090499999999707370e-02
6.822049999999988401e-01 -4.828950000000009624e-02 -3.975499999999954071e-02
6.869849999999981804e-01 -4.981599999999997141e-02 -4.037500000000093792e-02
6.922700000000014953e-01 -4.811850000000006400e-02 -3.791499999999814463e-02
6.987700000000014455e-01 -4.268799999999994821e-02 -3.432000000000101636e-02
7.110799999999990462e-01 -4.169599999999984430e-02 -3.009000000000128239e-02
7.284150000000000347e-01 -4.573550000000004001e-02 -2.853499999999797865e-02
7.367799999999995464e-01 -5.098900000000017307e-02 -2.636500000000197019e-02
7.356300000000004502e-01 -5.140849999999996811e-02 -2.299500000000165301e-02
7.301300000000008339e-01 -4.698099999999993948e-02 -2.669499999999658257e-02
7.271649999999993952e-01 -4.560350000000001902e-02 -2.946500000000185082e-02
7.324099999999997834e-01 -4.869499999999993278e-02 -1.575500000000573664e-02
7.325099999999995504e-01 -5.392149999999995558e-02 -4.234999999997768327e-03
7.349949999999996209e-01 -5.836249999999998384e-02 -1.041499999999473403e-02
7.397399999999993980e-01 -5.634800000000006470e-02 -1.901000000000152568e-02
7.308699999999994645e-01 -5.179500000000014648e-02 -1.136500000000140176e-02
7.282100000000006901e-01 -5.261300000000002086e-02 4.499999999996617817e-03
7.349350000000018923e-01 -5.411149999999986804e-02 1.391000000000275350e-02
7.380349999999999966e-01 -5.642449999999987753e-02 1.253000000000525915e-02
7.363649999999992701e-01 -6.052949999999990283e-02 1.031999999999655415e-02
7.340950000000017184e-01 -5.867350000000004506e-02 1.231999999999544571e-02
7.343250000000001165e-01 -5.336399999999996702e-02 1.296500000000122554e-02
7.366349999999997067e-01 -5.066450000000011222e-02 1.313500000000544787e-02
7.399999999999984368e-01 -5.035550000000021953e-02 1.284000000000062869e-02
7.396799999999998931e-01 -4.611049999999994320e-02 1.803499999999758074e-02
7.405500000000007077e-01 -4.105799999999981686e-02 2.580000000000026716e-02
7.430299999999974148e-01 -4.157899999999981056e-02 2.754499999999993065e-02
7.455049999999978638e-01 -4.474400000000011701e-02 2.983999999999653596e-02
7.457550000000026102e-01 -4.564600000000007540e-02 3.477499999999977831e-02
7.497200000000034947e-01 -4.683400000000004226e-02 3.769500000000292061e-02
7.542049999999989041e-01 -5.025000000000012790e-02 3.887000000000284672e-02
7.534449999999992542e-01 -5.308500000000004881e-02 3.902499999999875513e-02
7.574100000000001387e-01 -5.529949999999983490e-02 4.075499999999721013e-02
7.626649999999983720e-01 -5.292950000000007371e-02 4.723499999999702936e-02
7.682250000000010459e-01 -5.066150000000013698e-02 5.387999999999948386e-02
7.741150000000018849e-01 -5.375949999999973805e-02 5.193500000000383920e-02
7.766500000000000625e-01 -5.580199999999990723e-02 5.078500000000474301e-02
7.806049999999977729e-01 -5.392100000000010773e-02 5.818000000000012051e-02
7.874049999999961358e-01 -5.420350000000007107e-02 6.272499999999681108e-02
7.992200000000018179e-01 -5.420349999999984902e-02 6.420999999999565944e-02
7.917050000000038779e-01 -5.410650000000005733e-02 7.028999999999996362e-02
7.832249999999980616e-01 -5.269950000000034329e-02 7.662499999999994316e-02
7.969199999999965200e-01 -5.435100000000003817e-02 8.209499999999891884e-02
8.089200000000040802e-01 -6.134849999999958392e-02 9.118000000000492378e-02
8.032750000000028479e-01 -6.561349999999999127e-02 9.926500000000260115e-02
8.023149999999965587e-01 -6.848350000000036353e-02 1.032949999999956958e-01
8.132850000000004798e-01 -6.758699999999984165e-02 1.074949999999965655e-01
8.149750000000004491e-01 -6.532500000000007745e-02 1.145250000000004320e-01
8.135999999999974364e-01 -6.124099999999987887e-02 1.231249999999981526e-01
8.161249999999995453e-01 -5.982799999999977025e-02 1.281449999999999534e-01
8.029550000000043042e-01 -5.895050000000012780e-02 1.285150000000037096e-01
7.862300000000033151e-01 -5.530699999999977301e-02 1.315350000000066188e-01
7.846949999999992542e-01 -5.724900000000010536e-02 1.368049999999989552e-01
7.714299999999987278e-01 -6.026850000000028018e-02 1.385949999999951388e-01
7.636749999999992156e-01 -6.094299999999996942e-02 1.404950000000013688e-01
7.705349999999988597e-01 -5.920949999999969293e-02 1.414050000000024454e-01
7.592899999999964677e-01 -5.695249999999996149e-02 1.415049999999986596e-01
7.456100000000027705e-01 -5.351600000000011903e-02 1.466199999999950876e-01
7.434500000000028308e-01 -5.124400000000006727e-02 1.523799999999972954e-01
7.314649999999964791e-01 -4.923450000000029192e-02 1.512700000000037903e-01
7.182199999999987483e-01 -4.778500000000018844e-02 1.494100000000031514e-01
7.067900000000015837e-01 -4.845399999999999707e-02 1.524850000000022021e-01
6.959550000000014336e-01 -4.920750000000007063e-02 1.531450000000020850e-01
6.844000000000001194e-01 -4.652849999999997266e-02 1.499149999999964677e-01
6.757850000000011903e-01 -4.579599999999972582e-02 1.480250000000005173e-01
6.701599999999992008e-01 -5.058649999999964564e-02 1.479900000000036187e-01
6.628350000000011732e-01 -5.416400000000010095e-02 1.458799999999982333e-01
6.552499999999987779e-01 -5.453500000000044423e-02 1.426449999999981344e-01
6.450749999999985107e-01 -4.933899999999979968e-02 1.375149999999969452e-01
6.340900000000004866e-01 -4.878549999999970410e-02 1.327350000000002694e-01
6.251650000000026353e-01 -5.246700000000004138e-02 1.315699999999999648e-01
6.223700000000036425e-01 -5.565550000000030195e-02 1.322949999999991633e-01
5.990499999999983061e-01 -5.601000000000011525e-02 1.280000000000001137e-01
5.894949999999923307e-01 -5.267350000000003973e-02 1.228399999999965075e-01
5.914449999999931151e-01 -5.075800000000008083e-02 1.243650000000044997e-01
5.790800000000047021e-01 -5.191899999999982640e-02 1.206800000000072259e-01
5.734400000000050568e-01 -5.545149999999976487e-02 1.149549999999983640e-01
5.588899999999981105e-01 -5.357900000000004326e-02 1.105549999999979605e-01
5.477150000000037267e-01 -4.903499999999993975e-02 1.054099999999955628e-01
5.429400000000015325e-01 -4.615549999999979391e-02 1.031700000000022044e-01
5.387449999999915917e-01 -4.569400000000012341e-02 1.034800000000046794e-01
5.358000000000018304e-01 -4.888499999999984524e-02 1.038899999999962631e-01
5.391350000000088016e-01 -4.897699999999982623e-02 1.031149999999989575e-01
5.422649999999933357e-01 -4.665650000000054476e-02 9.749499999999855504e-02
5.432249999999996248e-01 -4.531499999999999417e-02 9.238500000000371415e-02
5.462850000000045725e-01 -4.586249999999969518e-02 9.762500000000073896e-02
5.495749999999972601e-01 -4.813100000000014589e-02 1.082149999999941770e-01
5.496149999999957458e-01 -4.713750000000027640e-02 1.132299999999979434e-01
5.529299999999963688e-01 -4.761250000000005755e-02 1.165700000000029490e-01
5.669800000000080331e-01 -4.935000000000000497e-02 1.263650000000033913e-01
5.680400000000034311e-01 -4.823550000000009774e-02 1.308499999999988006e-01
5.620799999999945840e-01 -4.936149999999983606e-02 1.340049999999983754e-01
5.781699999999929673e-01 -4.955350000000002808e-02 1.463749999999990337e-01
5.791350000000008436e-01 -4.545399999999988339e-02 1.565349999999980923e-01
5.841900000000066484e-01 -4.247500000000004050e-02 1.670250000000024215e-01
5.987549999999970396e-01 -4.411499999999968225e-02 1.759100000000053399e-01
6.006399999999985084e-01 -4.642949999999990141e-02 1.806299999999971817e-01
6.087100000000020827e-01 -4.297700000000004295e-02 1.918249999999979138e-01
6.202049999999985630e-01 -4.274950000000021788e-02 2.034850000000041348e-01
6.344849999999979673e-01 -4.488750000000019114e-02 2.131549999999968747e-01
6.494700000000008799e-01 -4.364199999999973656e-02 2.258649999999988722e-01
6.633150000000043178e-01 -4.193449999999998568e-02 2.352750000000014552e-01
6.723649999999992133e-01 -4.327599999999964808e-02 2.441650000000024079e-01
6.815300000000021896e-01 -4.348850000000004101e-02 2.582099999999982742e-01
6.943500000000000227e-01 -3.001900000000023994e-02 2.701299999999946522e-01
7.035999999999944521e-01 -1.938000000000039691e-02 2.747800000000069076e-01
7.152049999999974261e-01 -2.064449999999995455e-02 2.825050000000004502e-01
7.226350000000039131e-01 -2.986449999999951643e-02 2.928199999999918646e-01
7.172850000000039472e-01 -3.951250000000028351e-02 3.030150000000020327e-01
7.127649999999974284e-01 -3.981050000000019295e-02 3.090600000000023329e-01
7.128300000000038494e-01 -4.400799999999982504e-02 3.146200000000050068e-01
7.096900000000019304e-01 -5.352200000000006952e-02 3.261150000000014870e-01
6.954700000000002547e-01 -5.044750000000020052e-02 3.375149999999962347e-01
6.835199999999943543e-01 -5.222049999999978098e-02 3.440800000000052705e-01
6.761299999999934585e-01 -6.030399999999991323e-02 3.385600000000010823e-01
6.721250000000011937e-01 -6.742000000000025750e-02 3.363249999999951001e-01
6.570800000000005525e-01 -7.406699999999988293e-02 3.336849999999955685e-01
6.471850000000074488e-01 -7.482999999999950802e-02 3.311350000000032878e-01
6.539799999999971192e-01 -7.312699999999949796e-02 3.323950000000053251e-01
6.394899999999950069e-01 -6.942650000000050170e-02 3.268649999999979627e-01
6.310950000000019600e-01 -7.013400000000036272e-02 3.283799999999956754e-01
6.142900000000039995e-01 -6.731349999999958200e-02 3.238800000000026102e-01
5.937400000000039313e-01 -6.129250000000041609e-02 3.140900000000002024e-01
5.964249999999964302e-01 -5.852650000000014785e-02 3.124949999999984129e-01
5.895549999999971647e-01 -5.880899999999966710e-02 3.091399999999993042e-01
5.795000000000030127e-01 -5.822499999999974918e-02 3.083049999999971647e-01
5.703999999999993520e-01 -5.690049999999979846e-02 3.082199999999986062e-01
5.593000000000003524e-01 -5.833900000000014074e-02 3.051649999999952456e-01
5.458500000000015007e-01 -5.976700000000034763e-02 2.998550000000008708e-01
5.387500000000002842e-01 -5.951800000000018187e-02 2.963350000000062323e-01
5.334000000000003183e-01 -5.530799999999969074e-02 2.942700000000044724e-01
5.265500000000002956e-01 -4.712150000000026040e-02 2.906599999999954775e-01
5.195000000000007390e-01 -4.280099999999986693e-02 2.874899999999982469e-01
5.120000000000004547e-01 -4.266799999999992821e-02 2.862650000000073192e-01
5.067499999999967031e-01 -4.222900000000073817e-02 2.851900000000000546e-01
5.019999999999953388e-01 -4.155199999999936722e-02 2.858450000000019031e-01
5.005000000000023874e-01 -4.231099999999976546e-02 2.884249999999966008e-01
4.977000000000018076e-01 -4.902150000000027319e-02 2.900899999999921874e-01
4.876500000000021373e-01 -5.518799999999934869e-02 2.912900000000036016e-01
4.846999999999965780e-01 -5.638699999999996493e-02 2.973100000000030718e-01
4.838000000000022283e-01 -5.576750000000085805e-02 3.033099999999961938e-01
4.824500000000000455e-01 -5.512300000000003308e-02 3.059849999999997294e-01
4.883499999999969532e-01 -5.602799999999952263e-02 3.143049999999973920e-01
4.959000000000060027e-01 -6.016699999999985948e-02 3.245700000000013574e-01
5.058999999999969077e-01 -6.037800000000004275e-02 3.317950000000067234e-01
5.134499999999988518e-01 -5.569650000000070378e-02 3.405750000000011823e-01
5.201500000000010004e-01 -5.215800000000037073e-02 3.475699999999974921e-01
5.215999999999993975e-01 -4.876249999999959783e-02 3.525199999999983902e-01
5.230999999999994543e-01 -4.790500000000008640e-02 3.635650000000012483e-01
5.302000000000006708e-01 -4.813549999999988671e-02 3.757649999999941315e-01
5.428500000000013870e-01 -4.694849999999917145e-02 3.860500000000044452e-01
5.562499999999985789e-01 -4.686149999999944527e-02 3.991150000000018849e-01
5.623500000000021259e-01 -5.044350000000097367e-02 4.149149999999934835e-01
5.692499999999967031e-01 -5.583749999999998437e-02 4.293100000000009686e-01
5.771499999999960551e-01 -5.784849999999952530e-02 4.402749999999997499e-01
5.815000000000054570e-01 -5.038400000000109458e-02 4.521999999999977149e-01
5.807500000000018758e-01 -4.631800000000030337e-02 4.673549999999977445e-01
5.850000000000008527e-01 -4.620650000000026125e-02 4.810900000000017940e-01
5.947499999999976694e-01 -4.564499999999949154e-02 4.941950000000048249e-01
6.034999999999968168e-01 -4.561749999999875627e-02 5.065400000000011005e-01
6.122000000000014097e-01 -4.613750000000038654e-02 5.164249999999981355e-01
6.282500000000013074e-01 -4.459400000000091069e-02 5.298450000000016757e-01
6.291000000000011028e-01 -4.266349999999974330e-02 5.292749999999983856e-01
6.349000000000017963e-01 -4.614499999999921442e-02 5.343999999999979877e-01
6.518500000000031491e-01 -4.673350000000020543e-02 5.539450000000059049e-01
6.482999999999989882e-01 -4.551300000000058077e-02 5.561700000000016075e-01
6.463999999999998636e-01 -4.582849999999982771e-02 5.632799999999988927e-01
6.451500000000010004e-01 -4.704599999999992122e-02 5.749199999999987654e-01
6.495499999999978513e-01 -4.796050000000029456e-02 5.911299999999926058e-01
6.453999999999950887e-01 -4.817099999999996385e-02 5.993899999999996453e-01
6.433999999999997499e-01 -4.872750000000003467e-02 5.997300000000080900e-01
6.539500000000018076e-01 -4.670150000000017343e-02 6.115700000000003911e-01
6.559999999999988063e-01 -4.356999999999988660e-02 6.184649999999933812e-01
6.540499999999980218e-01 -4.248000000000029530e-02 6.207100000000025375e-01
6.529500000000041382e-01 -4.166500000000006310e-02 6.219600000000085060e-01
6.487000000000051614e-01 -4.532999999999898222e-02 6.228599999999957504e-01
6.486500000000035016e-01 -5.135500000000003951e-02 6.327999999999960323e-01
6.409999999999911324e-01 -5.364000000000057611e-02 6.401800000000008595e-01
6.351499999999958845e-01 -5.635999999999974364e-02 6.484250000000031378e-01
6.425499999999999545e-01 -5.764999999999975699e-02 6.630800000000007799e-01
6.390499999999974534e-01 -5.280000000000040217e-02 6.693849999999983424e-01
6.337000000000045929e-01 -4.824000000000072674e-02 6.744199999999977990e-01
6.287499999999965894e-01 -4.954499999999928406e-02 6.811950000000024374e-01
6.300499999999971124e-01 -5.377999999999882874e-02 6.885249999999984993e-01
6.346000000000060481e-01 -5.559500000000028308e-02 6.920849999999916236e-01
6.410000000000053433e-01 -5.567500000000080718e-02 6.999950000000012551e-01
6.337999999999937017e-01 -5.223500000000047550e-02 6.953700000000040404e-01
6.258499999999997954e-01 -4.919500000000009976e-02 6.913000000000053547e-01
6.313999999999992951e-01 -4.916999999999926985e-02 7.004999999999981242e-01
6.339499999999986812e-01 -4.945499999999913854e-02 7.031500000000008299e-01
6.420500000000117780e-01 -4.987500000000011369e-02 7.102500000000020464e-01
6.348500000000001364e-01 -4.830000000000023164e-02 6.987499999999968736e-01
6.264499999999912916e-01 -4.849999999999976552e-02 6.859499999999982833e-01
6.390999999999991132e-01 -4.940500000000014325e-02 6.944000000000016826e-01
6.441499999999962256e-01 -5.013500000000004064e-02 6.921499999999980446e-01
6.393000000000057526e-01 -4.880500000000065342e-02 6.809499999999957254e-01
6.418500000000051386e-01 -4.703000000000034930e-02 6.743000000000023419e-01
6.411499999999961119e-01 -4.896999999999973596e-02 6.657000000000010687e-01
6.328000000000031378e-01 -5.065000000000008384e-02 6.593999999999979877e-01
6.349500000000034561e-01 -5.147499999999993747e-02 6.595500000000029672e-01
6.474499999999920874e-01 -5.535500000000048715e-02 6.624000000000052069e-01
6.452499999999901092e-01 -5.797000000000007702e-02 6.558999999999954866e-01
6.473000000000013188e-01 -5.607999999999879748e-02 6.524000000000000909e-01
6.463500000000124146e-01 -5.204999999999948557e-02 6.412500000000065370e-01
6.424500000000108457e-01 -4.932000000000069662e-02 6.267999999999958050e-01
6.568499999999914962e-01 -5.076000000000036039e-02 6.305999999999940542e-01
6.594499999999925421e-01 -5.139500000000030155e-02 6.213499999999996248e-01
6.555000000000035243e-01 -4.967999999999950234e-02 6.016499999999993520e-01
6.620499999999935881e-01 -4.641499999999965098e-02 5.940500000000028535e-01
6.701499999999924739e-01 -4.613000000000067047e-02 5.972500000000025011e-01
6.754500000000120963e-01 -4.812999999999956202e-02 5.979000000000027626e-01
6.782500000000055707e-01 -4.812999999999956202e-02 5.925999999999973511e-01
6.794000000000011141e-01 -5.046000000000105956e-02 5.907999999999944407e-01
6.848999999999989541e-01 -5.364500000000038682e-02 5.884000000000000341e-01
6.962999999999937017e-01 -5.664999999999942304e-02 5.867500000000021032e-01
7.075499999999976808e-01 -5.983499999999963848e-02 5.835000000000007958e-01
7.170500000000004093e-01 -6.336000000000030496e-02 5.813500000000004775e-01
7.282000000000010687e-01 -6.373000000000050846e-02 5.791500000000056048e-01
7.355500000000034788e-01 -5.569999999999986073e-02 5.731499999999982720e-01
7.442000000000064119e-01 -4.966000000000025949e-02 5.717999999999960892e-01
7.609999999999956799e-01 -5.365499999999912006e-02 5.669499999999985107e-01
7.560999999999893362e-01 -5.677500000000001990e-02 5.517499999999984084e-01
7.475000000000022737e-01 -5.921000000000109509e-02 5.386000000000024102e-01
7.743500000000125283e-01 -6.914499999999890179e-02 5.459999999999993747e-01
7.814999999999940883e-01 -7.488499999999920220e-02 5.367000000000032855e-01
7.671999999999883357e-01 -7.089000000000034163e-02 5.136500000000054911e-01
7.674500000000108457e-01 -6.766500000000075232e-02 5.095499999999972829e-01
7.703500000000076398e-01 -6.793500000000030070e-02 5.114499999999964075e-01
7.714999999999889724e-01 -6.749999999999989342e-02 5.011500000000026489e-01
7.655000000000029559e-01 -6.380999999999925620e-02 4.891000000000005343e-01
7.557000000000044793e-01 -5.863999999999958135e-02 4.863999999999961688e-01
7.453500000000019554e-01 -5.844499999999985818e-02 4.802000000000035129e-01
7.468999999999965667e-01 -6.237499999999940314e-02 4.750499999999959755e-01
7.362499999999982947e-01 -6.226500000000090296e-02 4.633999999999929287e-01
7.147500000000093223e-01 -6.015000000000014779e-02 4.509000000000042974e-01
7.145499999999884722e-01 -6.233999999999983999e-02 4.512500000000017053e-01
7.178499999999985448e-01 -6.361000000000061050e-02 4.462999999999937017e-01
7.141000000000019554e-01 -6.111000000000021970e-02 4.354000000000013415e-01
7.042000000000001592e-01 -5.815999999999910131e-02 4.267500000000126192e-01
6.944000000000016826e-01 -5.644500000000007844e-02 4.202999999999974534e-01
6.828000000000002956e-01 -5.847500000000049880e-02 4.161499999999875854e-01
6.722000000000036835e-01 -6.108500000000027796e-02 4.125500000000101863e-01
6.744499999999931106e-01 -5.934999999999934772e-02 4.098500000000058208e-01
6.675999999999930878e-01 -5.598999999999954014e-02 4.000999999999947931e-01
6.590999999999951342e-01 -5.743500000000079098e-02 4.018999999999977035e-01
6.587500000000119371e-01 -5.787500000000012079e-02 4.059500000000042519e-01
6.493999999999999773e-01 -5.112000000000005429e-02 3.906500000000079353e-01
6.432499999999947704e-01 -4.446499999999886654e-02 3.737500000000011369e-01
6.397000000000048203e-01 -4.187999999999991729e-02 3.641499999999950887e-01
6.317999999999983629e-01 -4.484000000000154529e-02 3.634999999999877218e-01
6.217000000000041382e-01 -4.928500000000113346e-02 3.616999999999990223e-01
6.111000000000075261e-01 -4.998499999999861387e-02 3.559000000000054342e-01
6.082499999999981810e-01 -4.764999999999997016e-02 3.469000000000050932e-01
6.053999999999888360e-01 -4.527000000000125368e-02 3.371000000000066166e-01
5.949499999999972033e-01 -4.446499999999886654e-02 3.280999999999920647e-01
5.881000000000113914e-01 -4.391999999999995907e-02 3.208999999999946340e-01
5.827500000000043201e-01 -4.178999999999977177e-02 3.151500000000027057e-01
5.808999999999997499e-01 -4.027500000000028280e-02 3.084999999999951115e-01
5.818500000000028649e-01 -4.067000000000131621e-02 3.029499999999956117e-01
5.872999999999990450e-01 -4.179499999999958249e-02 3.015000000000043201e-01
5.931499999999942929e-01 -4.262999999999816936e-02 3.031000000000005912e-01
5.996999999999985675e-01 -4.495499999999985619e-02 3.019000000000033879e-01
6.099999999999994316e-01 -4.801500000000125112e-02 2.969000000000079353e-01
6.183499999999924057e-01 -4.878999999999944492e-02 2.927999999999997272e-01
6.236499999999978172e-01 -4.963000000000050704e-02 2.926999999999964075e-01
6.294000000000039563e-01 -4.824499999999964928e-02 2.922999999999973397e-01
6.379500000000035698e-01 -4.751499999999886370e-02 2.900499999999937017e-01
6.493499999999983174e-01 -5.335500000000070742e-02 2.857499999999930651e-01
6.633999999999957708e-01 -5.878000000000049852e-02 2.827500000000071623e-01
6.744999999999947704e-01 -5.901999999999940627e-02 2.781500000000107775e-01
6.863500000000044565e-01 -5.987499999999990052e-02 2.738499999999959300e-01
6.997500000000087539e-01 -6.219500000000088846e-02 2.750499999999931333e-01
7.116500000000058890e-01 -6.336499999999922750e-02 2.760499999999979082e-01
7.256500000000016826e-01 -6.272500000000036380e-02 2.749000000000023647e-01
7.486499999999978172e-01 -6.053000000000086089e-02 2.727500000000020464e-01
7.587499999999920419e-01 -5.658499999999921926e-02 2.697000000000002728e-01
7.629499999999893589e-01 -5.445499999999992013e-02 2.706000000000017280e-01
7.791500000000013415e-01 -5.674499999999937927e-02 2.699499999999943611e-01
7.866500000000087311e-01 -5.825000000000013500e-02 2.646000000000015007e-01
7.832500000000095497e-01 -5.697500000000044196e-02 2.582000000000022055e-01
7.929500000000047066e-01 -6.295500000000053831e-02 2.553500000000070713e-01
8.182499999999919282e-01 -7.552000000000091973e-02 2.589499999999986812e-01
8.396499999999917918e-01 -8.209999999999961773e-02 2.611500000000006594e-01
8.586499999999972488e-01 -8.532999999999901775e-02 2.648500000000097998e-01
8.536000000000001364e-01 -8.633500000000005059e-02 2.623499999999978627e-01
8.374500000000040245e-01 -8.135500000000028820e-02 2.551999999999878810e-01
8.589500000000072077e-01 -8.265499999999903480e-02 2.587499999999920419e-01
8.687500000000056843e-01 -8.869999999999933493e-02 2.574000000000040700e-01
8.661999999999920874e-01 -9.162500000000051159e-02 2.528500000000093451e-01
8.780499999999875627e-01 -9.124500000000068667e-02 2.515999999999962711e-01
8.825999999999964984e-01 -8.729499999999923432e-02 2.466000000000008185e-01
8.915500000000093905e-01 -8.765999999999962711e-02 2.404000000000081627e-01
9.010500000000121190e-01 -8.940000000000125624e-02 2.363999999999890633e-01
9.089999999999918145e-01 -9.026500000000048374e-02 2.369499999999931106e-01
9.159499999999951569e-01 -9.034499999999923148e-02 2.356000000000051386e-01
9.192000000000035698e-01 -8.966500000000010573e-02 2.337500000000005684e-01
9.230500000000034788e-01 -8.925499999999964018e-02 2.340499999999963165e-01
9.282000000000039108e-01 -8.866499999999888360e-02 2.331500000000090722e-01
9.284499999999979991e-01 -8.896500000000173713e-02 2.330000000000040927e-01
9.262499999999960210e-01 -8.901500000000162061e-02 2.316500000000019099e-01
9.251000000000004775e-01 -8.867999999999831573e-02 2.277500000000003411e-01
9.254999999999995453e-01 -8.975000000000044054e-02 2.241999999999961801e-01
9.296999999999968622e-01 -9.059000000000061448e-02 2.227500000000048885e-01
9.296999999999968622e-01 -8.880499999999891259e-02 2.197000000000031150e-01
9.255500000000012051e-01 -8.763499999999879719e-02 2.160999999999972943e-01
9.272500000000007958e-01 -8.707499999999868123e-02 2.173999999999978172e-01
9.313499999999947931e-01 -8.717000000000219018e-02 2.161499999999989541e-01
9.189500000000094815e-01 -8.662500000000150635e-02 2.107000000000027740e-01
9.100999999999999091e-01 -8.893999999999913086e-02 2.086499999999915644e-01
9.304999999999949978e-01 -9.358499999999914110e-02 2.122999999999990450e-01
9.199500000000000455e-01 -9.058500000000080377e-02 2.057500000000089813e-01
9.153500000000036607e-01 -8.713999999999977319e-02 1.992999999999938154e-01
9.189999999999969305e-01 -8.454499999999853799e-02 1.974999999999909051e-01
9.075500000000005230e-01 -8.072000000000123521e-02 1.926500000000004320e-01
9.161000000000001364e-01 -7.857500000000072760e-02 1.899500000000102773e-01
9.198999999999983856e-01 -7.670000000000065654e-02 1.864499999999935653e-01
9.258500000000111640e-01 -7.368000000000130001e-02 1.838499999999925194e-01
9.283999999999963393e-01 -7.250999999999940826e-02 1.807000000000016371e-01
9.204999999999898819e-01 -7.294499999999892736e-02 1.771499999999974762e-01
9.168999999999982720e-01 -7.311999999999940769e-02 1.743000000000023419e-01
9.241000000000099135e-01 -7.332500000000052864e-02 1.689500000000094815e-01
9.202000000000083446e-01 -7.446500000000000341e-02 1.642999999999972260e-01
9.105500000000006366e-01 -8.094499999999982265e-02 1.625999999999976353e-01
9.078499999999962711e-01 -8.459500000000019782e-02 1.586000000000069576e-01
9.096499999999991815e-01 -8.444499999999877105e-02 1.534000000000048658e-01
9.144000000000005457e-01 -8.663500000000112777e-02 1.487000000000051614e-01
9.154499999999927695e-01 -8.777500000000060254e-02 1.440999999999945658e-01
9.142999999999972260e-01 -8.560499999999748866e-02 1.394999999999981810e-01
9.094000000000050932e-01 -8.217499999999944293e-02 1.350999999999942247e-01
9.064500000000066393e-01 -8.004999999999995453e-02 1.312499999999943157e-01
9.027499999999974989e-01 -7.982499999999959073e-02 1.276000000000010459e-01
8.963499999999982037e-01 -8.072000000000123521e-02 1.216500000000024784e-01
8.995000000000032969e-01 -7.975500000000046441e-02 1.105000000000018190e-01
9.027499999999974989e-01 -7.923500000000061050e-02 1.055999999999954753e-01
8.982499999999902229e-01 -7.926999999999928548e-02 1.068000000000068894e-01
8.905000000000029559e-01 -7.684999999999853060e-02 1.001499999999992951e-01
8.823500000000024102e-01 -7.628000000000056957e-02 9.214999999998951807e-02
8.854999999999932925e-01 -8.111500000000226862e-02 9.005000000000507043e-02
8.932000000000073214e-01 -8.577499999999993463e-02 8.950000000000102318e-02
8.938500000000004775e-01 -8.738499999999937984e-02 8.644999999999924967e-02
8.907499999999970441e-01 -8.801000000000058776e-02 7.990000000000918590e-02
8.842500000000086402e-01 -8.533500000000060481e-02 7.505000000000450200e-02
8.798500000000046839e-01 -8.138499999999915246e-02 7.209999999999183729e-02
8.803499999999928605e-01 -7.932499999999897966e-02 6.694999999999140528e-02
8.788999999999873580e-01 -7.869000000000170303e-02 5.980000000000984528e-02
8.739500000000077762e-01 -7.584499999999927411e-02 4.784999999999683951e-02
8.701000000000078671e-01 -6.986499999999828958e-02 3.944999999998799467e-02
8.681499999999857664e-01 -6.783000000000072305e-02 3.630000000001132321e-02
8.694000000000130512e-01 -7.106500000000082196e-02 3.215000000000145519e-02
8.723500000000115051e-01 -7.115500000000096747e-02 2.889999999999304237e-02
8.706999999999993634e-01 -7.108999999999987551e-02 2.205000000000723048e-02
8.671499999999809916e-01 -7.157999999999908880e-02 1.465000000000316049e-02
8.626999999999895863e-01 -7.035500000000105558e-02 1.224999999999454303e-02
8.617500000000006821e-01 -7.225999999999999091e-02 8.250000000003865352e-03
8.643999999999891770e-01 -7.501499999999872159e-02 1.500000000007162271e-03
8.649500000000216460e-01 -7.606499999999982720e-02 -1.000000000004774847e-03
8.630500000000154159e-01 -7.519500000000078899e-02 -3.399999999999181455e-03
8.615999999999814918e-01 -7.455999999999995964e-02 -5.250000000003751666e-03
8.594499999999811735e-01 -7.472499999999904219e-02 -4.699999999999704414e-03
8.554000000000030468e-01 -7.495500000000099305e-02 -4.099999999993997335e-03
8.522000000000105047e-01 -7.621500000000125397e-02 -4.850000000004683898e-03
8.473999999999932697e-01 -8.021999999999884778e-02 -5.449999999996180122e-03
8.463999999999884949e-01 -8.395999999999936847e-02 -2.849999999995134203e-03
8.262000000000000455e-01 -8.234000000000030184e-02 -1.200000000011414159e-03
8.097500000000081855e-01 -8.036000000000065313e-02 8.999999999872443368e-04
8.105000000000188720e-01 -8.019999999999960494e-02 4.249999999998976818e-03
8.046999999999968622e-01 -7.837999999999922807e-02 7.699999999999818101e-03
7.933999999999912234e-01 -7.589000000000112323e-02 1.175000000000636646e-02
7.790999999999996817e-01 -7.344499999999953843e-02 1.615000000001032276e-02
7.689000000000021373e-01 -7.121999999999850672e-02 2.164999999999395186e-02
7.572000000000116415e-01 -6.838499999999925194e-02 2.584999999999126885e-02
7.471999999999923148e-01 -6.481499999999940087e-02 2.605000000001211902e-02
7.409999999999854481e-01 -6.444000000000116302e-02 2.765000000000839009e-02
7.288000000000067757e-01 -6.510500000000085663e-02 3.259999999998797193e-02
7.156500000000107775e-01 -6.432999999999999829e-02 3.759999999999763531e-02
7.000500000000045020e-01 -5.987499999999990052e-02 3.675000000001205080e-02
6.802999999999883585e-01 -5.726499999999923318e-02 3.699999999999192823e-02
6.684999999999945430e-01 -5.898000000000003240e-02 4.119999999998924523e-02
6.577500000000213731e-01 -5.815000000000125624e-02 4.130000000000677574e-02
6.458499999999958163e-01 -5.583999999999988972e-02 4.274999999999806732e-02
6.330499999999972260e-01 -5.382999999999960039e-02 4.515000000000668479e-02
6.211000000000126420e-01 -5.444500000000118689e-02 4.535000000001332410e-02
6.085499999999797183e-01 -5.448999999999948329e-02 4.569999999999652118e-02
6.006999999999891315e-01 -5.282500000000034390e-02 4.539999999998656222e-02
5.819000000000187356e-01 -5.141000000000062187e-02 4.675000000000295586e-02
5.693500000000142336e-01 -5.293499999999795591e-02 4.925000000000068212e-02
5.676499999999862212e-01 -5.245500000000014040e-02 4.840000000000088676e-02
5.555499999999824468e-01 -4.750000000000120792e-02 4.630000000000222826e-02
5.445500000000151886e-01 -4.443500000000000227e-02 4.589999999998894964e-02
5.338500000000010459e-01 -4.262499999999924682e-02 4.730000000000700311e-02
5.249000000000023647e-01 -4.094499999999889894e-02 4.840000000000088676e-02
5.157499999999970441e-01 -3.961000000000147736e-02 4.769999999999186002e-02
5.049499999999795818e-01 -4.150500000000079126e-02 4.749999999999943157e-02
4.965500000000133696e-01 -4.325500000000026546e-02 4.855000000000586624e-02
4.893500000000017280e-01 -4.326999999999969759e-02 4.780000000000939053e-02
4.859500000000025466e-01 -4.489499999999857494e-02 4.805000000000347882e-02
4.861000000000217369e-01 -4.673999999999978172e-02 4.959999999999809006e-02
4.886999999999943611e-01 -4.780500000000031946e-02 4.979999999999051852e-02
4.948499999999853571e-01 -4.664000000000001478e-02 5.095000000000027285e-02
4.996500000000025921e-01 -4.512999999999856016e-02 5.134999999999934062e-02
5.048500000000046839e-01 -4.615500000000061220e-02 4.824999999999590727e-02
5.092999999999960892e-01 -4.918000000000155580e-02 4.470000000000595719e-02
5.156499999999937245e-01 -5.216499999999868464e-02 4.115000000000179625e-02
5.240000000000009095e-01 -5.102499999999920988e-02 4.014999999999702140e-02
5.355500000000006366e-01 -4.734000000000193609e-02 4.434999999999433840e-02
5.492500000000006821e-01 -4.840000000000088676e-02 4.534999999999911324e-02
5.606999999999970896e-01 -5.771999999999977149e-02 4.025000000000034106e-02
5.734500000000082309e-01 -6.495999999999924057e-02 3.334999999999865850e-02
5.829999999999984084e-01 -6.410499999999963450e-02 3.565000000000395630e-02
5.879999999999938609e-01 -6.218499999999949068e-02 4.740000000001032276e-02
5.954000000000121418e-01 -6.273499999999998522e-02 5.240000000000577529e-02
6.100999999999885404e-01 -6.393000000000093053e-02 4.489999999999838565e-02
6.244499999999959527e-01 -6.427000000000049340e-02 3.739999999999099600e-02
6.358000000000174623e-01 -6.467499999999937188e-02 3.909999999999058673e-02
6.471500000000105501e-01 -6.546499999999966235e-02 4.550000000000409273e-02
6.570499999999981355e-01 -6.508500000000161378e-02 4.805000000000347882e-02
6.666499999999757620e-01 -6.325999999999964984e-02 4.394999999999527063e-02
6.769500000000050477e-01 -6.640999999999941394e-02 3.905000000000313776e-02
6.913000000000124601e-01 -7.177000000000077762e-02 4.260000000000729869e-02
6.992499999999779448e-01 -7.311499999999959698e-02 4.819999999999424745e-02
7.041000000000110504e-01 -7.432000000000016371e-02 4.625000000000056843e-02
7.134500000000230102e-01 -7.740000000000080149e-02 4.045000000000698037e-02
7.201499999999896318e-01 -7.897499999999979536e-02 3.690000000000281943e-02
7.291999999999916326e-01 -7.920999999999800423e-02 3.874999999999317879e-02
7.420999999999935426e-01 -8.305499999999810257e-02 3.644999999998788098e-02
7.533999999999991815e-01 -8.863500000000179568e-02 3.159999999999740794e-02
7.618999999999971351e-01 -8.980999999999994543e-02 3.135000000000331966e-02
7.682499999999947704e-01 -8.807000000000009265e-02 3.290000000001214175e-02
7.742000000000075488e-01 -8.664000000000093848e-02 3.475000000000250111e-02
7.821999999999889042e-01 -8.617999999999881311e-02 3.555000000000063665e-02
7.918500000000108230e-01 -8.845500000000150465e-02 3.610000000000468390e-02
8.015000000000043201e-01 -9.146499999999946340e-02 3.734999999998933617e-02
8.078999999999894044e-01 -9.238500000000016144e-02 3.884999999999649845e-02
8.171499999999980446e-01 -9.115000000000073044e-02 4.165000000000418368e-02
8.243500000000096861e-01 -8.994499999999838735e-02 4.344999999999288320e-02
8.306000000000040018e-01 -9.053500000000092029e-02 4.439999999999599822e-02
8.407499999999856755e-01 -9.135999999999988574e-02 4.579999999999984084e-02
8.476500000000157797e-01 -9.101499999999873580e-02 4.805000000000347882e-02
8.538000000000067757e-01 -9.045499999999861984e-02 5.030000000000711680e-02
8.611499999999807642e-01 -9.038999999999930424e-02 5.190000000000338787e-02
8.720500000000015461e-01 -9.153000000000233172e-02 5.544999999999333795e-02
8.783000000000242835e-01 -9.272000000000168995e-02 5.780000000000029559e-02
8.820000000000050022e-01 -9.291999999999767113e-02 5.925000000000579803e-02
8.899499999999989086e-01 -9.401499999999884949e-02 6.069999999999708962e-02
8.946499999999844022e-01 -9.497500000000158593e-02 6.340000000000145519e-02
8.973999999999762167e-01 -9.746000000000165642e-02 7.035000000000479758e-02
9.003500000000030923e-01 -1.003749999999996589e-01 7.439999999999713509e-02
9.045000000000129603e-01 -1.010849999999994253e-01 7.569999999999765805e-02
9.087499999999977263e-01 -1.019450000000006185e-01 7.760000000000388809e-02
9.104999999999847660e-01 -1.032350000000015200e-01 7.954999999999756710e-02
9.124000000000194177e-01 -1.046950000000013148e-01 8.319999999999083684e-02
9.141000000000190084e-01 -1.035449999999968895e-01 8.435000000000059117e-02
9.137999999999806278e-01 -1.001149999999988438e-01 8.440000000000225100e-02
9.146000000000071850e-01 -9.880000000000066507e-02 8.514999999999872671e-02
9.144500000000164164e-01 -1.005000000000002558e-01 8.724999999999738520e-02
9.113499999999987722e-01 -1.020399999999987983e-01 8.729999999999904503e-02
9.091499999999825832e-01 -1.009850000000014347e-01 8.405000000000484306e-02
9.050999999999760348e-01 -1.008850000000016678e-01 8.204999999999529336e-02
9.030500000000074579e-01 -1.013649999999994833e-01 8.209999999999695319e-02
9.039000000000214641e-01 -1.016349999999999199e-01 8.015000000000327418e-02
9.041500000000155524e-01 -1.011799999999976052e-01 7.730000000000813998e-02
9.037500000000022737e-01 -9.867999999999987892e-02 7.760000000000388809e-02
9.035499999999956344e-01 -9.875500000000236867e-02 7.789999999999963620e-02
8.999499999999898137e-01 -9.976500000000143586e-02 8.020000000000493401e-02
8.945499999999810825e-01 -9.991999999999734428e-02 8.135000000000047748e-02
8.932000000000073214e-01 -9.932500000000032969e-02 8.199999999999363354e-02
8.949000000000069122e-01 -9.897500000000114539e-02 8.324999999999249667e-02
8.979999999999961346e-01 -9.919499999999814577e-02 8.259999999999934062e-02
8.956000000000017280e-01 -9.702500000000036096e-02 8.145000000000379714e-02
8.920999999999992269e-01 -9.543999999999996930e-02 8.065000000000566160e-02
8.924000000000091859e-01 -9.540999999999932868e-02 8.065000000000566160e-02
8.941999999999836746e-01 -9.774499999999974875e-02 8.314999999998917701e-02
8.952999999999917691e-01 -1.003100000000003433e-01 8.554999999999779448e-02
8.957500000000209184e-01 -9.759500000000187470e-02 8.435000000000059117e-02
8.963500000000124146e-01 -9.442500000000109139e-02 8.729999999999904503e-02
8.979999999999961346e-01 -9.427499999999966462e-02 9.360000000000923137e-02
8.987999999999942702e-01 -9.642999999999801730e-02 1.011999999999915190e-01
8.992000000000075488e-01 -9.403999999999967940e-02 1.041500000000041837e-01
9.016000000000019554e-01 -8.967499999999972715e-02 1.019000000000005457e-01
9.049499999999852662e-01 -8.876500000000042689e-02 1.030499999999960892e-01
9.048499999999819465e-01 -8.877500000000004832e-02 1.096500000000020236e-01
9.007000000000005002e-01 -9.095499999999745455e-02 1.209999999999951115e-01
8.979500000000086857e-01 -9.248999999999973909e-02 1.326499999999981583e-01
8.965000000000031832e-01 -9.280000000000043769e-02 1.385000000000076170e-01
8.952999999999917691e-01 -9.404000000000145576e-02 1.441000000000087766e-01
8.930000000000006821e-01 -9.564000000000305590e-02 1.557499999999976126e-01
8.892000000000166438e-01 -9.645000000000081286e-02 1.681999999999987949e-01
8.861499999999864485e-01 -9.841999999999728743e-02 1.829999999999927240e-01
8.796499999999980446e-01 -1.007099999999994111e-01 1.948000000000007503e-01
8.748500000000092314e-01 -9.918500000000207706e-02 2.047000000000025466e-01
8.740499999999826741e-01 -9.563999999999950319e-02 2.132000000000005002e-01
8.716500000000166892e-01 -9.433999999999898023e-02 2.177000000000077762e-01
8.723000000000240561e-01 -9.523499999999884835e-02 2.201000000000021828e-01
8.721999999999923148e-01 -9.855999999999909278e-02 2.215499999999934744e-01
8.743499999999926331e-01 -1.001650000000040563e-01 2.231999999999914053e-01
8.777000000000043656e-01 -9.883999999999915076e-02 2.262000000000057298e-01
8.789500000000032287e-01 -9.903499999999709758e-02 2.323499999999967258e-01
8.786999999999807187e-01 -1.005550000000035027e-01 2.378999999999962256e-01
8.785000000000025011e-01 -1.023749999999985505e-01 2.439500000000123237e-01
8.763500000000021828e-01 -1.018000000000007788e-01 2.496000000000009322e-01
8.693999999999846295e-01 -9.980500000000347427e-02 2.568999999999874717e-01
8.592500000000029559e-01 -9.931999999999518991e-02 2.633500000000026375e-01
8.531000000000119599e-01 -9.929499999999791271e-02 2.645499999999998408e-01
8.488000000000113232e-01 -9.939500000000123237e-02 2.644999999999981810e-01
8.389499999999827651e-01 -1.007999999999995566e-01 2.704500000000109594e-01
8.361999999999909505e-01 -1.004750000000029786e-01 2.749999999999914735e-01
8.384000000000071395e-01 -9.844500000000167006e-02 2.754999999999938609e-01
8.335500000000024556e-01 -9.925499999999587430e-02 2.795500000000004093e-01
8.258500000000026375e-01 -1.002700000000018576e-01 2.822500000000047748e-01
8.179000000000087311e-01 -9.755500000000338900e-02 2.811500000000108912e-01
8.133500000000140062e-01 -9.495499999999879037e-02 2.793499999999937700e-01
8.126000000000033197e-01 -9.686999999999912347e-02 2.815999999999974079e-01
8.084499999999934516e-01 -9.875499999999703959e-02 2.826500000000038426e-01
8.059999999999831743e-01 -9.879499999999907800e-02 2.817000000000007276e-01
7.994999999999947704e-01 -9.734999999999871534e-02 2.785499999999956344e-01
7.909999999999968168e-01 -9.302999999999883585e-02 2.740000000000009095e-01
7.882500000000050022e-01 -8.967500000000327987e-02 2.712500000000090949e-01
7.871499999999969077e-01 -8.838000000000434397e-02 2.678499999999957026e-01
7.942500000000052296e-01 -8.375999999999805823e-02 2.624500000000011823e-01
8.004500000000120963e-01 -8.063499999999734769e-02 2.580499999999972260e-01
7.942999999999926786e-01 -8.247000000000070941e-02 2.608499999999907004e-01
7.872500000000002274e-01 -8.176500000000075374e-02 2.596999999999951569e-01
7.873500000000035470e-01 -8.345000000000268869e-02 2.561500000000052069e-01
7.950999999999908141e-01 -8.847499999999897113e-02 2.623500000000120735e-01
8.035500000000013188e-01 -9.056999999999604256e-02 2.676000000000016144e-01
8.068000000000097316e-01 -9.372000000000113573e-02 2.694499999999919737e-01
8.095999999999889951e-01 -9.528000000000247383e-02 2.711999999999932243e-01
8.239999999999838565e-01 -9.276499999999643364e-02 2.716999999999956117e-01
8.258000000000151886e-01 -8.990499999999812530e-02 2.686999999999954980e-01
8.419500000000255113e-01 -9.350500000000394607e-02 2.767000000000052751e-01
8.414999999999963620e-01 -9.753500000000059345e-02 2.795000000000129603e-01
8.303499999999814918e-01 -9.997500000000059117e-02 2.760999999999995680e-01
8.493499999999869488e-01 -1.008400000000015950e-01 2.796999999999911779e-01
8.564000000000078217e-01 -1.006999999999997897e-01 2.801500000000061164e-01
8.567500000000052296e-01 -1.012200000000014199e-01 2.811000000000092314e-01
8.555000000000063665e-01 -9.966499999999811621e-02 2.788499999999913825e-01
8.565499999999985903e-01 -9.826999999999586066e-02 2.812500000000000000e-01
8.556499999999971351e-01 -9.403500000000164505e-02 2.888500000000107093e-01
8.577500000000100044e-01 -9.005500000000310479e-02 2.958999999999889496e-01
8.579000000000007731e-01 -8.736499999999836064e-02 2.924999999999897682e-01
8.562499999999886313e-01 -8.474000000000003752e-02 2.848500000000058208e-01
8.532999999999901775e-01 -8.414500000000302293e-02 2.797500000000070486e-01
8.538000000000067757e-01 -8.297499999999757847e-02 2.732000000000027740e-01
8.570500000000151886e-01 -8.509499999999547981e-02 2.721999999999979991e-01
8.505999999999858119e-01 -8.821000000000012164e-02 2.724499999999920874e-01
8.424499999999852662e-01 -8.537000000000105615e-02 2.710500000000024556e-01
8.328000000000201908e-01 -8.376000000000161094e-02 2.714500000000015234e-01
8.219500000000152795e-01 -8.417500000000188720e-02 2.718500000000005912e-01
8.145999999999844476e-01 -8.278999999999925308e-02 2.681000000000040018e-01
8.110499999999944976e-01 -7.864999999999966462e-02 2.617999999999938154e-01
8.018999999999891770e-01 -7.542499999999918714e-02 2.562999999999959755e-01
7.881500000000016826e-01 -7.384499999999860620e-02 2.510500000000064347e-01
7.793500000000221917e-01 -7.088500000000053092e-02 2.449500000000028876e-01
7.690499999999929059e-01 -6.915500000000207592e-02 2.409499999999979991e-01
7.571499999999957708e-01 -7.369500000000073214e-02 2.415500000000037062e-01
7.507999999999981355e-01 -7.795499999999933038e-02 2.425499999999942702e-01
7.484499999999911779e-01 -7.978500000000110504e-02 2.405499999999989313e-01
7.444000000000130512e-01 -8.259999999999934062e-02 2.384500000000002728e-01
7.423500000000160526e-01 -8.197999999999794341e-02 2.371499999999997499e-01
7.386999999999943611e-01 -7.660999999999873467e-02 2.315499999999985903e-01
7.306999999999845841e-01 -7.177000000000077762e-02 2.253999999999933834e-01
7.238499999999987722e-01 -7.111000000000089472e-02 2.248500000000035470e-01
7.240999999999928605e-01 -7.147000000000147679e-02 2.262500000000073896e-01
7.244000000000028194e-01 -7.047000000000025466e-02 2.261000000000024102e-01
7.203000000000088221e-01 -6.718499999999849592e-02 2.259999999999990905e-01
7.272999999999854026e-01 -6.366500000000030468e-02 2.292499999999932925e-01
7.232999999999947249e-01 -5.945499999999981355e-02 2.296999999999940201e-01
7.177000000000077762e-01 -5.828499999999792180e-02 2.302000000000106184e-01
7.288000000000067757e-01 -6.494499999999803208e-02 2.319999999999993179e-01
7.330000000000040927e-01 -7.020500000000140517e-02 2.306999999999987949e-01
7.337500000000147793e-01 -7.009500000000201680e-02 2.307500000000004547e-01
7.253000000000042746e-01 -7.035499999999927923e-02 2.299500000000023192e-01
7.080499999999858574e-01 -7.314500000000023761e-02 2.285499999999984766e-01
7.002999999999985903e-01 -7.659999999999911324e-02 2.307500000000004547e-01
6.968500000000119599e-01 -7.997500000000101750e-02 2.350500000000010914e-01
6.813999999999964530e-01 -7.850000000000179057e-02 2.318499999999943384e-01
6.656499999999994088e-01 -7.668499999999767169e-02 2.275000000000062528e-01
6.593499999999892225e-01 -7.818500000000128125e-02 2.266999999999939064e-01
6.555499999999767624e-01 -7.583500000000142904e-02 2.245999999999952479e-01
6.409000000000162345e-01 -6.982999999999606189e-02 2.176500000000061164e-01
6.300500000000113232e-01 -6.625999999999976353e-02 2.121000000000066166e-01
6.329499999999939064e-01 -6.804500000000146542e-02 2.139499999999969759e-01
6.110500000000058662e-01 -6.615000000000037517e-02 2.072999999999893816e-01
5.927499999999952252e-01 -6.041499999999899728e-02 2.013500000000050250e-01
5.998999999999909960e-01 -5.967499999999859028e-02 2.044000000000067985e-01
5.806499999999914507e-01 -6.138000000000332079e-02 1.995000000000004547e-01
5.689500000000009550e-01 -6.287999999999982492e-02 1.974500000000034561e-01
5.558500000000208274e-01 -6.173000000000072873e-02 1.934499999999985675e-01
5.382500000000050022e-01 -5.839999999999889724e-02 1.870499999999992724e-01
5.367999999999994998e-01 -5.553499999999900183e-02 1.869999999999976126e-01
5.259499999999945885e-01 -5.462000000000344357e-02 1.845500000000015461e-01
5.172000000000025466e-01 -5.479000000000056048e-02 1.815500000000014325e-01
5.064000000000135060e-01 -5.405999999999977490e-02 1.775999999999982037e-01
4.957499999999868123e-01 -5.413499999999871193e-02 1.741999999999990223e-01
4.802999999999997272e-01 -5.571999999999732722e-02 1.707499999999981810e-01
4.663999999999930424e-01 -5.666499999999885517e-02 1.683000000000021146e-01
4.612999999999942702e-01 -5.579000000000178261e-02 1.667999999999949523e-01
4.506000000000085493e-01 -5.320999999999997954e-02 1.602999999999923375e-01
4.395000000000095497e-01 -4.858499999999921215e-02 1.532499999999998863e-01
4.300499999999942702e-01 -4.647999999999896659e-02 1.507500000000021600e-01
4.182500000000004547e-01 -4.602000000000217028e-02 1.488500000000101409e-01
4.098999999999932697e-01 -4.624500000000253408e-02 1.449000000000069122e-01
3.930499999999881311e-01 -4.645999999999972374e-02 1.366999999999904958e-01
3.757999999999981355e-01 -4.623499999999935994e-02 1.312499999999943157e-01
3.674499999999909505e-01 -4.388499999999950774e-02 1.287999999999982492e-01
3.542000000000200544e-01 -4.216500000000067416e-02 1.244000000000085038e-01
3.459500000000161890e-01 -4.316999999999993065e-02 1.223500000000115051e-01
3.375499999999931333e-01 -4.376500000000049795e-02 1.194499999999862894e-01
3.224999999999909051e-01 -4.436499999999909960e-02 1.170499999999918828e-01
3.112500000000011369e-01 -4.025000000000034106e-02 1.153500000000065029e-01
3.030500000000131422e-01 -3.528000000000020009e-02 1.089000000000055479e-01
2.960500000000081400e-01 -3.053500000000042292e-02 1.010500000000007503e-01
2.864999999999895408e-01 -2.876000000000189516e-02 9.704999999999586180e-02
2.797499999999786269e-01 -2.868999999999743977e-02 9.475000000000477485e-02
2.769999999999868123e-01 -2.651499999999984425e-02 9.475000000000477485e-02
2.723000000000013188e-01 -2.814500000000208502e-02 9.739999999999326974e-02
2.695500000000095042e-01 -2.976499999999759893e-02 9.789999999999565716e-02
2.675000000000125056e-01 -2.945000000000064233e-02 9.650000000000602540e-02
2.642500000000040927e-01 -2.936499999999853117e-02 9.480000000000643468e-02
2.624999999999886313e-01 -2.616499999999888360e-02 9.499999999999886313e-02
2.624500000000011823e-01 -2.232500000000214868e-02 9.554999999998869953e-02
2.620000000000004547e-01 -2.240000000000108571e-02 9.770000000000322871e-02
2.619499999999845841e-01 -2.508500000000069008e-02 1.020000000000038654e-01
2.614000000000089585e-01 -2.809999999999845954e-02 1.075499999999891543e-01
2.659000000000162345e-01 -2.833499999999844476e-02 1.147500000000007958e-01
2.704999999999984084e-01 -2.794499999999899842e-02 1.190500000000014325e-01
2.707499999999924967e-01 -2.920000000000300133e-02 1.216500000000024784e-01
2.758499999999912689e-01 -2.922500000000027853e-02 1.291000000000082082e-01
2.809000000000025921e-01 -2.848499999999987153e-02 1.410999999999944521e-01
2.835000000000036380e-01 -2.678000000000224645e-02 1.507499999999879492e-01
2.794000000000096406e-01 -2.472500000000010800e-02 1.530000000000057980e-01
2.769499999999993634e-01 -2.579499999999868010e-02 1.560000000000059117e-01
2.778500000000008185e-01 -2.874999999999872102e-02 1.627000000000009550e-01
2.662500000000136424e-01 -2.936500000000208388e-02 1.676000000000072987e-01
2.561999999999784450e-01 -2.428000000000096747e-02 1.713000000000022283e-01
2.533999999999991815e-01 -1.995499999999594820e-02 1.711499999999972488e-01
2.486000000000103682e-01 -2.055000000000006821e-02 1.639499999999998181e-01
2.450000000000045475e-01 -2.086500000000057753e-02 1.517499999999927240e-01
2.398000000000024556e-01 -2.077499999999687930e-02 1.379999999999910187e-01
2.379499999999836746e-01 -1.629500000000305704e-02 1.259500000000031150e-01
2.254000000000075943e-01 -8.379999999998943849e-03 1.090999999999979764e-01
2.385500000000035925e-01 -1.246999999999687248e-02 1.053500000000013870e-01
2.574499999999773081e-01 -1.847500000000223963e-02 1.073000000000092768e-01
2.508500000000140062e-01 -1.550500000000099021e-02 9.909999999999286047e-02
2.512499999999988631e-01 -1.319499999999962370e-02 9.375000000000000000e-02
2.580499999999972260e-01 -1.699499999999787292e-02 9.205000000000040927e-02
2.679000000000257842e-01 -2.422500000000127329e-02 9.335000000000093223e-02
2.660499999999785814e-01 -2.708000000000154728e-02 8.845000000000879936e-02
2.678499999999814918e-01 -3.063500000000018986e-02 8.329999999999415650e-02
2.730500000000120053e-01 -3.264499999999870283e-02 8.259999999999934062e-02
2.677500000000065938e-01 -3.057499999999890861e-02 7.654999999999745341e-02
2.627999999999985903e-01 -3.358000000000416208e-02 7.054999999999722604e-02
2.516999999999995907e-01 -3.448500000000009891e-02 6.790000000000873115e-02
2.392000000000109594e-01 -3.106000000000008754e-02 6.589999999999918145e-02
2.386999999999943611e-01 -2.571000000000012164e-02 6.799999999999783995e-02
2.285499999999842657e-01 -2.149499999999804345e-02 6.815000000000281943e-02
2.130999999999971806e-01 -2.192499999999952820e-02 6.674999999999897682e-02
2.064500000000180080e-01 -2.383499999999827423e-02 7.014999999999815827e-02
1.935000000000002274e-01 -2.637999999999962597e-02 7.559999999999433840e-02
1.721499999999878128e-01 -2.972000000000107889e-02 7.389999999999474767e-02
1.624500000000068667e-01 -2.606499999999911665e-02 7.265000000001009539e-02
1.620499999999935881e-01 -2.020999999999872898e-02 7.310000000001082299e-02
1.494000000000141881e-01 -1.897000000000303999e-02 5.964999999999065494e-02
1.362000000000023192e-01 -1.769499999999979423e-02 4.774999999999351985e-02
1.279499999999984539e-01 -1.595000000000013074e-02 4.834999999999922693e-02
1.144999999999924967e-01 -1.282000000000138584e-02 5.684999999999718057e-02
1.052999999999997272e-01 -9.279999999996846327e-03 6.490000000000861746e-02
1.058000000000163254e-01 -5.525000000002222578e-03 6.589999999999918145e-02
1.021499999999946340e-01 -3.240000000001685976e-03 5.854999999999677129e-02
9.135000000000559339e-02 -5.524999999998669864e-03 4.905000000000825366e-02
8.695000000000163709e-02 -7.410000000000138698e-03 4.980000000000472937e-02
8.459999999999467946e-02 -4.740000000001742819e-03 4.930000000000234195e-02
8.054999999998813109e-02 -1.800000000002910383e-04 4.474999999999340616e-02
7.640000000000668479e-02 -2.984999999998905196e-03 4.059999999999774900e-02
6.880000000001018634e-02 -1.104499999999930537e-02 3.929999999999722604e-02
5.469999999999686224e-02 -1.094499999999953843e-02 4.349999999999454303e-02
4.304999999999381544e-02 -6.875000000000852651e-03 4.860000000000752607e-02
3.815000000000168257e-02 -3.889999999998394742e-03 4.659999999999797637e-02
3.944999999998799467e-02 -4.049999999999442934e-03 3.900000000000147793e-02
4.509999999999081410e-02 -4.084999999999894271e-03 3.135000000000331966e-02
4.670000000001550688e-02 -4.094999999999515694e-03 2.809999999999490683e-02
4.089999999999349711e-02 -7.330000000003167315e-03 3.050000000000352429e-02
3.155000000000995897e-02 -1.062999999999902911e-02 3.289999999999793090e-02
2.545000000000641194e-02 -7.504999999998318572e-03 3.399999999999181455e-02
2.459999999999240572e-02 -2.485000000003623200e-03 3.215000000000145519e-02
0.000000000000000000e+00 0.000000000000000000e+00 0.000000000000000000e+00
