0.000000000000000000e+00 0.000000000000000000e+00 0.000000000000000000e+00
2.388679499999999886e-02 9.306157000000000014e-04 1.519061000000000439e-01
3.741144500000000844e-02 1.171603599999999782e-03 1.674191499999999888e-01
5.271042000000000782e-02 1.478211500000000062e-03 1.782341999999999815e-01
6.757674999999997711e-02 2.151330499999999646e-03 1.888979000000000075e-01
7.837920000000000997e-02 2.973951000000000285e-03 1.992221500000000423e-01
8.840555000000002717e-02 3.559829000000000031e-03 2.091079499999999869e-01
1.048859999999999792e-01 1.202489999999999636e-03 2.172914999999999708e-01
1.301067500000000210e-01 -8.511650000000000812e-04 2.212274999999999103e-01
1.504891999999999896e-01 1.199360000000000009e-03 2.215079999999999272e-01
1.609414499999999859e-01 3.019794999999999598e-03 2.224885000000000890e-01
1.776224500000000428e-01 4.074380000000000709e-03 2.248740000000000183e-01
2.003380999999999634e-01 5.810000000000000928e-03 2.232309999999999572e-01
2.230729999999999658e-01 6.186379999999998269e-03 2.176080000000000236e-01
2.451669999999999128e-01 7.648434999999998568e-03 2.135769999999999058e-01
2.659779999999999367e-01 1.170597500000000041e-02 2.108594999999999775e-01
2.878925000000001067e-01 1.490624999999999936e-02 2.096880000000003186e-01
3.092570000000001151e-01 1.618782499999999944e-02 2.112080000000000624e-01
3.329999999999999627e-01 1.599388499999999935e-02 2.102345000000001018e-01
3.614725000000000854e-01 1.590327500000000144e-02 2.050514999999999421e-01
3.887294999999999501e-01 1.571874999999999661e-02 2.008804999999997953e-01
4.154750000000000387e-01 1.671235000000000775e-02 1.990780000000000882e-01
4.424200000000002575e-01 1.914530000000001786e-02 1.948479999999999102e-01
4.695834999999997095e-01 2.061904999999999988e-02 1.868579999999999686e-01
4.977734999999996468e-01 2.224384999999998169e-02 1.801070000000000171e-01
5.260080000000000311e-01 2.330050000000000177e-02 1.782984999999999154e-01
5.528045000000005871e-01 2.331285000000000995e-02 1.794679999999999609e-01
5.802360000000001961e-01 2.275315000000001364e-02 1.811210000000000875e-01
6.069454999999992495e-01 2.223999999999998201e-02 1.835274999999998435e-01
6.312394999999995093e-01 2.294269999999998255e-02 1.876160000000002270e-01
6.563050000000005824e-01 2.478380000000002248e-02 1.911225000000005281e-01
6.796575000000002476e-01 2.673860000000000126e-02 1.907489999999993913e-01
7.020584999999996967e-01 2.831414999999998239e-02 1.883549999999996061e-01
7.238500000000005485e-01 3.059359999999997082e-02 1.854230000000005596e-01
7.427450000000002106e-01 3.340075000000003458e-02 1.818885000000003416e-01
7.612799999999992906e-01 3.595525000000002191e-02 1.788539999999998464e-01
7.752849999999993358e-01 3.851374999999995774e-02 1.747649999999993931e-01
7.838349999999998374e-01 4.006389999999998563e-02 1.670379999999997978e-01
7.911400000000003985e-01 4.059855000000001102e-02 1.567030000000007028e-01
7.956499999999993022e-01 4.074440000000001394e-02 1.457465000000000011e-01
8.008399999999999963e-01 4.145065000000003330e-02 1.348849999999996996e-01
8.078750000000010090e-01 4.150615000000001942e-02 1.222200000000004394e-01
8.133699999999990382e-01 3.960500000000000131e-02 1.069450000000000678e-01
8.193850000000004741e-01 3.882910000000000528e-02 8.997600000000005593e-02
8.246400000000022601e-01 3.927695000000003267e-02 6.870650000000022573e-02
8.302550000000010755e-01 3.881439999999991564e-02 4.141749999999966292e-02
8.353549999999998477e-01 3.677759999999991036e-02 1.076899999999980651e-02
8.368949999999983902e-01 3.482410000000007999e-02 -1.966399999999968173e-02
8.377899999999982583e-01 3.354149999999994636e-02 -4.760000000000008669e-02
8.373849999999993798e-01 3.167684999999992312e-02 -7.342200000000076443e-02
8.351649999999999352e-01 2.926450000000013763e-02 -1.023290000000001143e-01
8.320400000000010010e-01 2.644100000000004780e-02 -1.346494999999992004e-01
8.264600000000008606e-01 2.204299999999992377e-02 -1.633065000000000211e-01
8.213499999999989143e-01 1.696850000000005299e-02 -1.885205000000000908e-01
8.197100000000006048e-01 1.190000000000002167e-02 -2.165724999999998346e-01
8.132099999999997664e-01 4.797999999999968956e-03 -2.404080000000003992e-01
7.995499999999999829e-01 -3.018999999999993911e-03 -2.575080000000000702e-01
7.868100000000008976e-01 -1.043600000000000083e-02 -2.726349999999997387e-01
7.764850000000009800e-01 -1.870450000000001278e-02 -2.869915000000000660e-01
7.696050000000003166e-01 -3.043800000000007611e-02 -3.077459999999998530e-01
7.635249999999995651e-01 -4.111799999999998789e-02 -3.311144999999999783e-01
7.553099999999979275e-01 -4.592879999999993634e-02 -3.505755000000001509e-01
7.470049999999979207e-01 -4.719395000000004003e-02 -3.686594999999996958e-01
7.353100000000019065e-01 -4.605635000000002366e-02 -3.859660000000002533e-01
7.224950000000021078e-01 -4.464970000000001438e-02 -3.974565000000003234e-01
7.110100000000016962e-01 -4.221334999999998283e-02 -4.008329999999999949e-01
6.995649999999997704e-01 -3.983319999999995753e-02 -4.026229999999999531e-01
6.926449999999988449e-01 -4.177854999999996988e-02 -4.029004999999998837e-01
6.903100000000002012e-01 -4.363539999999999086e-02 -4.059810000000001473e-01
6.839800000000018088e-01 -4.207895000000000385e-02 -4.203754999999999020e-01
6.790799999999990177e-01 -4.207870000000002442e-02 -4.347194999999998144e-01
6.855449999999976285e-01 -4.306535000000000224e-02 -4.415035000000001597e-01
6.985749999999981696e-01 -4.192324999999996749e-02 -4.477467500000000822e-01
7.144949999999994361e-01 -4.325355000000002947e-02 -4.555517999999999512e-01
7.340450000000018349e-01 -4.599054999999999116e-02 -4.594634999999999692e-01
7.545350000000006219e-01 -4.629439999999998556e-02 -4.583860499999999338e-01
7.731150000000006628e-01 -4.642405000000002224e-02 -4.588662500000000866e-01
7.907250000000018986e-01 -4.718310000000000559e-02 -4.614241500000000884e-01
8.091199999999965087e-01 -4.890024999999999233e-02 -4.635219999999998786e-01
8.277350000000005537e-01 -5.155714999999999604e-02 -4.673180000000001222e-01
8.428650000000033060e-01 -5.296310000000001295e-02 -4.749835000000000029e-01
8.540599999999969327e-01 -5.299175999999999886e-02 -4.849484999999997825e-01
8.633449999999989188e-01 -5.187987499999999197e-02 -4.936085000000001166e-01
8.741500000000002046e-01 -5.005949999999999983e-02 -5.019569999999999865e-01
8.858950000000014313e-01 -5.002273499999999873e-02 -5.093649999999998457e-01
8.933700000000008856e-01 -5.100239000000000161e-02 -5.138370000000000992e-01
8.992300000000028604e-01 -5.216538999999999204e-02 -5.159164999999998891e-01
9.011900000000032662e-01 -5.341635000000000133e-02 -5.163289999999998159e-01
8.990599999999950853e-01 -5.488050000000001261e-02 -5.155289999999999040e-01
8.978649999999959164e-01 -5.515620000000000245e-02 -5.136840000000004736e-01
8.973849999999998772e-01 -5.403380000000002070e-02 -5.121130000000007065e-01
8.971699999999991348e-01 -5.281529999999998171e-02 -5.095654999999994494e-01
8.953350000000028786e-01 -5.113875000000001059e-02 -5.055294999999997430e-01
8.934900000000034481e-01 -5.024750000000000050e-02 -5.024900000000007694e-01
8.926799999999985857e-01 -5.017494999999999594e-02 -5.002385000000000304e-01
8.889299999999984436e-01 -5.126690000000000413e-02 -4.963874999999999815e-01
8.835099999999975751e-01 -5.252455000000000318e-02 -4.937149999999999039e-01
8.775700000000021817e-01 -5.280364999999997977e-02 -4.947249999999998593e-01
8.722050000000010073e-01 -5.256824999999998305e-02 -5.001199999999998980e-01
8.655199999999929616e-01 -5.379995000000004080e-02 -5.084549999999996572e-01
8.575000000000017053e-01 -5.430970000000007181e-02 -5.103699999999999903e-01
8.487150000000056593e-01 -5.277214999999996214e-02 -5.108600000000000918e-01
8.389799999999993929e-01 -5.242734999999992818e-02 -5.140949999999993025e-01
8.343299999999942429e-01 -5.331030000000003266e-02 -5.151300000000000878e-01
8.294950000000014256e-01 -5.400150000000003558e-02 -5.171400000000012653e-01
8.231250000000045475e-01 -5.252750000000006025e-02 -5.204699999999995441e-01
8.215949999999949682e-01 -4.873249999999995641e-02 -5.256099999999985783e-01
8.212749999999999773e-01 -4.500199999999987543e-02 -5.281799999999998718e-01
8.169950000000056889e-01 -3.975950000000005868e-02 -5.260150000000010095e-01
8.061100000000038790e-01 -3.525750000000005269e-02 -5.218350000000011590e-01
7.952099999999973079e-01 -3.659299999999987563e-02 -5.198499999999999233e-01
7.923249999999981696e-01 -3.864800000000001567e-02 -5.226799999999993673e-01
7.929500000000047066e-01 -4.219550000000005241e-02 -5.245499999999996277e-01
7.948850000000007299e-01 -4.386099999999992782e-02 -5.209549999999989467e-01
7.962399999999973943e-01 -3.910849999999999049e-02 -5.167350000000006105e-01
7.972999999999998977e-01 -3.651000000000004242e-02 -5.139800000000001035e-01
7.978449999999952524e-01 -3.454350000000006027e-02 -5.057650000000002422e-01
7.973549999999960392e-01 -2.834200000000008934e-02 -4.988200000000002632e-01
7.932000000000059003e-01 -2.482499999999987494e-02 -5.024599999999992406e-01
7.869749999999982037e-01 -2.626249999999996643e-02 -5.061100000000013921e-01
7.859549999999941861e-01 -2.556400000000014217e-02 -5.010049999999992565e-01
7.883700000000004593e-01 -2.236900000000008326e-02 -4.950250000000000483e-01
7.927450000000035857e-01 -2.325699999999997214e-02 -4.915150000000014785e-01
7.986050000000020077e-01 -2.190899999999995629e-02 -4.786199999999993793e-01
8.068700000000035288e-01 -1.776749999999993612e-02 -4.610849999999988569e-01
8.130150000000000432e-01 -1.700949999999989970e-02 -4.515550000000008168e-01
8.142799999999965621e-01 -1.704649999999996446e-02 -4.410199999999999676e-01
8.193399999999968486e-01 -1.460900000000009413e-02 -4.287799999999997169e-01
8.229599999999948068e-01 -1.461450000000008576e-02 -4.191550000000017207e-01
8.236650000000054206e-01 -2.105650000000003352e-02 -4.058049999999990831e-01
8.233300000000056684e-01 -2.433750000000001190e-02 -3.924649999999996197e-01
8.249299999999948341e-01 -2.498399999999978416e-02 -3.820950000000014057e-01
8.350949999999954798e-01 -2.987949999999994777e-02 -3.697449999999982140e-01
8.432850000000087221e-01 -3.386950000000010785e-02 -3.581449999999968270e-01
8.434050000000041791e-01 -3.437050000000008154e-02 -3.465350000000011477e-01
8.407449999999911938e-01 -3.523399999999998755e-02 -3.331850000000020628e-01
8.412649999999999295e-01 -3.681049999999985722e-02 -3.235499999999991161e-01
8.440250000000020236e-01 -4.055100000000000371e-02 -3.208200000000012153e-01
8.460549999999997794e-01 -4.503849999999998133e-02 -3.204600000000006332e-01
8.455749999999966349e-01 -4.566449999999999676e-02 -3.181899999999977524e-01
8.472949999999954684e-01 -4.534550000000003855e-02 -3.139299999999991542e-01
8.527000000000057867e-01 -4.670050000000003365e-02 -3.083049999999989410e-01
8.532700000000019713e-01 -4.675600000000001977e-02 -3.015600000000002723e-01
8.524650000000022487e-01 -4.445549999999998114e-02 -2.895150000000032975e-01
8.532500000000027285e-01 -4.275650000000008610e-02 -2.774550000000033378e-01
8.501999999999938495e-01 -4.375250000000008299e-02 -2.753149999999990882e-01
8.485999999999975785e-01 -4.407150000000004120e-02 -2.772799999999975284e-01
8.534000000000006025e-01 -4.331350000000000477e-02 -2.714800000000003877e-01
8.590000000000017621e-01 -4.469600000000006901e-02 -2.650100000000001899e-01
8.627000000000037971e-01 -4.661249999999994564e-02 -2.603499999999989711e-01
8.610499999999987608e-01 -4.413149999999976814e-02 -2.520400000000009300e-01
8.593499999999991701e-01 -4.307899999999986740e-02 -2.442899999999994520e-01
8.618500000000040018e-01 -4.521650000000021485e-02 -2.381700000000002149e-01
8.654500000000027171e-01 -4.625699999999999257e-02 -2.325900000000018508e-01
8.673499999999947363e-01 -4.630849999999986366e-02 -2.296199999999970487e-01
8.664999999999949409e-01 -4.538000000000019796e-02 -2.274150000000005889e-01
8.676500000000046953e-01 -4.466250000000004938e-02 -2.195800000000041052e-01
8.704999999999998295e-01 -4.456499999999996575e-02 -2.063049999999968520e-01
8.733000000000004093e-01 -4.434150000000003367e-02 -1.959649999999975023e-01
8.736500000000049226e-01 -4.370149999999983770e-02 -1.960750000000004434e-01
8.728999999999942361e-01 -4.367399999999999061e-02 -1.969349999999998602e-01
8.719499999999982265e-01 -4.465750000000023867e-02 -1.923100000000026455e-01
8.738500000000044565e-01 -4.266549999999980081e-02 -1.917500000000025295e-01
8.755499999999969418e-01 -3.946849999999990644e-02 -1.933249999999979707e-01
8.738499999999973511e-01 -4.132950000000024104e-02 -1.865749999999977149e-01
8.740999999999985448e-01 -4.135949999999999349e-02 -1.750799999999976819e-01
8.730000000000046612e-01 -3.832900000000005747e-02 -1.682099999999984163e-01
8.727000000000018076e-01 -4.016050000000004339e-02 -1.649700000000038358e-01
8.738999999999990109e-01 -4.147899999999982157e-02 -1.637599999999999056e-01
8.725000000000022737e-01 -3.847650000000002457e-02 -1.670349999999984902e-01
8.742499999999964189e-01 -3.731299999999992956e-02 -1.687450000000012551e-01
8.725499999999968281e-01 -3.634599999999976738e-02 -1.663949999999978502e-01
8.628500000000016712e-01 -3.408050000000018009e-02 -1.648350000000000648e-01
8.566000000000002501e-01 -3.331250000000007816e-02 -1.641350000000016962e-01
8.567499999999981242e-01 -3.367349999999991184e-02 -1.617199999999989757e-01
8.576499999999995794e-01 -3.771999999999997577e-02 -1.597149999999984971e-01
8.551500000000018531e-01 -4.045150000000008461e-02 -1.626250000000020179e-01
8.497500000000002274e-01 -3.704599999999991233e-02 -1.631100000000031969e-01
8.462499999999977263e-01 -3.883999999999998565e-02 -1.500899999999987244e-01
8.429000000000002046e-01 -4.256050000000000111e-02 -1.400749999999995055e-01
8.376999999999981128e-01 -4.220799999999980123e-02 -1.455599999999996896e-01
8.329999999999984084e-01 -4.328200000000004266e-02 -1.510449999999998738e-01
8.266500000000007731e-01 -4.437850000000009842e-02 -1.491900000000008220e-01
8.246000000000037744e-01 -4.328749999999992326e-02 -1.510850000000019122e-01
8.221000000000060481e-01 -4.180450000000002220e-02 -1.542549999999991428e-01
8.206500000000005457e-01 -4.154800000000014037e-02 -1.503899999999980253e-01
8.174999999999954525e-01 -3.969950000000022072e-02 -1.424900000000022260e-01
8.074500000000028876e-01 -3.904100000000010340e-02 -1.353049999999988984e-01
8.018500000000017280e-01 -3.877049999999959695e-02 -1.291699999999984527e-01
7.998499999999921783e-01 -3.542549999999966559e-02 -1.205300000000022465e-01
8.011000000000052523e-01 -3.699400000000041544e-02 -1.112350000000006389e-01
8.004000000000104365e-01 -4.097900000000009868e-02 -1.031899999999978945e-01
7.941000000000002501e-01 -3.922349999999985570e-02 -9.565999999999874603e-02
7.899999999999920419e-01 -3.620350000000005508e-02 -8.275499999999880174e-02
7.897999999999996135e-01 -3.576600000000018653e-02 -6.925999999999987722e-02
7.844000000000050932e-01 -3.788550000000023843e-02 -5.970500000000455998e-02
7.757000000000005002e-01 -4.226149999999950779e-02 -4.819500000000331852e-02
7.676500000000032742e-01 -4.512649999999984729e-02 -3.165999999999513648e-02
7.613999999999947477e-01 -4.610500000000028464e-02 -1.848999999999989541e-02
7.632999999999867669e-01 -4.854300000000000281e-02 -1.164500000000145974e-02
7.681000000000040018e-01 -5.270149999999995671e-02 -1.349999999998630074e-03
7.651500000000055479e-01 -5.560749999999980986e-02 1.261500000000026489e-02
7.540499999999923375e-01 -5.627699999999968838e-02 2.333499999999943952e-02
7.447499999999962483e-01 -5.449650000000039185e-02 2.873499999999751253e-02
7.445500000000038199e-01 -5.170100000000044105e-02 3.307000000000215323e-02
7.518000000000029104e-01 -5.503899999999983805e-02 3.214500000000342084e-02
7.554499999999961801e-01 -6.205599999999966698e-02 2.752999999999872216e-02
7.540500000000065484e-01 -5.968499999999998806e-02 2.514499999999841862e-02
7.509000000000014552e-01 -5.192850000000026611e-02 2.233000000000018304e-02
7.463999999999941792e-01 -5.233050000000005753e-02 1.759999999999806164e-02
7.481499999999954298e-01 -5.616850000000006560e-02 1.666000000000167347e-02
7.491500000000002046e-01 -5.383199999999987995e-02 1.418999999999925876e-02
7.465500000000133696e-01 -5.230749999999995126e-02 8.209999999998274234e-03
7.453500000000019554e-01 -5.555900000000013605e-02 3.900000000001568878e-03
7.392999999999858574e-01 -5.346500000000009578e-02 -3.950000000010334134e-04
7.325000000000017053e-01 -5.014250000000020080e-02 -2.444999999998032081e-03
7.286000000000001364e-01 -5.274100000000014887e-02 -5.019999999998248086e-03
7.231500000000039563e-01 -5.511149999999975790e-02 -8.514999999999162128e-03
7.172000000000053888e-01 -5.199049999999960647e-02 -1.301000000000129830e-02
7.166499999999871306e-01 -5.095399999999994378e-02 -1.481500000000224304e-02
7.176000000000044565e-01 -5.406200000000005446e-02 -1.273999999999730903e-02
7.123000000000132559e-01 -5.495399999999994733e-02 -6.454999999998989324e-03
7.038999999999902002e-01 -5.309400000000019659e-02 3.349999999997521627e-04
6.975999999999942247e-01 -4.901650000000001839e-02 8.054999999998813109e-03
6.934500000000127784e-01 -4.581999999999952777e-02 2.199999999999846523e-02
6.879500000000007276e-01 -4.439300000000034885e-02 3.954500000000038540e-02
6.835999999999984311e-01 -4.421750000000024272e-02 5.161500000000174282e-02
6.798000000000001819e-01 -4.216949999999997090e-02 5.772500000000135856e-02
6.735499999999916554e-01 -3.810249999999992809e-02 6.756999999999635520e-02
6.656499999999994088e-01 -3.511449999999971539e-02 8.049999999999712941e-02
6.552500000000094360e-01 -3.191000000000032699e-02 9.176000000000072987e-02
6.481500000000011141e-01 -2.707550000000003010e-02 9.977999999999909164e-02
6.375499999999902911e-01 -2.155549999999939459e-02 1.096500000000020236e-01
6.279499999999984539e-01 -1.898749999999971294e-02 1.231650000000037437e-01
6.246500000000025921e-01 -1.683900000000049246e-02 1.321750000000001535e-01
6.216500000000024784e-01 -1.527900000000048664e-02 1.337799999999980116e-01
6.184999999999973852e-01 -1.568249999999959954e-02 1.363749999999974705e-01
6.082999999999998408e-01 -1.549299999999975697e-02 1.480350000000001387e-01
5.970500000000100727e-01 -1.608900000000046404e-02 1.590899999999990655e-01
5.899500000000017508e-01 -1.565950000000038145e-02 1.577100000000015712e-01
5.890999999999877446e-01 -1.474049999999982319e-02 1.530800000000027694e-01
5.925000000000011369e-01 -1.346299999999978070e-02 1.563300000000005241e-01
5.983000000000089358e-01 -1.595699999999977692e-02 1.695449999999993906e-01
6.036499999999875854e-01 -1.952350000000002694e-02 1.794899999999977069e-01
6.051499999999947477e-01 -2.012350000000040495e-02 1.801850000000015939e-01
6.020000000000038654e-01 -1.713249999999932882e-02 1.747399999999998954e-01
5.970499999999958618e-01 -1.191100000000000492e-02 1.696600000000003661e-01
5.963500000000010459e-01 -6.402500000000532765e-03 1.690749999999994202e-01
5.982000000000056161e-01 -2.500499999999572509e-03 1.723149999999975535e-01
6.004999999999967031e-01 -4.833000000000087226e-03 1.782250000000011880e-01
6.064000000000078217e-01 -8.820000000000494111e-03 1.843900000000004979e-01
6.122000000000014097e-01 -9.337000000000372779e-03 1.902050000000023999e-01
6.143000000000000682e-01 -6.201999999999596724e-03 1.946100000000008379e-01
6.157000000000039108e-01 -3.403999999999740567e-03 1.995149999999981105e-01
6.143499999999875172e-01 -1.387999999999944833e-03 2.042899999999967520e-01
6.106999999999942474e-01 -7.515000000002380887e-04 2.128200000000006753e-01
6.073000000000092768e-01 -1.901499999999778368e-03 2.255200000000030514e-01
6.082999999999998408e-01 -2.199499999999243727e-03 2.354849999999970578e-01
6.145499999999941565e-01 -3.592000000000705739e-03 2.444799999999993645e-01
6.212000000000017508e-01 -5.427000000000514746e-03 2.554650000000044940e-01
6.198499999999995680e-01 -5.351499999999731472e-03 2.678100000000007697e-01
6.146499999999974762e-01 -2.794999999999880913e-03 2.772749999999994941e-01
6.190500000000014325e-01 2.209999999998046860e-04 2.833399999999990371e-01
6.246500000000025921e-01 9.820000000000383977e-04 2.893000000000007788e-01
6.325000000000073896e-01 6.100000000008876100e-05 2.933550000000018088e-01
6.463499999999982037e-01 1.461500000000004462e-03 2.932649999999981105e-01
6.500999999999947931e-01 4.990000000000271996e-03 2.906350000000017531e-01
6.517000000000052751e-01 6.545500000000092911e-03 2.932750000000012847e-01
6.619500000000044793e-01 5.927999999999933323e-03 2.963499999999967827e-01
6.766499999999950887e-01 4.658499999999676788e-03 2.952799999999982106e-01
6.855499999999921101e-01 5.463000000000217682e-03 2.960650000000022430e-01
6.871500000000025921e-01 6.194999999999950546e-03 2.989549999999994156e-01
6.877000000000066393e-01 5.897499999999666898e-03 3.016849999999990928e-01
6.878999999999990678e-01 8.773500000000211685e-03 3.037299999999998334e-01
6.878999999999990678e-01 1.194300000000003692e-02 3.046699999999979980e-01
6.854500000000030013e-01 1.102899999999973346e-02 3.032000000000003581e-01
6.844499999999982265e-01 9.831499999999770978e-03 3.004899999999999238e-01
6.838999999999941792e-01 1.192400000000048976e-02 2.976850000000013097e-01
6.824000000000012278e-01 1.368800000000058859e-02 2.981999999999995765e-01
6.840499999999991587e-01 1.207149999999979073e-02 3.019699999999971851e-01
6.852999999999980218e-01 1.105799999999979022e-02 3.022350000000013637e-01
6.841500000000024784e-01 9.651999999999993918e-03 3.020550000000028490e-01
6.847999999999956344e-01 9.523499999999796017e-03 3.007600000000003604e-01
6.861999999999994770e-01 1.222499999999993037e-02 2.921199999999970487e-01
6.889500000000055024e-01 1.152450000000015962e-02 2.818799999999992423e-01
6.901500000000027057e-01 7.703000000000237435e-03 2.718100000000003291e-01
6.919499999999914053e-01 4.727999999999621394e-03 2.644900000000021123e-01
6.960499999999996135e-01 4.627999999999854452e-03 2.607499999999998153e-01
7.021500000000031605e-01 7.212500000000066080e-03 2.508199999999973784e-01
7.087500000000090949e-01 1.002800000000014791e-02 2.379600000000010596e-01
7.075000000000102318e-01 1.508650000000022473e-02 2.325900000000000745e-01
7.044499999999942474e-01 2.036349999999975680e-02 2.361649999999997362e-01
7.058499999999980901e-01 2.228999999999992099e-02 2.341400000000017911e-01
7.113499999999959300e-01 2.338000000000040046e-02 2.304550000000009646e-01
7.132000000000005002e-01 2.591549999999998022e-02 2.329549999999986909e-01
7.132000000000005002e-01 2.784450000000004977e-02 2.367150000000002308e-01
7.183999999999883812e-01 2.489900000000044855e-02 2.378999999999997783e-01
7.230500000000006366e-01 1.884749999999968395e-02 2.342949999999994759e-01
7.257000000000033424e-01 1.626699999999958735e-02 2.324900000000003075e-01
7.286500000000017963e-01 1.754000000000033310e-02 2.320299999999999585e-01
7.330000000000040927e-01 2.089950000000007080e-02 2.371499999999997499e-01
7.347000000000036835e-01 2.236199999999977095e-02 2.473150000000003956e-01
7.360500000000058662e-01 2.534299999999989339e-02 2.572200000000020026e-01
7.368499999999897909e-01 3.162999999999982492e-02 2.633949999999991576e-01
7.365999999999957026e-01 3.243850000000003675e-02 2.674899999999986733e-01
7.367000000000132331e-01 2.942299999999997695e-02 2.756350000000011846e-01
7.353999999999984993e-01 3.281899999999993156e-02 2.824550000000005667e-01
7.362499999999982947e-01 3.510650000000037352e-02 2.856749999999994571e-01
7.395499999999941565e-01 2.875549999999993389e-02 2.889499999999998181e-01
7.395499999999941565e-01 2.631749999999977163e-02 2.925349999999991013e-01
7.400500000000107548e-01 2.630750000000015021e-02 2.955149999999999721e-01
7.432000000000016371e-01 2.370550000000015700e-02 2.976550000000006690e-01
7.423000000000001819e-01 2.410800000000001830e-02 2.991349999999997067e-01
7.382999999999952934e-01 2.852799999999966474e-02 2.990300000000001290e-01
7.326499999999924739e-01 3.309600000000001430e-02 2.982999999999993435e-01
7.284000000000077080e-01 3.643000000000018446e-02 3.032249999999994117e-01
7.274000000000029331e-01 3.664049999999985374e-02 3.137500000000006395e-01
7.249499999999926558e-01 3.927699999999978431e-02 3.195949999999996294e-01
7.181499999999942929e-01 3.904650000000042809e-02 3.158700000000003172e-01
7.129500000000064119e-01 3.579900000000035831e-02 3.143000000000011340e-01
7.117500000000092086e-01 3.581849999999953127e-02 3.225149999999992190e-01
7.156499999999965667e-01 3.339749999999996888e-02 3.318849999999997635e-01
7.241499999999945203e-01 3.128450000000038145e-02 3.326450000000011897e-01
7.306499999999971351e-01 3.472849999999993997e-02 3.291149999999998244e-01
7.312500000000028422e-01 3.955049999999982191e-02 3.322450000000003456e-01
7.275500000000079126e-01 3.943850000000015399e-02 3.366850000000010112e-01
7.205500000000029104e-01 4.151399999999982882e-02 3.344849999999990331e-01
7.156999999999982265e-01 4.572500000000001563e-02 3.328999999999986414e-01
7.146499999999917918e-01 4.528899999999991266e-02 3.381049999999996558e-01
7.135499999999979082e-01 4.090699999999980463e-02 3.435150000000000148e-01
7.118499999999983174e-01 4.056550000000003209e-02 3.461650000000009442e-01
7.126999999999981128e-01 4.175349999999999895e-02 3.499750000000005912e-01
7.175500000000027967e-01 3.864850000000030761e-02 3.554849999999989407e-01
7.206500000000062300e-01 3.592249999999985732e-02 3.592400000000006699e-01
7.225999999999999091e-01 3.739200000000009183e-02 3.615699999999995029e-01
7.236499999999921329e-01 4.339799999999982560e-02 3.646099999999989905e-01
7.257000000000033424e-01 4.751400000000005619e-02 3.674100000000004584e-01
7.245000000000061391e-01 5.088100000000039813e-02 3.693999999999997286e-01
7.121499999999940655e-01 4.964599999999963487e-02 3.729800000000009774e-01
7.043000000000034788e-01 4.897499999999999076e-02 3.729900000000005988e-01
7.056000000000040018e-01 5.259249999999981995e-02 3.669999999999999929e-01
7.130499999999955207e-01 5.061450000000000671e-02 3.673999999999999488e-01
7.218500000000034333e-01 4.354050000000020404e-02 3.738099999999997536e-01
7.220499999999958618e-01 4.098250000000014381e-02 3.741300000000000736e-01
7.207499999999953388e-01 4.271300000000000097e-02 3.706209999999998672e-01
7.241500000000087311e-01 3.935399999999944498e-02 3.708084999999998743e-01
7.280000000000086402e-01 3.860600000000014020e-02 3.744084999999994778e-01
7.254499999999950433e-01 4.329300000000024795e-02 3.783190000000002939e-01
7.213999999999884949e-01 4.718149999999976529e-02 3.803080000000003125e-01
7.194499999999948159e-01 4.709550000000017889e-02 3.806519999999995463e-01
7.172500000000070486e-01 4.788650000000016504e-02 3.816629999999996414e-01
7.181000000000068439e-01 5.240000000000000213e-02 3.822855000000004999e-01
7.191499999999990678e-01 5.706800000000011863e-02 3.840695000000002857e-01
7.176999999999935653e-01 5.518599999999995731e-02 3.899804999999996191e-01
7.155999999999949068e-01 5.630749999999995481e-02 3.931589999999998142e-01
7.115999999999900183e-01 5.998400000000003729e-02 3.949670000000002901e-01
7.064500000000037971e-01 5.936049999999992721e-02 4.010175000000004708e-01
7.032500000000254659e-01 5.599349999999980732e-02 4.033704999999998542e-01
7.050999999999874035e-01 5.184699999999975439e-02 4.034739999999996662e-01
7.053999999999973625e-01 4.925350000000006112e-02 4.102345000000000574e-01
7.018500000000074124e-01 4.653250000000008768e-02 4.191865000000001285e-01
6.945999999999799002e-01 4.837800000000025413e-02 4.277404999999998569e-01
6.864999999999952252e-01 4.970400000000019247e-02 4.425454999999998140e-01
6.827499999999986358e-01 5.107649999999974710e-02 4.576804999999999346e-01
6.763500000000135515e-01 5.107449999999991164e-02 4.685500000000000220e-01
6.659000000000219188e-01 5.041299999999981907e-02 4.799449999999999550e-01
6.555999999999926331e-01 5.208899999999982988e-02 4.876373000000001068e-01
6.488999999999975898e-01 5.352950000000022968e-02 4.917201000000001043e-01
6.480999999999994543e-01 5.350650000000034545e-02 4.960037050000000169e-01
6.488499999999817192e-01 4.761100000000006993e-02 4.979124000000000327e-01
6.501499999999964530e-01 4.457949999999999413e-02 4.921584950000000291e-01
6.557500000000118234e-01 4.548599999999991539e-02 4.790700000000000514e-01
6.654500000000211912e-01 4.623049999999984117e-02 4.633405000000000440e-01
6.769999999999924967e-01 4.580500000000009564e-02 4.538124999999999520e-01
6.803999999999916781e-01 4.084600000000015996e-02 4.526465000000000627e-01
6.831500000000119144e-01 4.024799999999983946e-02 4.448804999999997900e-01
6.905500000000017735e-01 4.267799999999999372e-02 4.294794999999997920e-01
6.927499999999895408e-01 4.062750000000003858e-02 4.215560000000002638e-01
6.961499999999887223e-01 3.735899999999992005e-02 4.224545000000001771e-01
7.009999999999934062e-01 3.789799999999998725e-02 4.210449999999998916e-01
7.057000000000073214e-01 4.134999999999999787e-02 4.185809999999996478e-01
7.114500000000134605e-01 4.264800000000001923e-02 4.167510000000000936e-01
7.161499999999989541e-01 4.628699999999996706e-02 4.126865000000004002e-01
7.159499999999923148e-01 4.964800000000013647e-02 4.096625000000000405e-01
7.118999999999857664e-01 4.674350000000004890e-02 4.078464999999993346e-01
7.096999999999979991e-01 4.379699999999986382e-02 4.041095000000001214e-01
7.135000000000104592e-01 4.506500000000013273e-02 4.010975000000005508e-01
7.219000000000050932e-01 4.523699999999997168e-02 4.042055000000002174e-01
7.303500000000155978e-01 3.733949999999985891e-02 4.094985000000002096e-01
7.355499999999892680e-01 3.361700000000000799e-02 4.087974999999994807e-01
7.404499999999814008e-01 3.532599999999996854e-02 4.062144999999999229e-01
7.444000000000130512e-01 3.339950000000002639e-02 4.128664999999998031e-01
7.447999999999979082e-01 3.271000000000001684e-02 4.214275000000000659e-01
7.461500000000000909e-01 3.393099999999993344e-02 4.253625000000003098e-01
7.472999999999956344e-01 3.385100000000007547e-02 4.303449999999999775e-01
7.474499999999864031e-01 2.948700000000004096e-02 4.387249999999998096e-01
7.448500000000137788e-01 2.903999999999995474e-02 4.426099999999992818e-01
7.468000000000074579e-01 2.974250000000000504e-02 4.408000000000003027e-01
7.503000000000099590e-01 2.214150000000003615e-02 4.413350000000004769e-01
7.506999999999948159e-01 1.676149999999987372e-02 4.485799999999997567e-01
7.518999999999778083e-01 2.024399999999992872e-02 4.619349999999995404e-01
7.506000000000199179e-01 2.446600000000009878e-02 4.765449999999997743e-01
7.517500000000154614e-01 2.641150000000003217e-02 4.885700000000010590e-01
7.538499999999999091e-01 3.191900000000003068e-02 5.006250000000003197e-01
7.515499999999804004e-01 3.459399999999990261e-02 5.082599999999990459e-01
7.460499999999967713e-01 3.722000000000003084e-02 5.101500000000003254e-01
7.368500000000040018e-01 4.250149999999996986e-02 5.138850000000010354e-01
7.291500000000041837e-01 4.493649999999993483e-02 5.135899999999988808e-01
7.273500000000012733e-01 4.277250000000010210e-02 5.133499999999990848e-01
7.273999999999887223e-01 3.745400000000009832e-02 5.188900000000007395e-01
7.300500000000056389e-01 3.448999999999990962e-02 5.265400000000006742e-01
7.410500000000013188e-01 2.766199999999985337e-02 5.310550000000002768e-01
7.470999999999889951e-01 2.419750000000009393e-02 5.390899999999998471e-01
7.442499999999938609e-01 2.876200000000017631e-02 5.490899999999996339e-01
7.356500000000210093e-01 3.554049999999997489e-02 5.606799999999996231e-01
7.569000000000016826e-01 9.650999999999965162e-03 5.814800000000008851e-01
7.932999999999879037e-01 -2.882849999999992363e-02 6.023350000000000648e-01
8.034499999999979991e-01 -3.773600000000010279e-02 6.097399999999986164e-01
7.911000000000001364e-01 -2.670550000000004864e-02 6.084300000000002484e-01
7.713500000000124146e-01 -8.699999999999930012e-03 6.103350000000009601e-01
7.658000000000129148e-01 -7.705500000000031768e-03 6.133899999999989916e-01
7.587000000000045929e-01 -3.558500000000131003e-03 6.212599999999994793e-01
7.506999999999948159e-01 4.376499999999894364e-03 6.340600000000016223e-01
7.439499999999839019e-01 1.049750000000004846e-02 6.457200000000007378e-01
7.381499999999903139e-01 1.781600000000016504e-02 6.494599999999977058e-01
7.249000000000194177e-01 2.091849999999995102e-02 6.486850000000004002e-01
7.161499999999989541e-01 2.025049999999994910e-02 6.539550000000033947e-01
7.181999999999959527e-01 1.934800000000014286e-02 6.553299999999993020e-01
7.164500000000089130e-01 2.094850000000003654e-02 6.554749999999991417e-01
7.095999999999946795e-01 2.228249999999998288e-02 6.599500000000002586e-01
7.025999999999896772e-01 2.512549999999991179e-02 6.639949999999981145e-01
6.986499999999864485e-01 2.663199999999998902e-02 6.665949999999991604e-01
6.895000000000095497e-01 2.688699999999999424e-02 6.709250000000004377e-01
6.794500000000027740e-01 2.773649999999994176e-02 6.796649999999999636e-01
6.716000000000121872e-01 2.985350000000008830e-02 6.797499999999985221e-01
6.658999999999934971e-01 3.006000000000008665e-02 6.829949999999982424e-01
6.631500000000016826e-01 3.304050000000002818e-02 6.857000000000006423e-01
6.584500000000161890e-01 3.189599999999992441e-02 6.862900000000031753e-01
6.500999999999805823e-01 2.973899999999995991e-02 6.900849999999998374e-01
6.476499999999987267e-01 3.273250000000005322e-02 6.896799999999991826e-01
6.456500000000175987e-01 3.293500000000004757e-02 6.953100000000027592e-01
6.376500000000078217e-01 3.106649999999999689e-02 7.039499999999989654e-01
6.341999999999927695e-01 3.527349999999995767e-02 7.050400000000003331e-01
6.365499999999997272e-01 4.219849999999991663e-02 7.016899999999992588e-01
6.326499999999839474e-01 3.951399999999993806e-02 7.007049999999956924e-01
6.279999999999859028e-01 3.599400000000008149e-02 6.999700000000004252e-01
6.277500000000202363e-01 3.791300000000008552e-02 6.953900000000032833e-01
6.273500000000069576e-01 3.727150000000001295e-02 6.951350000000040552e-01
6.293499999999880856e-01 3.476309999999993572e-02 7.011599999999980071e-01
6.332999999999913143e-01 3.642059999999991415e-02 7.044699999999970430e-01
6.385999999999967258e-01 3.970600000000001906e-02 7.054300000000033322e-01
6.419500000000084583e-01 4.094949999999997203e-02 7.032399999999974227e-01
6.431500000000198725e-01 4.054855000000007204e-02 6.998549999999958970e-01
6.476499999999987267e-01 3.926010000000007549e-02 6.962550000000042871e-01
6.571999999999889042e-01 3.772844999999991344e-02 6.924200000000020339e-01
6.664499999999975444e-01 3.536685000000000523e-02 6.911999999999984823e-01
6.745999999999980901e-01 3.372215000000000629e-02 6.884000000000014552e-01
6.814999999999997726e-01 3.599869999999999459e-02 6.858800000000009334e-01
6.910000000000025011e-01 4.098404999999999410e-02 6.852449999999983277e-01
6.997499999999945430e-01 4.386655000000000415e-02 6.838300000000003820e-01
7.013499999999908141e-01 4.597065000000005730e-02 6.762850000000000250e-01
7.048000000000058662e-01 4.750185000000001212e-02 6.647049999999978809e-01
7.132000000000005002e-01 4.538564999999997185e-02 6.581050000000026046e-01
7.244499999999902684e-01 4.118574999999996544e-02 6.553749999999993747e-01
7.350000000000136424e-01 3.816890000000000560e-02 6.549649999999935801e-01
7.407500000000197815e-01 3.768989999999999840e-02 6.542200000000022442e-01
7.466000000000008185e-01 4.017959999999998200e-02 6.510150000000045623e-01
7.517499999999870397e-01 4.278305000000003078e-02 6.494549999999996714e-01
7.543499999999880856e-01 4.387685000000000890e-02 6.517249999999989996e-01
7.586000000000012733e-01 4.482189999999999785e-02 6.495400000000017826e-01
7.642500000000040927e-01 4.435910500000000284e-02 6.454950000000003740e-01
7.699000000000069122e-01 4.443541999999998937e-02 6.439549999999982788e-01
7.748499999999864940e-01 4.612286000000000163e-02 6.425649999999976103e-01
7.799499999999852662e-01 4.656623999999999486e-02 6.385950000000022442e-01
7.860500000000172349e-01 4.661828499999999542e-02 6.369050000000058276e-01
7.892999999999972260e-01 4.816204000000000318e-02 6.365799999999985914e-01
7.898999999999887223e-01 4.801185000000000175e-02 6.334449999999947067e-01
7.923500000000274213e-01 4.652125000000000010e-02 6.320700000000023522e-01
7.930499999999938154e-01 4.521799999999999431e-02 6.279900000000004923e-01
7.942999999999926786e-01 4.415465000000000362e-02 6.219349999999934653e-01
7.980000000000018190e-01 4.471449999999999037e-02 6.184650000000040393e-01
8.032000000000039108e-01 4.476910000000000611e-02 6.176700000000039381e-01
8.093000000000074579e-01 4.686455000000003257e-02 6.161799999999999500e-01
8.117999999999767624e-01 5.311974999999999336e-02 6.152049999999960050e-01
8.085000000000093223e-01 5.618370000000000308e-02 6.133049999999968804e-01
8.041000000000053660e-01 5.501784999999997927e-02 6.075200000000009481e-01
8.034499999999979991e-01 5.180924999999997338e-02 6.043149999999997135e-01
8.059499999999957254e-01 4.665110000000005641e-02 6.035000000000039222e-01
8.123500000000092314e-01 4.258945000000002867e-02 6.044649999999975876e-01
8.174000000000205546e-01 4.058349999999999458e-02 6.038750000000021600e-01
8.179999999999836291e-01 4.254104999999996917e-02 6.015350000000054820e-01
8.178499999999928605e-01 4.712744999999990414e-02 6.024599999999935562e-01
8.154000000000110049e-01 4.918254999999999155e-02 6.017049999999954935e-01
8.132999999999981355e-01 4.929840000000007549e-02 6.014949999999998909e-01
8.122999999999933607e-01 4.945990000000005660e-02 6.007200000000025852e-01
8.127499999999940883e-01 5.016299999999995762e-02 6.017900000000011573e-01
8.161499999999932697e-01 5.005699999999990712e-02 6.036349999999970350e-01
8.154000000000110049e-01 5.023650000000001725e-02 6.018100000000004002e-01
8.143000000000029104e-01 5.042100000000004911e-02 6.008300000000019736e-01
8.140999999999962711e-01 5.101350000000004492e-02 6.004099999999965576e-01
8.140999999999962711e-01 5.167749999999993182e-02 6.004150000000052501e-01
8.149500000000102773e-01 5.103499999999994152e-02 6.015050000000030650e-01
8.138500000000021828e-01 5.242100000000005089e-02 6.012299999999939359e-01
8.122999999999933607e-01 5.441450000000003229e-02 5.993250000000003297e-01
8.101000000000055934e-01 5.581600000000008777e-02 5.979200000000020054e-01
8.072999999999979082e-01 5.721399999999998709e-02 5.950699999999997658e-01
8.051499999999975898e-01 5.900399999999994538e-02 5.915450000000035402e-01
8.002500000000054570e-01 6.109649999999999803e-02 5.925450000000012096e-01
7.941000000000144610e-01 6.294300000000008222e-02 5.942899999999937677e-01
7.873500000000035470e-01 6.311700000000008970e-02 5.923299999999969145e-01
7.783999999999764441e-01 6.215299999999990277e-02 5.880500000000026262e-01
7.694999999999936335e-01 6.203950000000002518e-02 5.826400000000049317e-01
7.592999999999960892e-01 6.108250000000003954e-02 5.777799999999970737e-01
7.481499999999812189e-01 5.997849999999993464e-02 5.723050000000000637e-01
7.364500000000191449e-01 6.026900000000012803e-02 5.665449999999978559e-01
7.240000000000179625e-01 6.287500000000001421e-02 5.621599999999986608e-01
7.086999999999932243e-01 6.528099999999992242e-02 5.568200000000018690e-01
6.934499999999843567e-01 6.649649999999995842e-02 5.479300000000009163e-01
6.793000000000120053e-01 6.969749999999996781e-02 5.365999999999999659e-01
6.660000000000252385e-01 7.066150000000015474e-02 5.237249999999988859e-01
6.543499999999937700e-01 6.871350000000009395e-02 5.102800000000016212e-01
6.431499999999914507e-01 6.649449999999990091e-02 4.964149999999989404e-01
6.343999999999994088e-01 6.438999999999994728e-02 4.839650000000048635e-01
6.275499999999851752e-01 6.202250000000009145e-02 4.744550000000060663e-01
6.189499999999839019e-01 5.863299999999993517e-02 4.670899999999917895e-01
6.086999999999989086e-01 5.660649999999978199e-02 4.603999999999999204e-01
5.993500000000153705e-01 5.711549999999987470e-02 4.516350000000031173e-01
5.922500000000070486e-01 5.685850000000014504e-02 4.427749999999974762e-01
5.870999999999924057e-01 5.433850000000006730e-02 4.312350000000009231e-01
5.800499999999999545e-01 5.164049999999975604e-02 4.168049999999965394e-01
5.736500000000148702e-01 4.929800000000006399e-02 4.065000000000011937e-01
5.731499999999982720e-01 4.869999999999996554e-02 3.996550000000027580e-01
5.780000000000029559e-01 5.040149999999998798e-02 3.935900000000032151e-01
5.895500000000026830e-01 5.066150000000035902e-02 3.895849999999967395e-01
6.006499999999732609e-01 4.956300000000002370e-02 3.886949999999984584e-01
6.090000000000088676e-01 5.268999999999968153e-02 3.848500000000001364e-01
6.190500000000156433e-01 5.716300000000007486e-02 3.782599999999973761e-01
6.245999999999867214e-01 6.012000000000017330e-02 3.721499999999977604e-01
6.292499999999847660e-01 6.314099999999989166e-02 3.659249999999971692e-01
6.351999999999975444e-01 6.399550000000009398e-02 3.593550000000078626e-01
6.415000000000077307e-01 6.504949999999998234e-02 3.528200000000012437e-01
6.509500000000230102e-01 6.697500000000000675e-02 3.507099999999923057e-01
6.600500000000124601e-01 6.921150000000020341e-02 3.530149999999991905e-01
6.734999999999899956e-01 7.321449999999996017e-02 3.580100000000001614e-01
6.860000000000070486e-01 7.852549999999958175e-02 3.670150000000020896e-01
6.899999999999977263e-01 8.543799999999990291e-02 3.715150000000022601e-01
6.919499999999914053e-01 9.227250000000042363e-02 3.660799999999966303e-01
6.945499999999924512e-01 9.835349999999998261e-02 3.608150000000023283e-01
6.986499999999864485e-01 1.025534999999999641e-01 3.583650000000062619e-01
7.086999999999932243e-01 1.069394999999997431e-01 3.541899999999955639e-01
7.173500000000103682e-01 1.121039999999999814e-01 3.492800000000002569e-01
7.222000000000150521e-01 1.136855000000003280e-01 3.426700000000053592e-01
7.220000000000084128e-01 1.137134999999998008e-01 3.355499999999977945e-01
7.143499999999960437e-01 1.164300000000002555e-01 3.308999999999997499e-01
7.102999999999894953e-01 1.175910000000000011e-01 3.268500000000003070e-01
7.084499999999991360e-01 1.163844999999996688e-01 3.227499999999992042e-01
7.049000000000091859e-01 1.145429999999998394e-01 3.161500000000003752e-01
7.023499999999955890e-01 1.119205000000000894e-01 3.052999999999954639e-01
6.992499999999779448e-01 1.094785000000002562e-01 2.914499999999975444e-01
6.952500000000156888e-01 1.068889999999997897e-01 2.811500000000037858e-01
6.900000000000261480e-01 1.055635000000001433e-01 2.727500000000020464e-01
6.816000000000030923e-01 1.044445000000000512e-01 2.590999999999965553e-01
6.739499999999907232e-01 1.009884999999997035e-01 2.473499999999972943e-01
6.685999999999978627e-01 9.746200000000015962e-02 2.414500000000003865e-01
6.647499999999979536e-01 9.354500000000021132e-02 2.362999999999999545e-01
6.713499999999896772e-01 8.932849999999969981e-02 2.244000000000028194e-01
6.758499999999969532e-01 8.674649999999983763e-02 2.023000000000010346e-01
6.786500000000046384e-01 8.300100000000032452e-02 1.811000000000007049e-01
6.896000000000128694e-01 7.789950000000001040e-02 1.641499999999993520e-01
6.926499999999862212e-01 7.283850000000002822e-02 1.464999999999960778e-01
7.041499999999984993e-01 6.912500000000054712e-02 1.315500000000042746e-01
7.164000000000214641e-01 6.973999999999946908e-02 1.197000000000016939e-01
7.265999999999905867e-01 7.223349999999983950e-02 1.116499999999973625e-01
7.410500000000013188e-01 7.349600000000089395e-02 1.073000000000021714e-01
7.442499999999938609e-01 7.762699999999966849e-02 9.810000000000229647e-02
7.476499999999930424e-01 8.115999999999967685e-02 8.970000000000055707e-02
7.527499999999918145e-01 8.150950000000012352e-02 8.959999999999723741e-02
7.561000000000035470e-01 8.368249999999965993e-02 8.959999999999723741e-02
7.613500000000215095e-01 8.985999999999982890e-02 8.355000000000245564e-02
7.618499999999812644e-01 9.139950000000052199e-02 7.670000000000243290e-02
7.540999999999939973e-01 8.300900000000011048e-02 8.034999999999570264e-02
7.473999999999989541e-01 7.724049999999982319e-02 8.149999999999835154e-02
7.472999999999956344e-01 8.082699999999976015e-02 6.840000000000401315e-02
7.603500000000167347e-01 8.157499999999995310e-02 6.580000000000296723e-02
7.792000000000030013e-01 7.514449999999994745e-02 7.564999999999599822e-02
7.841999999999984539e-01 7.089400000000001256e-02 7.444999999999879492e-02
7.714499999999873125e-01 6.277800000000022251e-02 7.055000000000433147e-02
7.487999999999885858e-01 5.335399999999967946e-02 7.224999999999681677e-02
7.418499999999994543e-01 5.322050000000011494e-02 7.224999999999681677e-02
7.536499999999932697e-01 5.201200000000039125e-02 7.390000000000185310e-02
7.621000000000037744e-01 4.381650000000014700e-02 8.185000000000286491e-02
7.563000000000101863e-01 3.648000000000006793e-02 8.554999999999779448e-02
7.379500000000120963e-01 3.506449999999983191e-02 7.819999999999538431e-02
7.196500000000014552e-01 3.676749999999984198e-02 7.185000000000485443e-02
7.103500000000053660e-01 3.642649999999925114e-02 7.385000000000019327e-02
7.068500000000028649e-01 3.326549999999972584e-02 7.874999999999943157e-02
6.997499999999945430e-01 3.087000000000106326e-02 8.095000000000140972e-02
6.878000000000099590e-01 2.855050000000058930e-02 8.179999999999409965e-02
6.759500000000002728e-01 2.476699999999976143e-02 8.480000000000131877e-02
6.657999999999901775e-01 2.104349999999932663e-02 8.665000000000588898e-02
6.590999999999951342e-01 1.649700000000020594e-02 8.339999999999747615e-02
6.537500000000022737e-01 1.123350000000034044e-02 7.529999999999859028e-02
6.487999999999942702e-01 9.286499999999087152e-03 6.119999999999947704e-02
6.403499999999837655e-01 1.034350000000028302e-02 4.189999999999827196e-02
6.304000000000087311e-01 8.390499999999967429e-03 2.405000000000256932e-02
6.133000000000095042e-01 5.697999999999758813e-03 1.375000000000170530e-02
5.870500000000049567e-01 4.391000000000921943e-03 4.150000000002762590e-03
5.666999999999973170e-01 4.002499999999464819e-03 -4.899999999999238298e-03
5.457999999999856300e-01 4.366499999999717829e-03 -1.315000000000310365e-02
5.253500000000030923e-01 3.917000000000392390e-03 -2.035000000000053433e-02
5.037499999999965894e-01 1.013500000000000512e-03 -2.980000000000160298e-02
4.718000000000017735e-01 -4.475499999999854595e-03 -4.265000000000185310e-02
4.401000000000010459e-01 -8.198499999999775412e-03 -5.209999999999581632e-02
4.142500000000097771e-01 -8.112000000000563205e-03 -5.684999999999718057e-02
3.883000000000151886e-01 -6.597500000000700027e-03 -5.425000000000324007e-02
3.692999999999813099e-01 -3.511999999998849376e-03 -5.125000000000312639e-02
3.551999999999964075e-01 -1.672000000000117836e-03 -5.539999999999878355e-02
3.388000000000204182e-01 -6.151000000000905743e-03 -6.105000000000160298e-02
3.227499999999849933e-01 -1.020099999999946050e-02 -6.550000000000011369e-02
3.058499999999924057e-01 -9.784499999999418662e-03 -6.789999999999452029e-02
2.897500000000263753e-01 -8.651500000000034163e-03 -5.809999999999604370e-02
2.725000000000079581e-01 -9.582500000000493401e-03 -4.279999999999972715e-02
2.537499999999965894e-01 -9.229999999999627391e-03 -3.520000000000322871e-02
2.338000000000022283e-01 -5.839500000000441560e-03 -3.475000000000250111e-02
2.104999999999961346e-01 -5.105500000000873229e-03 -3.674999999999783995e-02
1.856999999999970896e-01 -7.722499999999854481e-03 -3.739999999999810143e-02
1.646000000000071850e-01 -8.740999999998777525e-03 -3.464999999999918145e-02
1.529500000000041382e-01 -4.410499999999650811e-03 -2.685000000000314913e-02
1.498499999999864940e-01 -1.674500000000911371e-03 -1.795000000000612772e-02
1.507499999999879492e-01 -1.382000000000438433e-03 -1.614999999999611191e-02
1.530999999999949068e-01 6.859999999999644160e-04 -2.364999999999639613e-02
1.527999999999849479e-01 1.874000000000819455e-03 -2.725000000000221689e-02
1.490500000000167802e-01 2.820000000003375362e-04 -2.024999999999721467e-02
1.469000000000164619e-01 -2.448499999999853571e-03 -1.084999999999780584e-02
1.469499999999754891e-01 -3.534000000000148134e-03 -4.400000000003956302e-03
1.484499999999968622e-01 -3.266000000000879311e-03 -3.849999999999909051e-03
1.560500000000217824e-01 -2.343000000000650118e-03 -7.300000000000750333e-03
1.697000000000059572e-01 -1.479999999999037641e-03 -9.950000000003456080e-03
1.864499999999793545e-01 6.805000000005279048e-04 -7.399999999996964561e-03
2.053499999999814918e-01 1.987499999999364775e-03 -1.999999999995338840e-04
2.206000000000187811e-01 -7.289999999997576197e-04 2.400000000001512035e-03
2.301500000000089585e-01 -6.646500000000443720e-03 -6.250000000001421085e-03
2.405499999999847205e-01 -9.299999999999641886e-03 -1.585000000000036380e-02
2.492499999999893134e-01 -8.360499999999326803e-03 -1.505000000000222826e-02
2.579000000000064574e-01 -5.081999999999808892e-03 -7.500000000000284217e-03
2.677500000000065938e-01 -9.649999999998826183e-04 -1.599999999996271072e-03
2.715000000000031832e-01 -3.088000000000867828e-03 5.249999999996646238e-03
2.806999999999959527e-01 -5.945000000000533191e-03 1.480000000000103455e-02
2.949500000000000455e-01 -4.854499999999539739e-03 2.309999999999945430e-02
3.002000000000180080e-01 -2.592499999999553495e-03 3.045000000000186446e-02
3.113999999999919055e-01 -5.065000000001873559e-04 4.359999999999786269e-02
3.278499999999837655e-01 4.214999999998525482e-04 5.804999999999438387e-02
3.320999999999969532e-01 -1.452500000000078728e-03 6.165000000000020464e-02
3.457000000000221007e-01 -4.529500000000297177e-03 6.370000000000430873e-02
3.576000000000192358e-01 -5.577499999999346869e-03 7.080000000000552518e-02
3.687499999999772626e-01 -4.852999999999774161e-03 8.469999999999799911e-02
3.881999999999834472e-01 -3.735999999999961574e-03 1.024999999999991473e-01
3.930500000000165528e-01 -3.207500000000251816e-03 1.145500000000012619e-01
4.040500000000122327e-01 -2.650000000000041211e-03 1.327999999999960323e-01
4.189000000000078217e-01 -2.783499999999605734e-03 1.642499999999955662e-01
4.240499999999940428e-01 -3.435500000001034948e-03 1.887500000000059686e-01
4.398999999999944066e-01 -3.472000000000363684e-03 1.990000000000051728e-01
4.559000000000139607e-01 -2.780500000000074579e-03 2.091999999999956117e-01
4.705500000000029104e-01 -2.643999999999202544e-03 2.209499999999948727e-01
4.897499999999865850e-01 -2.329499999999207205e-03 2.333500000000015007e-01
5.015499999999804004e-01 -1.941000000000414616e-03 2.373500000000063892e-01
5.173499999999933152e-01 3.669999999997841655e-04 2.308999999999983288e-01
5.334500000000161890e-01 2.094499999999221984e-03 2.396999999999991360e-01
5.395500000000197360e-01 6.760000000003429932e-04 2.600499999999996703e-01
5.476500000000044110e-01 -9.119999999986916350e-04 2.810999999999950205e-01
5.577499999999986358e-01 -1.129000000000601744e-03 2.999500000000026034e-01
5.758999999999900865e-01 -6.196500000000604302e-03 3.113999999999990109e-01
5.980999999999880856e-01 -1.443399999999961381e-02 3.208500000000000796e-01
6.112999999999999545e-01 -1.836800000000060606e-02 3.315000000000054570e-01
6.213500000000067303e-01 -1.686300000000073851e-02 3.452500000000000568e-01
6.307999999999935881e-01 -1.320949999999943003e-02 3.565499999999985903e-01
6.401500000000055479e-01 -9.430499999999675254e-03 3.684999999999973852e-01
6.510499999999979082e-01 -7.211500000000370392e-03 3.795999999999963848e-01
6.620999999999810370e-01 -6.973499999999965837e-03 3.893500000000003070e-01
6.737999999999999545e-01 -6.153499999999034742e-03 3.982500000000044338e-01
6.862500000000011369e-01 -4.941500000000154103e-03 4.061500000000037858e-01
6.972000000000093678e-01 -4.596000000001154717e-03 4.168999999999982720e-01
7.073000000000035925e-01 -6.026999999999560487e-03 4.275999999999982037e-01
7.162500000000022737e-01 -6.853999999998805492e-03 4.369000000000013983e-01
7.256999999999891315e-01 -8.051000000000030354e-03 4.426500000000004320e-01
7.326999999999941338e-01 -8.557000000000591911e-03 4.476000000000013301e-01
7.415500000000179170e-01 -9.241000000000276771e-03 4.560499999999976239e-01
7.487500000000011369e-01 -1.126350000000009288e-02 4.658999999999977604e-01
7.561000000000035470e-01 -1.234749999999973369e-02 4.726500000000015689e-01
7.663499999999885404e-01 -1.167199999999990467e-02 4.795999999999978058e-01
7.758000000000038199e-01 -1.211700000000037747e-02 4.895500000000012619e-01
7.877000000000009550e-01 -1.328399999999962944e-02 4.978499999999996817e-01
7.983499999999992269e-01 -1.436449999999966920e-02 5.027499999999989200e-01
8.081500000000119144e-01 -1.234750000000062187e-02 5.059000000000040131e-01
8.178499999999928605e-01 -9.820500000000009777e-03 5.087499999999991473e-01
8.272499999999922693e-01 -1.124349999999996186e-02 5.154999999999958504e-01
8.363500000000101409e-01 -1.195250000000003254e-02 5.242999999999966576e-01
8.457500000000095497e-01 -1.188600000000006318e-02 5.318000000000040473e-01
8.545999999999764896e-01 -1.291400000000031412e-02 5.392000000000010118e-01
8.620499999999822194e-01 -1.315349999999959607e-02 5.456000000000003070e-01
8.714999999999974989e-01 -1.309149999999981162e-02 5.533000000000001251e-01
8.811000000000035470e-01 -1.365900000000008774e-02 5.604499999999958959e-01
8.869000000000255568e-01 -2.025499999999968992e-02 5.629500000000007276e-01
8.811500000000194177e-01 -2.141750000000053333e-02 5.705500000000043315e-01
8.803999999999803094e-01 -1.568749999999985434e-02 5.772000000000048203e-01
8.902499999999804459e-01 -1.562899999999922684e-02 5.759499999999988518e-01
9.004999999999938609e-01 -1.823800000000064259e-02 5.760999999999967258e-01
9.091999999999984539e-01 -2.263150000000013762e-02 5.744000000000042405e-01
9.180000000000063665e-01 -2.269399999999954787e-02 5.658500000000046271e-01
9.283500000000231012e-01 -1.712850000000054607e-02 5.544499999999885631e-01
9.356999999999970896e-01 -1.343849999999990885e-02 5.408499999999918373e-01
9.512000000000000455e-01 -1.466499999999948400e-02 5.257500000000021600e-01
9.663500000000055934e-01 -1.562100000000032907e-02 5.101000000000084356e-01
9.729499999999973170e-01 -1.608900000000001995e-02 4.900999999999982037e-01
9.830499999999915417e-01 -1.817949999999957100e-02 4.708499999999986585e-01
9.934999999999831743e-01 -2.497950000000015436e-02 4.539500000000060709e-01
1.007850000000019008e+00 -3.934800000000038267e-02 4.423999999999921329e-01
1.026049999999997908e+00 -4.547449999999964021e-02 4.231000000000051386e-01
1.028099999999994907e+00 -4.393299999999999983e-02 3.926000000000016144e-01
1.035400000000009868e+00 -4.538850000000049789e-02 3.671499999999952024e-01
1.044099999999986039e+00 -4.903799999999991499e-02 3.388500000000078671e-01
1.054000000000002046e+00 -5.197249999999975500e-02 3.080499999999943839e-01
1.073599999999999000e+00 -5.184000000000033026e-02 2.723499999999887677e-01
1.071149999999988722e+00 -5.637150000000046290e-02 2.341499999999996362e-01
1.078850000000016962e+00 -6.605849999999957589e-02 2.018000000000057526e-01
1.087350000000014916e+00 -7.416749999999927567e-02 1.665500000000008640e-01
1.091549999999983811e+00 -7.954049999999979192e-02 1.346000000000060481e-01
1.105750000000000455e+00 -8.546200000000014896e-02 1.082499999999981810e-01
1.106500000000011141e+00 -9.036500000000025068e-02 7.934999999999092779e-02
1.114999999999980673e+00 -9.245000000000036522e-02 5.410000000000536602e-02
1.123899999999991905e+00 -9.394799999999969842e-02 3.240000000000975433e-02
1.119250000000022283e+00 -9.487099999999992761e-02 7.599999999996498445e-03
1.123700000000013688e+00 -9.543400000000046290e-02 -1.700000000001011813e-02
1.129799999999988813e+00 -9.550849999999977413e-02 -3.770000000000095497e-02
1.132350000000002410e+00 -9.056199999999980932e-02 -5.334999999999467946e-02
1.136799999999993815e+00 -8.719849999999995660e-02 -5.934999999999490683e-02
1.138949999999965712e+00 -9.133500000000038810e-02 -5.849999999999511147e-02
1.141050000000007003e+00 -9.572000000000002728e-02 -5.920000000000413820e-02
1.143400000000042382e+00 -9.642699999999937432e-02 -6.370000000001141416e-02
1.148450000000025284e+00 -9.721350000000050784e-02 -7.034999999999058673e-02
1.156900000000007367e+00 -9.894550000000013057e-02 -7.724999999999226930e-02
1.167899999999974625e+00 -1.008184999999994780e-01 -8.250000000001023182e-02
1.179599999999993543e+00 -1.021510000000001028e-01 -8.514999999999872671e-02
1.189300000000002910e+00 -1.007190000000002250e-01 -8.774999999999977263e-02
1.195299999999974716e+00 -9.931350000000005451e-02 -8.870000000000288765e-02
1.198500000000024102e+00 -9.991700000000003357e-02 -8.929999999999438387e-02
1.205899999999985539e+00 -1.038364999999998872e-01 -9.255000000000279670e-02
1.216349999999977172e+00 -1.087015000000000065e-01 -9.520000000000550244e-02
1.225950000000011642e+00 -1.114850000000000563e-01 -9.534999999999627107e-02
1.235349999999982629e+00 -1.129229999999998846e-01 -9.380000000000165983e-02
1.240650000000016462e+00 -1.127435000000001075e-01 -9.255000000000279670e-02
1.247950000000003001e+00 -1.126935000000002240e-01 -9.519999999999129159e-02
1.258550000000013824e+00 -1.141160000000001062e-01 -9.950000000000613909e-02
1.263800000000003365e+00 -1.137559999999999683e-01 -1.054500000000047066e-01
1.269549999999981083e+00 -1.139509999999996914e-01 -1.116999999999990223e-01
1.278599999999983083e+00 -1.159465000000001744e-01 -1.136999999999943611e-01
1.286049999999988813e+00 -1.172565000000000968e-01 -1.179499999999933380e-01
1.293750000000045475e+00 -1.174879999999995928e-01 -1.230500000000063210e-01
1.310949999999991178e+00 -1.070254999999999956e-01 -1.324500000000057298e-01
1.328399999999987813e+00 -9.749600000000024913e-02 -1.418000000000034788e-01
1.335700000000031196e+00 -9.708849999999991098e-02 -1.465999999999922920e-01
1.339900000000000091e+00 -1.011945000000000761e-01 -1.510499999999979082e-01
1.345449999999971169e+00 -1.048565000000001302e-01 -1.565500000000099590e-01
1.352899999999976899e+00 -1.070869999999997102e-01 -1.621999999999985675e-01
1.358499999999992269e+00 -1.125700000000000589e-01 -1.653499999999894499e-01
1.363400000000012824e+00 -1.216379999999999129e-01 -1.691000000000002501e-01
1.369050000000015643e+00 -1.291029999999999678e-01 -1.738500000000016144e-01
1.375450000000000728e+00 -1.282370000000001564e-01 -1.808999999999940655e-01
1.381900000000030104e+00 -1.275950000000001250e-01 -1.873499999999950205e-01
1.389000000000010004e+00 -1.284650000000000514e-01 -1.940000000000026148e-01
1.394000000000005457e+00 -1.293320000000000025e-01 -1.999500000000011823e-01
1.401749999999992724e+00 -1.305479999999998864e-01 -2.055500000000023419e-01
1.408849999999972624e+00 -1.307944999999999247e-01 -2.098000000000013188e-01
1.415900000000021919e+00 -1.315800000000001413e-01 -2.131499999999988404e-01
1.424100000000009913e+00 -1.330020000000000646e-01 -2.163500000000055934e-01
1.430199999999956617e+00 -1.341664999999998553e-01 -2.196500000000014552e-01
1.436350000000004457e+00 -1.345529999999998116e-01 -2.240500000000054115e-01
1.444700000000011642e+00 -1.345165000000000388e-01 -2.274999999999920419e-01
1.451549999999997453e+00 -1.342195000000001581e-01 -2.292499999999932925e-01
1.457049999999981083e+00 -1.338970000000000438e-01 -2.298499999999989996e-01
1.464600000000018554e+00 -1.350251499999999827e-01 -2.313000000000045020e-01
1.474200000000053024e+00 -1.377895999999999010e-01 -2.349999999999994316e-01
1.478699999999946613e+00 -1.375516999999999435e-01 -2.382499999999936335e-01
1.474749999999971806e+00 -1.341378000000000847e-01 -2.378000000000071168e-01
1.475800000000049295e+00 -1.342251000000000138e-01 -2.372000000000014097e-01
1.479249999999979082e+00 -1.368985999999999537e-01 -2.364999999999994884e-01
1.483049999999991542e+00 -1.447727999999999793e-01 -2.333500000000015007e-01
1.488700000000051205e+00 -1.543391050000000042e-01 -2.295000000000015916e-01
1.490749999999991360e+00 -1.586731499999999850e-01 -2.280499999999960892e-01
1.491049999999972897e+00 -1.584941450000000029e-01 -2.301500000000018531e-01
1.492849999999975807e+00 -1.566972500000000101e-01 -2.318500000000014438e-01
1.493200000000001637e+00 -1.555334999999999634e-01 -2.309999999999945430e-01
1.496650000000045111e+00 -1.529142000000000001e-01 -2.299000000000006594e-01
1.498199999999997090e+00 -1.508300000000000196e-01 -2.259500000000045361e-01
1.495099999999979445e+00 -1.491176499999999905e-01 -2.235500000000030241e-01
1.493699999999989814e+00 -1.471617500000000356e-01 -2.225499999999982492e-01
1.493650000000002365e+00 -1.460169999999999524e-01 -2.225999999999999091e-01
1.493550000000027467e+00 -1.447829999999999950e-01 -2.230500000000006366e-01
1.490900000000010550e+00 -1.442055000000000975e-01 -2.196999999999960096e-01
1.486600000000009913e+00 -1.431449999999999667e-01 -2.175499999999956913e-01
1.484600000000000364e+00 -1.413124999999999520e-01 -2.209500000000019782e-01
1.484799999999950160e+00 -1.392754999999998855e-01 -2.265000000000014779e-01
1.483349999999973079e+00 -1.352700000000001124e-01 -2.318500000000014438e-01
1.480299999999999727e+00 -1.338530000000002218e-01 -2.334500000000048203e-01
1.476749999999981355e+00 -1.365304999999998881e-01 -2.287999999999996703e-01
1.479399999999998272e+00 -1.403094999999998649e-01 -2.221499999999991815e-01
1.483000000000004093e+00 -1.424704999999999444e-01 -2.177999999999968850e-01
1.481750000000033651e+00 -1.405965000000000131e-01 -2.156499999999965667e-01
1.481300000000032924e+00 -1.374390000000000889e-01 -2.149500000000017508e-01
1.481799999999964257e+00 -1.356995000000000839e-01 -2.137499999999974420e-01
1.480449999999962074e+00 -1.356130000000002056e-01 -2.152499999999974989e-01
1.480299999999999727e+00 -1.371735000000000593e-01 -2.160000000000010800e-01
1.478700000000003456e+00 -1.370239999999995906e-01 -2.152999999999991587e-01
1.475550000000055206e+00 -1.364454999999997753e-01 -2.162000000000006139e-01
1.474199999999996180e+00 -1.373330000000003714e-01 -2.158000000000015461e-01
1.473199999999962984e+00 -1.379205000000003345e-01 -2.179000000000002046e-01
1.468900000000019190e+00 -1.389055000000001261e-01 -2.157499999999998863e-01
1.459000000000003183e+00 -1.405514999999999404e-01 -2.099000000000046384e-01
1.453450000000032105e+00 -1.439104999999996082e-01 -2.039000000000044110e-01
1.447900000000004184e+00 -1.461904999999998900e-01 -1.996999999999999886e-01
1.438299999999969714e+00 -1.434310000000000862e-01 -1.992499999999992610e-01
1.427950000000009823e+00 -1.372234999999997207e-01 -2.018999999999948614e-01
1.419399999999995998e+00 -1.335275000000000212e-01 -2.029500000000012960e-01
1.412599999999997635e+00 -1.338080000000001490e-01 -1.998000000000033083e-01
1.403200000000026648e+00 -1.338154999999998651e-01 -1.974499999999963507e-01
1.394450000000006185e+00 -1.331725000000001380e-01 -1.960499999999996135e-01
1.383600000000001273e+00 -1.331865000000003185e-01 -1.953499999999976922e-01
1.368449999999995725e+00 -1.321334999999996818e-01 -1.939500000000009550e-01
1.348250000000007276e+00 -1.283034999999999037e-01 -1.914500000000032287e-01
1.326500000000010004e+00 -1.241300000000005177e-01 -1.882499999999964757e-01
1.303649999999947795e+00 -1.197680000000000966e-01 -1.859499999999982833e-01
1.276399999999966894e+00 -1.141125000000000611e-01 -1.858500000000020691e-01
1.245300000000042928e+00 -1.121659999999997659e-01 -1.859499999999982833e-01
1.217350000000010368e+00 -1.147679999999993150e-01 -1.819500000000005002e-01
1.195549999999968804e+00 -1.164040000000001740e-01 -1.768000000000000682e-01
1.166150000000016007e+00 -1.116960000000006836e-01 -1.722499999999982379e-01
1.131850000000042655e+00 -1.052409999999994739e-01 -1.644500000000022055e-01
1.099150000000008731e+00 -1.001229999999995179e-01 -1.565000000000011937e-01
1.065649999999948250e+00 -9.600149999999985084e-02 -1.517499999999998295e-01
1.029049999999983811e+00 -9.260100000000015541e-02 -1.482000000000027740e-01
9.932000000000016371e-01 -9.034150000000051861e-02 -1.362500000000039790e-01
9.534499999999752617e-01 -8.748749999999994031e-02 -1.261999999999972033e-01
9.097000000000434738e-01 -8.273899999999967392e-02 -1.231499999999954298e-01
8.702000000000111868e-01 -8.101849999999988228e-02 -1.187499999999985789e-01
8.280499999999619831e-01 -7.888200000000011869e-02 -1.144999999999996021e-01
7.859000000000264663e-01 -7.503450000000011499e-02 -1.094000000000008299e-01
7.469500000000266482e-01 -7.045050000000019352e-02 -1.070500000000009777e-01
7.040999999999826287e-01 -6.695350000000033219e-02 -1.135500000000035925e-01
6.673499999999989996e-01 -6.353399999999975734e-02 -1.223500000000043997e-01
6.394000000000232831e-01 -5.886799999999992039e-02 -1.360999999999989996e-01
5.944999999999822649e-01 -5.587200000000036582e-02 -1.603499999999939973e-01
5.797499999999899956e-01 -5.624150000000005534e-02 -1.796499999999952024e-01
5.543999999999869033e-01 -5.754400000000003956e-02 -1.990499999999997272e-01
5.406499999999709871e-01 -5.757299999999965223e-02 -2.207500000000024443e-01
5.640500000000088221e-01 -5.728249999999945885e-02 -2.403000000000048431e-01
4.978500000000281034e-01 -5.501549999999966190e-02 -2.706500000000033879e-01
4.752500000000168257e-01 -5.642450000000032162e-02 -2.920000000000015916e-01
4.325000000000045475e-01 -5.804700000000018179e-02 -3.176999999999949864e-01
4.040499999999838110e-01 -5.525999999999964274e-02 -3.401499999999941792e-01
3.670500000000060936e-01 -4.902400000000017855e-02 -3.644999999999996021e-01
3.249999999999886313e-01 -4.955700000000007321e-02 -3.869000000000042405e-01
3.594499999999811735e-01 -5.483999999999955577e-02 -3.965500000000048431e-01
2.661000000000512955e-01 -5.218150000000054689e-02 -4.238500000000016144e-01
2.414499999999861757e-01 -5.100500000000085521e-02 -4.364999999999952252e-01
2.144499999999993634e-01 -4.920999999999953189e-02 -4.536999999999977717e-01
1.788500000000112777e-01 -5.151199999999978019e-02 -4.729999999999989768e-01
2.104499999999802640e-01 -5.156299999999980344e-02 -4.800499999999985334e-01
1.125999999999862666e-01 -4.863049999999979889e-02 -5.003500000000045134e-01
8.600000000001273293e-02 -4.576600000000041746e-02 -5.105000000000003979e-01
5.955000000000154614e-02 -4.392849999999981492e-02 -5.239499999999992497e-01
2.769999999998162821e-02 -5.197050000000036363e-02 -5.392500000000026716e-01
6.720000000001391527e-02 -5.858700000000016672e-02 -5.427999999999997272e-01
-3.904999999997471605e-02 -6.108849999999943492e-02 -5.593499999999949068e-01
-8.109999999999217835e-02 -5.856849999999980128e-02 -5.630999999999986017e-01
-1.206000000000244654e-01 -6.086800000000014421e-02 -5.656000000000034333e-01
-1.578000000000088221e-01 -5.968649999999975364e-02 -5.668000000000006366e-01
-1.337500000000204636e-01 -5.387900000000023226e-02 -5.601500000000001478e-01
-2.448499999999853571e-01 -5.602600000000101943e-02 -5.705000000000026716e-01
-2.873500000000035470e-01 -5.807599999999979445e-02 -5.701499999999981583e-01
-2.724000000000046384e-01 -5.717149999999904253e-02 -5.622499999999988063e-01
-3.516999999999939064e-01 -5.430100000000059879e-02 -5.656999999999996476e-01
-3.854499999999916326e-01 -5.014750000000045560e-02 -5.634999999999976694e-01
-3.816499999999791726e-01 -4.995999999999956032e-02 -5.579000000000036152e-01
-4.285500000000297405e-01 -5.396800000000023800e-02 -5.625000000000000000e-01
-4.568500000000312866e-01 -5.612349999999999284e-02 -5.633599999999958641e-01
-4.646999999999934516e-01 -5.690949999999972420e-02 -5.642650000000060118e-01
-4.861999999999966349e-01 -5.455649999999945265e-02 -5.686949999999981742e-01
-5.025999999999726242e-01 -5.275450000000070361e-02 -5.639699999999905344e-01
-5.256999999999720785e-01 -4.522350000000052717e-02 -5.649900000000016576e-01
-5.434500000000070941e-01 -4.259249999999958902e-02 -5.709300000000041564e-01
-5.463000000000306500e-01 -4.864849999999965036e-02 -5.673899999999960642e-01
-5.719500000000152795e-01 -4.069699999999976114e-02 -5.583449999999956503e-01
-5.947499999999763531e-01 -3.382250000000031065e-02 -5.487550000000069872e-01
-6.053499999999871761e-01 -3.376149999999977780e-02 -5.394200000000068940e-01
-6.290000000000190994e-01 -2.776499999999959556e-02 -5.298999999999978172e-01
-6.459500000000275577e-01 -2.074500000000067956e-02 -5.097749999999976467e-01
-6.659499999999525244e-01 -1.709500000000030440e-02 -4.889200000000002433e-01
-6.820999999999912689e-01 -1.628999999999969361e-02 -4.731000000000022965e-01
-6.915500000000065484e-01 -1.161499999999993094e-02 -4.618999999999999773e-01
-7.156999999999698048e-01 -7.435000000000080433e-03 -4.537199999999970146e-01
-7.287000000000034561e-01 -5.069999999999907914e-03 -4.386499999999955435e-01
-7.329000000000291948e-01 -3.664999999999807301e-03 -4.323049999999994952e-01
-7.469000000000391992e-01 -2.015000000000100044e-03 -4.376650000000026353e-01
-7.594500000000152795e-01 1.355000000000217142e-03 -4.454600000000041859e-01
-7.626999999999952706e-01 1.149999999999984368e-03 -4.551750000000041041e-01
-7.659499999999752617e-01 1.705000000000289617e-03 -4.618399999999951433e-01
-7.691999999999552529e-01 3.699999999999370459e-03 -4.606999999999956685e-01
-7.774499999999875399e-01 4.284999999999428155e-03 -4.608300000000014052e-01
-7.854500000000257387e-01 4.200000000009751489e-04 -4.655950000000004252e-01
-7.931500000000255568e-01 -5.749999999999921840e-03 -4.743250000000003297e-01
-8.024500000000216460e-01 -1.322500000000026432e-02 -4.848900000000000432e-01
-8.041000000000053660e-01 -1.841999999999988091e-02 -4.964249999999950091e-01
-8.042499999999677129e-01 -2.219000000000015405e-02 -5.062150000000045225e-01
-8.111000000000103682e-01 -2.677500000000065938e-02 -5.052350000000060959e-01
-8.237500000000181899e-01 -2.933000000000074436e-02 -5.081899999999990314e-01
-8.340999999999780812e-01 -3.242499999999992610e-02 -5.175899999999984402e-01
-8.444499999999948159e-01 -2.982999999999957907e-02 -5.220249999999992951e-01
-8.564499999999952706e-01 -2.653499999999997527e-02 -5.257649999999998158e-01
-8.621499999999855390e-01 -2.547000000000032571e-02 -5.335150000000012938e-01
-8.642500000000268301e-01 -2.083999999999974762e-02 -5.368099999999955685e-01
-8.627000000000180080e-01 -1.910499999999881737e-02 -5.361600000000024124e-01
-8.584999999999922693e-01 -1.909500000000008413e-02 -5.395850000000095292e-01
-8.557000000000130058e-01 -1.835000000000075460e-02 -5.430649999999914712e-01
-8.519000000000005457e-01 -1.760499999999964871e-02 -5.505700000000004479e-01
-8.476999999999748070e-01 -1.697499999999951825e-02 -5.561450000000007776e-01
-8.409499999999638931e-01 -2.010999999999985022e-02 -5.548000000000001819e-01
-8.354499999999802640e-01 -2.615999999999996106e-02 -5.565200000000061209e-01
-8.309500000000298314e-01 -2.848000000000006082e-02 -5.590249999999983288e-01
-8.242500000000063665e-01 -2.288500000000048828e-02 -5.526099999999942725e-01
-8.174999999999954525e-01 -1.869999999999993889e-02 -5.458399999999983265e-01
-8.074000000000296495e-01 -2.367999999999970129e-02 -5.442900000000037153e-01
-8.002500000000054570e-01 -2.281000000000066308e-02 -5.467450000000013688e-01
-7.974499999999693500e-01 -1.384000000000007446e-02 -5.484250000000017167e-01
-7.930499999999938154e-01 -7.169999999999454587e-03 -5.425299999999992906e-01
-7.886500000000182808e-01 -6.880000000000663363e-03 -5.349199999999996180e-01
-7.796500000000037289e-01 -1.310500000000036636e-02 -5.295449999999988222e-01
-7.680500000000165528e-01 -1.826499999999953161e-02 -5.269750000000001933e-01
-7.579999999999813554e-01 -1.631999999999944606e-02 -5.237249999999988859e-01
-7.493499999999926331e-01 -1.136499999999962540e-02 -5.237550000000013029e-01
-7.399000000000341970e-01 -8.900000000000574119e-03 -5.213299999999989609e-01
-7.287499999999909051e-01 -8.474999999999788258e-03 -5.135299999999958231e-01
-7.131999999999720785e-01 -6.044999999999411955e-03 -5.088900000000009527e-01
-6.960500000000138243e-01 -4.055000000001030003e-03 -5.021099999999947272e-01
-6.829000000000178261e-01 -2.990000000000492264e-03 -4.937250000000048544e-01
-6.667999999999665306e-01 -1.534999999999620002e-03 -4.850100000000097111e-01
-6.456999999999766260e-01 1.809999999999867271e-03 -4.748299999999971988e-01
-6.255000000000450200e-01 -2.949999999994901145e-04 -4.632849999999919532e-01
-6.092500000000313776e-01 -7.299999999999862155e-03 -4.467049999999943566e-01
-5.920499999999719876e-01 -7.740000000000080149e-03 -4.290000000000020464e-01
-5.692499999999540705e-01 -7.830000000000225668e-03 -4.178100000000029013e-01
-5.421499999999923602e-01 -9.775000000000311218e-03 -4.077600000000032310e-01
-5.182000000000357431e-01 -9.539999999999437819e-03 -3.905699999999967531e-01
-4.941000000000030923e-01 -1.044000000000000483e-02 -3.733050000000019963e-01
-4.683499999999867214e-01 -1.057500000000022311e-02 -3.555250000000000909e-01
-4.427000000000020918e-01 -1.006999999999980133e-02 -3.305899999999937222e-01
-4.149499999999761712e-01 -1.027500000000003411e-02 -3.085999999999984311e-01
-3.888000000000033651e-01 -7.455000000000211458e-03 -2.909050000000021896e-01
-3.602500000000077307e-01 -3.974999999999617728e-03 -2.745550000000065438e-01
-3.356499999999869033e-01 1.515000000000377156e-03 -2.576300000000024681e-01
-3.163499999999999091e-01 4.950000000000009948e-03 -2.314599999999984448e-01
-2.949500000000284672e-01 1.190000000000246416e-03 -2.065599999999960801e-01
-2.700500000000261025e-01 5.799999999993588062e-04 -1.917150000000020782e-01
-2.427999999999883585e-01 1.514999999999488978e-03 -1.798900000000038801e-01
-2.217499999999859028e-01 2.740000000000186731e-03 -1.639599999999994395e-01
-2.066500000000246473e-01 1.610000000000333387e-03 -1.481700000000003570e-01
-1.886999999999829924e-01 -1.674999999999648992e-03 -1.388950000000015450e-01
-1.756999999999493411e-01 2.904999999999269278e-03 -1.326250000000008811e-01
-1.709000000000173713e-01 7.299999999999862155e-03 -1.285549999999986426e-01
-1.671000000000049113e-01 4.999999999999893419e-03 -1.257149999999960244e-01
-1.661000000000285581e-01 5.724999999999980105e-03 -1.241500000000002046e-01
-1.659999999999968168e-01 8.630000000001025739e-03 -1.253450000000029263e-01
-1.633499999999799002e-01 4.665000000000141256e-03 -1.256699999999995043e-01
-1.611000000000331056e-01 3.909999999999413944e-03 -1.233150000000016178e-01
-1.608999999999696229e-01 6.254999999999455440e-03 -1.235849999999985016e-01
-1.598000000000183718e-01 6.509999999999571685e-03 -1.247699999999944964e-01
-1.616500000000087311e-01 5.045000000000854357e-03 -1.244000000000013983e-01
-1.616999999999961801e-01 1.685000000000158593e-03 -1.206449999999996692e-01
-1.577500000000213731e-01 -3.074999999999938893e-03 -1.159350000000003433e-01
-1.521500000000060027e-01 -6.075000000000052580e-03 -1.127250000000010743e-01
-1.455500000000142791e-01 -7.705000000000516991e-03 -1.114250000000005514e-01
-1.432999999999537977e-01 -5.844999999999878071e-03 -1.124600000000022249e-01
-1.426999999999907232e-01 -4.809999999999980957e-03 -1.093299999999999272e-01
-1.405000000000313776e-01 -6.655000000000299565e-03 -1.037549999999995975e-01
-1.356000000000108230e-01 -3.669999999999618012e-03 -9.949500000000099931e-02
-1.264999999999645297e-01 4.650000000001597300e-04 -9.700999999999737611e-02
-1.173000000000001819e-01 -2.195000000000391083e-03 -9.473499999999646093e-02
-1.136500000000069122e-01 -7.665000000000254943e-03 -9.052499999999952252e-02
-1.137999999999692591e-01 -7.475000000000342482e-03 -8.538499999999871193e-02
-1.148499999999899046e-01 -3.534999999999399733e-03 -8.272000000000190312e-02
-1.122500000000172804e-01 -1.339999999999896829e-03 -8.490000000000108571e-02
-1.110500000000342880e-01 2.315000000000289049e-03 -9.039500000000089130e-02
-1.116000000000099135e-01 5.945000000000533191e-03 -9.369500000000030582e-02
-1.068999999999959982e-01 9.399999999999408828e-04 -9.001499999999751367e-02
-1.024499999999761712e-01 -5.790000000000183888e-03 -8.362500000000139266e-02
-1.014499999999998181e-01 -8.315000000000516422e-03 -8.063500000000445311e-02
-1.020500000000197360e-01 -7.559999999999789111e-03 -8.096500000000261821e-02
-1.033499999999776264e-01 -3.824999999999967315e-03 -8.315999999999590386e-02
-1.071999999999775355e-01 1.444999999999474483e-03 -8.575499999999891543e-02
-1.140500000000201908e-01 5.615000000000591740e-03 -8.976000000000539103e-02
-1.219000000000391992e-01 4.255000000000563887e-03 -9.522499999999922693e-02
-1.327999999999747160e-01 7.349999999997081090e-04 -1.036149999999942395e-01
-1.499999999999772626e-01 -9.600000000000719069e-04 -1.179699999999996862e-01
-1.701500000000351065e-01 -3.055000000000696048e-03 -1.364850000000039643e-01
-1.908999999999991815e-01 -5.564999999999820091e-03 -1.558999999999990393e-01
-2.142499999999927240e-01 -5.634999999999834586e-03 -1.733099999999971885e-01
-2.386000000000194632e-01 -5.150000000009313794e-04 -1.901299999999999102e-01
-2.583500000000071850e-01 5.850000000000576961e-03 -2.102000000000003865e-01
-2.764499999999543434e-01 4.180000000000738680e-03 -2.333150000000010493e-01
-2.939000000000078217e-01 -3.154999999999574811e-03 -2.509000000000014552e-01
-3.143500000000472028e-01 1.704999999999401439e-03 -2.666350000000008436e-01
-3.340000000000031832e-01 6.064999999999542979e-03 -2.848549999999967497e-01
-3.460499999999910870e-01 3.000000000064062533e-05 -3.049799999999969202e-01
-3.552499999999554348e-01 -3.619999999999734541e-03 -3.244550000000003820e-01
-3.675999999999817192e-01 -2.175000000000260059e-03 -3.418999999999989825e-01
-3.864500000000248292e-01 6.949999999994460609e-04 -3.613800000000040313e-01
-4.050500000000170076e-01 1.915000000000333102e-03 -3.776650000000039142e-01
-4.132999999999924512e-01 9.350000000001301714e-04 -3.937949999999972306e-01
-4.158499999999776264e-01 -4.400000000002179945e-04 -4.160799999999973409e-01
-4.273000000000024556e-01 7.000000000001449507e-05 -4.363449999999993167e-01
-4.381999999999948159e-01 -4.324999999999690203e-03 -4.484099999999990871e-01
-4.483000000000174623e-01 -6.384999999999863007e-03 -4.624100000000055388e-01
-4.615499999999883585e-01 -2.780000000000448779e-03 -4.784850000000027137e-01
-4.755000000000109139e-01 -9.649999999998826183e-04 -4.900699999999957868e-01
-4.899500000000216460e-01 -2.710000000000434284e-03 -5.026000000000010459e-01
-5.005999999999630745e-01 -7.530000000000036664e-03 -5.179399999999994009e-01
-5.056000000000153705e-01 -1.095500000000004803e-02 -5.334250000000011482e-01
-5.113000000000056389e-01 -1.423000000000040899e-02 -5.491200000000020509e-01
-5.267000000000052751e-01 -1.687499999999975131e-02 -5.584799999999958686e-01
-5.461000000000240107e-01 -1.920499999999947249e-02 -5.678199999999975489e-01
-5.566999999999779902e-01 -2.533999999999991815e-02 -5.879950000000029320e-01
-5.604500000000030013e-01 -3.165499999999976666e-02 -6.056050000000041678e-01
-5.692000000000234650e-01 -3.262499999999945999e-02 -6.168349999999982458e-01
-5.791999999999575266e-01 -2.881500000000070116e-02 -6.258499999999997954e-01
-5.901000000000067303e-01 -2.922500000000027853e-02 -6.414550000000005525e-01
-6.011500000000182808e-01 -2.817999999999987182e-02 -6.562099999999979616e-01
-6.049499999999738975e-01 -2.821000000000051244e-02 -6.660199999999996123e-01
-6.089999999999804459e-01 -2.934500000000017650e-02 -6.765699999999981173e-01
-6.136999999999943611e-01 -3.089500000000011681e-02 -6.837499999999998579e-01
-6.119500000000357431e-01 -3.259499999999970754e-02 -6.889750000000027796e-01
-6.075999999999908141e-01 -3.114499999999953417e-02 -6.912699999999993850e-01
-6.070499999999583451e-01 -3.211999999999992639e-02 -6.897099999999980469e-01
-6.048499999999989996e-01 -3.427999999999986613e-02 -6.877700000000004366e-01
-6.016500000000064574e-01 -3.798499999999993548e-02 -6.909850000000012926e-01
-6.037000000000034561e-01 -3.451500000000073953e-02 -6.915000000000013358e-01
-6.065500000000270120e-01 -3.043499999999976779e-02 -6.886900000000011346e-01
-6.109000000000150976e-01 -2.930499999999902627e-02 -6.858299999999992735e-01
-6.164499999999861757e-01 -2.852500000000013358e-02 -6.870349999999980639e-01
-6.205499999999801730e-01 -3.249000000000012989e-02 -6.929299999999969373e-01
-6.215500000000133696e-01 -3.407499999999963336e-02 -6.964049999999986085e-01
-6.235000000000354703e-01 -3.284500000000090125e-02 -6.953400000000051762e-01
-6.282499999999799911e-01 -3.259000000000078501e-02 -6.948900000000008959e-01
-6.331500000000005457e-01 -3.315499999999893532e-02 -6.951599999999977797e-01
-6.371500000000196451e-01 -3.388499999999972090e-02 -6.961700000000021760e-01
-6.406999999999811735e-01 -3.653000000000083958e-02 -6.982650000000010237e-01
-6.433499999999980901e-01 -3.683000000000014040e-02 -6.962099999999988853e-01
-6.462999999999965439e-01 -3.239499999999928548e-02 -6.950549999999982020e-01
-6.505000000000222826e-01 -3.165999999999957737e-02 -6.979199999999980975e-01
-6.524499999999875399e-01 -3.568499999999996675e-02 -6.997900000000001342e-01
-6.554999999999608917e-01 -4.108000000000089358e-02 -7.027850000000022135e-01
-6.582500000000095497e-01 -4.341500000000042547e-02 -7.065800000000024284e-01
-6.580000000000154614e-01 -4.104999999999936477e-02 -7.086950000000005190e-01
-6.591999999999984539e-01 -3.733999999999948471e-02 -7.111999999999980560e-01
-6.626999999999725333e-01 -3.870000000000040075e-02 -7.145149999999986790e-01
-6.659500000000093678e-01 -4.226000000000063039e-02 -7.175999999999991275e-01
-6.636000000000308319e-01 -4.345499999999979934e-02 -7.180200000000009908e-01
-6.599499999999807187e-01 -4.511500000000001620e-02 -7.173800000000003507e-01
-6.579499999999711690e-01 -4.834999999999922693e-02 -7.164000000000001478e-01
-6.548000000000229193e-01 -5.206499999999980588e-02 -7.199150000000003047e-01
-6.514500000000111868e-01 -5.287500000000022737e-02 -7.229849999999977683e-01
-6.495499999999765350e-01 -4.903499999999993975e-02 -7.226099999999995305e-01
-6.480000000000245564e-01 -4.276500000000016399e-02 -7.194450000000021106e-01
-6.441000000000371983e-01 -3.893000000000057526e-02 -7.170750000000012392e-01
-6.395999999999730790e-01 -3.831000000000006622e-02 -7.174849999999981520e-01
-6.356499999999982720e-01 -4.063999999999889923e-02 -7.145949999999992031e-01
-6.312500000000227374e-01 -4.212499999999952394e-02 -7.103400000000021919e-01
-6.242499999999608917e-01 -4.362500000000046896e-02 -7.082949999999996749e-01
-6.191000000000030923e-01 -4.551500000000086033e-02 -7.092899999999984217e-01
-6.174500000000193722e-01 -4.335500000000003240e-02 -7.097700000000015663e-01
-6.159000000000105501e-01 -4.190499999999985903e-02 -7.090750000000003439e-01
-6.108500000000276486e-01 -4.138500000000000512e-02 -7.058849999999985414e-01
-6.019000000000005457e-01 -4.330500000000014893e-02 -6.987699999999996692e-01
-5.996999999999843567e-01 -4.555500000000023419e-02 -6.931500000000001549e-01
-6.043999999999982720e-01 -4.280499999999953786e-02 -6.875700000000000145e-01
-6.078999999999723514e-01 -4.115499999999983061e-02 -6.793300000000002115e-01
-6.066999999999893589e-01 -4.142500000000026716e-02 -6.714994999999994718e-01
-5.985500000000456566e-01 -4.493999999999953587e-02 -6.634390000000003340e-01
-5.916500000000155524e-01 -4.871499999999961972e-02 -6.567120000000006286e-01
-5.839499999999588908e-01 -4.940500000000014325e-02 -6.491720000000000823e-01
-5.728499999999598913e-01 -5.030000000000001137e-02 -6.408150000000003566e-01
-5.596500000000332875e-01 -5.034999999999989484e-02 -6.256849999999998246e-01
-5.450000000000159162e-01 -5.319999999999946994e-02 -6.060289999999999289e-01
-5.332999999999969987e-01 -5.587000000000141853e-02 -5.925305000000000710e-01
-5.262999999999919964e-01 -5.130000000000034532e-02 -5.772379999999999178e-01
-5.198499999999626198e-01 -4.610499999999806420e-02 -5.576429999999996667e-01
-5.020999999999844476e-01 -4.503000000000056957e-02 -5.349344999999998684e-01
-4.766999999999939064e-01 -4.800000000000004263e-02 -5.137875000000002856e-01
-4.561000000000490218e-01 -5.061999999999944322e-02 -4.903834999999998612e-01
-4.368000000000051841e-01 -4.896500000000081343e-02 -4.662934999999999164e-01
-4.164499999999975444e-01 -4.839500000000107605e-02 -4.516805000000001513e-01
-3.986500000000319233e-01 -4.891500000000004178e-02 -4.373495000000000577e-01
-3.838499999999953616e-01 -5.023499999999891941e-02 -4.181829499999999977e-01
-3.686999999999898137e-01 -5.434999999999945430e-02 -4.004910999999999888e-01
-3.506999999999607098e-01 -5.360500000000101295e-02 -3.894002400000000086e-01
-3.387000000000170985e-01 -4.923500000000124999e-02 -3.816556500000000129e-01
-3.337999999999965439e-01 -4.530999999999973937e-02 -3.727411599999999603e-01
-3.297999999999774445e-01 -4.428499999999857550e-02 -3.626227499999999937e-01
-3.242500000000063665e-01 -4.383499999999962427e-02 -3.548451500000001091e-01
-3.156999999999925421e-01 -4.100000000000036948e-02 -3.472870000000000124e-01
-3.072500000000104592e-01 -3.748500000000021259e-02 -3.380765000000001130e-01
-3.033000000000356522e-01 -3.379000000000065285e-02 -3.281625000000000236e-01
-3.001500000000305590e-01 -3.213000000000043599e-02 -3.187774999999999359e-01
-2.942499999999768079e-01 -3.036499999999975330e-02 -3.114904999999998925e-01
-2.873999999999909960e-01 -2.968499999999885119e-02 -3.052954999999997199e-01
-2.785000000000081855e-01 -2.861500000000027910e-02 -2.982724999999999405e-01
-2.674499999999966349e-01 -3.029000000000170445e-02 -2.887320000000004327e-01
-2.581500000000005457e-01 -3.378499999999906578e-02 -2.778525000000000578e-01
-2.488500000000044565e-01 -3.939999999999965752e-02 -2.665494999999999948e-01
-2.386000000000194632e-01 -4.081000000000134520e-02 -2.588905000000001344e-01
-2.287999999999783540e-01 -4.014499999999987523e-02 -2.510314999999998520e-01
-2.224499999999807187e-01 -4.105500000000006366e-02 -2.390089999999998049e-01
-2.177500000000236469e-01 -3.898999999999919197e-02 -2.287384999999999557e-01
-2.108999999999809916e-01 -3.351999999999932811e-02 -2.236030000000002183e-01
-2.006499999999959982e-01 -2.786500000000113886e-02 -2.209894999999999499e-01
-1.879999999999881766e-01 -2.697500000000019327e-02 -2.145639999999997549e-01
-1.760499999999751708e-01 -2.598999999999929145e-02 -2.055280000000001550e-01
-1.654500000000211912e-01 -2.723000000000030951e-02 -1.954085000000000960e-01
-1.553000000000110958e-01 -2.866000000000035186e-02 -1.816960000000000797e-01
-1.478999999999928150e-01 -2.492499999999964189e-02 -1.677110000000001655e-01
-1.406499999999937245e-01 -2.167500000000011084e-02 -1.577899999999994307e-01
-1.317000000000234650e-01 -2.252999999999882874e-02 -1.504625000000001656e-01
-1.216499999999882675e-01 -2.391999999999949722e-02 -1.421610000000002039e-01
-1.109999999999899956e-01 -2.345000000000041496e-02 -1.342389999999999972e-01
-1.046000000000049113e-01 -1.883499999999926899e-02 -1.260944999999997762e-01
-9.999999999996589395e-02 -1.456500000000104933e-02 -1.166909999999994341e-01
-9.399999999999408828e-02 -1.336500000000118149e-02 -1.106550000000003919e-01
-8.630000000005111360e-02 -1.306499999999921613e-02 -1.053264999999998786e-01
-8.015000000000327418e-02 -1.274999999999959499e-02 -9.908850000000013480e-02
-7.630000000000336513e-02 -1.218500000000055650e-02 -9.259000000000039421e-02
-7.019999999999981810e-02 -1.304499999999997328e-02 -8.538699999999943557e-02
-6.334999999995716280e-02 -1.280000000000036664e-02 -8.042799999999994398e-02
-5.875000000003183231e-02 -1.217500000000004690e-02 -7.713350000000041007e-02
-5.780000000004292815e-02 -1.095999999999897057e-02 -7.225150000000013506e-02
-5.829999999997426130e-02 -9.064999999999656666e-03 -6.560300000000029996e-02
-5.359999999996034603e-02 -8.955000000000268301e-03 -6.014750000000024244e-02
-4.804999999998926796e-02 -7.815000000000793534e-03 -5.654949999999914212e-02
-4.669999999998708518e-02 -3.549999999999720046e-03 -5.288549999999947460e-02
-4.375000000004547474e-02 -3.324999999999356248e-03 -4.889450000000028496e-02
-3.985000000000127329e-02 -8.505000000000428884e-03 -4.474100000000014177e-02
-3.749999999996589395e-02 -9.455000000000879368e-03 -4.216350000000002041e-02
-3.460000000001173248e-02 -8.064999999999322711e-03 -4.070800000000041052e-02
-3.170000000000072760e-02 -6.819999999999382112e-03 -3.805400000000069838e-02
-2.915000000001555236e-02 -6.325000000000358114e-03 -3.464299999999909119e-02
-2.625000000000454747e-02 -6.664999999999920988e-03 -3.096049999999905822e-02
-2.345000000002528395e-02 -6.870000000001041940e-03 -2.807500000000029416e-02
-2.024999999997589839e-02 -6.844999999999323848e-03 -2.567700000000083804e-02
-1.669999999995752660e-02 -6.274999999999586464e-03 -2.249999999999996447e-02
-1.340000000004692993e-02 -5.110000000000169962e-03 -1.894749999999945089e-02
-1.030000000002928573e-02 -3.339999999999676561e-03 -1.569299999999973494e-02
-8.249999999975443643e-03 -2.564999999999706404e-03 -1.325149999999997164e-02
-7.200000000011641532e-03 -6.899999999996353495e-04 -1.124950000000080053e-02
-6.950000000017553248e-03 1.750000000000362377e-03 -1.015500000000013614e-02
-6.699999999966621544e-03 2.304999999998891269e-03 -1.002100000000005764e-02
-1.114999999998644853e-02 4.909999999998859721e-03 -1.159750000000059345e-02
-1.539999999999963620e-02 6.970000000001697060e-03 -1.358599999999920982e-02
-1.965000000001282388e-02 8.369999999999322426e-03 -1.626699999999914326e-02
-2.390000000002601155e-02 8.759999999998768772e-03 -2.006700000000005701e-02
-2.459999999996398401e-02 6.210000000001159037e-03 -2.228300000000071890e-02
-2.439999999995734470e-02 3.330000000000055138e-03 -2.335850000000050386e-02
-2.275000000003046807e-02 5.149999999991550226e-04 -2.486999999999905953e-02
-2.380000000005111360e-02 -4.649999999992715516e-04 -2.793099999999970606e-02
-2.654999999998608473e-02 -1.014999999999766089e-03 -3.147550000000087778e-02
-2.889999999996462066e-02 -1.630000000000464411e-03 -3.523250000000022197e-02
-3.064999999998008207e-02 -2.714999999999356817e-03 -3.886899999999915423e-02
-3.360000000003537934e-02 -5.894999999999761542e-03 -4.266900000000006798e-02
-3.700000000003456080e-02 -8.065000000001099068e-03 -4.600650000000072737e-02
-4.129999999997835403e-02 -9.590000000000209468e-03 -4.934899999999942111e-02
-4.545000000001664375e-02 -1.128000000000017877e-02 -5.264850000000009800e-02
-4.789999999997007762e-02 -1.272500000000054143e-02 -5.596300000000109520e-02
-5.074999999999363354e-02 -1.439999999999930225e-02 -5.997149999999962233e-02
-5.395000000004301910e-02 -1.595999999999886398e-02 -6.373349999999966542e-02
-5.699999999995952749e-02 -1.682000000000005713e-02 -6.719050000000059697e-02
-5.989999999997053237e-02 -1.642000000000098936e-02 -6.985049999999937143e-02
-6.245000000001255103e-02 -1.755999999999957595e-02 -7.444249999999907885e-02
-6.380000000001473381e-02 -1.719999999999988205e-02 -7.878950000000006781e-02
-6.465000000002874003e-02 -1.805499999999948813e-02 -8.035900000000051335e-02
-6.720000000001391527e-02 -1.766500000000004178e-02 -8.082800000000034402e-02
-7.184999999998353815e-02 -1.611999999999991218e-02 -8.242800000000016780e-02
-7.450000000000045475e-02 -1.762999999999959044e-02 -8.492999999999994998e-02
-7.555000000002110028e-02 -1.919000000000092854e-02 -8.589499999999983260e-02
-7.779999999996789484e-02 -1.918000000000041894e-02 -8.535000000000003695e-02
-7.835000000000036380e-02 -1.951999999999998181e-02 -8.445500000000016882e-02
-7.409999999998717612e-02 -2.243499999999976069e-02 -8.384000000000035868e-02
-6.815000000000281943e-02 -2.266999999999974591e-02 -8.206500000000005457e-02
-6.410000000005311449e-02 -2.084000000000063579e-02 -7.924499999999934374e-02
-6.214999999997417035e-02 -1.756999999999919737e-02 -7.567500000000038085e-02
-5.964999999997644409e-02 -1.631499999999963535e-02 -7.201000000000057355e-02
-5.549999999999499778e-02 -1.674500000000112010e-02 -6.773999999999880117e-02
-5.070000000000618456e-02 -1.730500000000034788e-02 -6.320000000000014495e-02
-4.579999999998562998e-02 -1.565999999999956316e-02 -5.808000000000035357e-02
0.000000000000000000e+00 0.000000000000000000e+00 0.000000000000000000e+00
