1.772335022687911987e-01 6.288252770900726318e-02 1.398852318525314331e-01
2.171170562505722046e-01 6.862200796604156494e-02 1.675048470497131348e-01
1.864013224840164185e-01 6.404591351747512817e-02 1.463651210069656372e-01
1.785077154636383057e-01 6.316234171390533447e-02 1.409662514925003052e-01
1.709285825490951538e-01 6.219089403748512268e-02 1.356046944856643677e-01
1.785990297794342041e-01 6.335918605327606201e-02 1.411111950874328613e-01
1.910206079483032227e-01 6.509738415479660034e-02 1.498107016086578369e-01
1.758974343538284302e-01 6.320117413997650146e-02 1.395309418439865112e-01
2.050131708383560181e-01 6.708206981420516968e-02 1.598013192415237427e-01
2.214703708887100220e-01 6.900585442781448364e-02 1.711181402206420898e-01
2.294281274080276489e-01 7.099432498216629028e-02 1.765608191490173340e-01
2.203769236803054810e-01 6.969000399112701416e-02 1.701716631650924683e-01
2.552030980587005615e-01 7.390748709440231323e-02 1.936567574739456177e-01
2.592720389366149902e-01 7.449899613857269287e-02 1.963033825159072876e-01
2.622500658035278320e-01 7.478964328765869141e-02 1.983239203691482544e-01
2.747707366943359375e-01 7.585050165653228760e-02 2.064952403306961060e-01
2.849402725696563721e-01 7.718956470489501953e-02 2.131424248218536377e-01
2.889049947261810303e-01 7.792625576257705688e-02 2.156309783458709717e-01
3.167426884174346924e-01 8.144899457693099976e-02 2.343896478414535522e-01
3.409777581691741943e-01 8.392830193042755127e-02 2.507015466690063477e-01
3.159288763999938965e-01 8.052831888198852539e-02 2.340129762887954712e-01
3.012511134147644043e-01 7.849515974521636963e-02 2.244819253683090210e-01
2.967447936534881592e-01 7.771382480859756470e-02 2.215394973754882812e-01
2.999463677406311035e-01 7.769219577312469482e-02 2.237757891416549683e-01
2.710165083408355713e-01 7.397862523794174194e-02 2.045626789331436157e-01
2.640886008739471436e-01 7.308305054903030396e-02 2.000157237052917480e-01
2.512288987636566162e-01 7.142587751150131226e-02 1.913170516490936279e-01
2.446617037057876587e-01 7.068234682083129883e-02 1.867537498474121094e-01
1.892698854207992554e-01 6.463478505611419678e-02 1.489211767911911011e-01
1.668152362108230591e-01 6.163025647401809692e-02 1.331856995820999146e-01
1.689562946557998657e-01 6.192642077803611755e-02 1.346955001354217529e-01
1.641546338796615601e-01 6.131345778703689575e-02 1.313190460205078125e-01
1.618338972330093384e-01 6.083156913518905640e-02 1.296724975109100342e-01
1.631986796855926514e-01 6.091452389955520630e-02 1.305781304836273193e-01
1.679890006780624390e-01 6.162158399820327759e-02 1.338653117418289185e-01
1.600353121757507324e-01 6.057840213179588318e-02 1.282737553119659424e-01
1.513469219207763672e-01 5.927952751517295837e-02 1.221232935786247253e-01
1.576453149318695068e-01 6.009836867451667786e-02 1.266742050647735596e-01
1.591356694698333740e-01 6.026505306363105774e-02 1.277699619531631470e-01
1.673427075147628784e-01 6.133743748068809509e-02 1.335798650979995728e-01
1.748791337013244629e-01 6.216878443956375122e-02 1.389280259609222412e-01
1.787858009338378906e-01 6.271559745073318481e-02 1.416451930999755859e-01
2.005310356616973877e-01 6.551751494407653809e-02 1.568427383899688721e-01
2.308891117572784424e-01 6.900801509618759155e-02 1.777458637952804565e-01
2.403573840856552124e-01 7.011338323354721069e-02 1.843125969171524048e-01
2.348854988813400269e-01 6.967010349035263062e-02 1.807117015123367310e-01
2.346260100603103638e-01 6.968595832586288452e-02 1.805907636880874634e-01
2.337026298046112061e-01 6.945297122001647949e-02 1.798325330018997192e-01
2.509189248085021973e-01 7.176828384399414062e-02 1.916674971580505371e-01
2.562600076198577881e-01 7.266113907098770142e-02 1.955338865518569946e-01
2.827866077423095703e-01 7.651056349277496338e-02 2.140133976936340332e-01
2.977930009365081787e-01 7.723187655210494995e-02 2.237074226140975952e-01
2.985468506813049316e-01 7.746632397174835205e-02 2.242597341537475586e-01
2.631838023662567139e-01 7.311569899320602417e-02 2.002917975187301636e-01
2.533941268920898438e-01 7.160476595163345337e-02 1.934978812932968140e-01
2.528805434703826904e-01 7.162475585937500000e-02 1.931390315294265747e-01
2.949329316616058350e-01 7.722515612840652466e-02 2.219574749469757080e-01
3.188636004924774170e-01 8.017554879188537598e-02 2.378794401884078979e-01
3.048177659511566162e-01 7.823874801397323608e-02 2.283906936645507812e-01
2.989197373390197754e-01 7.754418253898620605e-02 2.245093137025833130e-01
2.547689080238342285e-01 7.212077081203460693e-02 1.944037377834320068e-01
2.509928047657012939e-01 7.115267217159271240e-02 1.917724460363388062e-01
2.678679227828979492e-01 7.302705198526382446e-02 2.033518701791763306e-01
2.818943560123443604e-01 7.466536015272140503e-02 2.126908451318740845e-01
2.736288905143737793e-01 7.365084439516067505e-02 2.069826722145080566e-01
2.631041407585144043e-01 7.285828143358230591e-02 2.000015377998352051e-01
2.369410395622253418e-01 6.970259547233581543e-02 1.820526421070098877e-01
2.287903726100921631e-01 6.870815157890319824e-02 1.762870252132415771e-01
2.067408114671707153e-01 6.566048413515090942e-02 1.609655916690826416e-01
2.126564830541610718e-01 6.631738692522048950e-02 1.650086045265197754e-01
1.917250901460647583e-01 6.357605755329132080e-02 1.503743529319763184e-01
1.872012168169021606e-01 6.304037570953369141e-02 1.472008377313613892e-01
1.736442297697067261e-01 6.135015562176704407e-02 1.375159770250320435e-01
1.846404075622558594e-01 6.259804219007492065e-02 1.450464129447937012e-01
1.805806607007980347e-01 6.203779578208923340e-02 1.421301066875457764e-01
1.926628649234771729e-01 6.363071501255035400e-02 1.505848467350006104e-01
1.947882771492004395e-01 6.399895250797271729e-02 1.520880013704299927e-01
2.107818722724914551e-01 6.595144420862197876e-02 1.632493883371353149e-01
2.053972482681274414e-01 6.537239998579025269e-02 1.596400290727615356e-01
2.003321051597595215e-01 6.457624584436416626e-02 1.560520827770233154e-01
1.986838430166244507e-01 6.453438848257064819e-02 1.549735516309738159e-01
1.990975886583328247e-01 6.447419524192810059e-02 1.552183777093887329e-01
2.131090611219406128e-01 6.639796495437622070e-02 1.650311201810836792e-01
2.262178957462310791e-01 6.808149814605712891e-02 1.740982383489608765e-01
2.415151447057723999e-01 6.978811323642730713e-02 1.845497041940689087e-01
2.337286770343780518e-01 6.883910298347473145e-02 1.792304962873458862e-01
2.326493263244628906e-01 6.896610558032989502e-02 1.786178648471832275e-01
2.206156402826309204e-01 6.737929582595825195e-02 1.703181117773056030e-01
2.151697278022766113e-01 6.649824976921081543e-02 1.664074063301086426e-01
2.206660807132720947e-01 6.704975664615631104e-02 1.699858307838439941e-01
2.206236124038696289e-01 6.706541031599044800e-02 1.701413393020629883e-01
2.089490294456481934e-01 6.578456610441207886e-02 1.619653999805450439e-01
1.985988020896911621e-01 6.458304077386856079e-02 1.548711061477661133e-01
2.173025906085968018e-01 6.702592968940734863e-02 1.679333001375198364e-01
1.950421631336212158e-01 6.406057626008987427e-02 1.524322777986526489e-01
1.899893581867218018e-01 6.347303092479705811e-02 1.488765776157379150e-01
1.958272457122802734e-01 6.414024531841278076e-02 1.530886292457580566e-01
2.019108384847640991e-01 6.500405818223953247e-02 1.572825908660888672e-01
2.092872560024261475e-01 6.580258905887603760e-02 1.624852418899536133e-01
2.269188761711120605e-01 6.815090775489807129e-02 1.748585551977157593e-01
2.309071868658065796e-01 6.858696043491363525e-02 1.776434034109115601e-01
2.191865146160125732e-01 6.690790504217147827e-02 1.692717820405960083e-01
2.173634171485900879e-01 6.670185178518295288e-02 1.680284291505813599e-01
2.129043787717819214e-01 6.620929390192031860e-02 1.650222390890121460e-01
2.102373540401458740e-01 6.592846661806106567e-02 1.630421727895736694e-01
2.126204520463943481e-01 6.613856554031372070e-02 1.647106409072875977e-01
1.847387701272964478e-01 6.245949119329452515e-02 1.453302651643753052e-01
1.692462265491485596e-01 6.044466793537139893e-02 1.344179660081863403e-01
1.804778575897216797e-01 6.197843328118324280e-02 1.423308849334716797e-01
1.897183507680892944e-01 6.306970864534378052e-02 1.486954241991043091e-01
2.369625270366668701e-01 6.913951039314270020e-02 1.813955157995223999e-01
2.378921210765838623e-01 6.925628334283828735e-02 1.819129139184951782e-01
2.053761482238769531e-01 6.507840007543563843e-02 1.595742851495742798e-01
1.888452470302581787e-01 6.313292682170867920e-02 1.479870229959487915e-01
2.042593061923980713e-01 6.492523849010467529e-02 1.587999910116195679e-01
1.832220852375030518e-01 6.215824931859970093e-02 1.440085619688034058e-01
1.652288436889648438e-01 5.984499305486679077e-02 1.313473582267761230e-01
1.805931925773620605e-01 6.190400943160057068e-02 1.421023309230804443e-01
1.921879500150680542e-01 6.342914700508117676e-02 1.502309888601303101e-01
1.710834056138992310e-01 6.041682884097099304e-02 1.353331804275512695e-01
1.681637167930603027e-01 6.003953889012336731e-02 1.334118694067001343e-01
1.981703191995620728e-01 6.422550231218338013e-02 1.544651687145233154e-01
1.986458450555801392e-01 6.459762901067733765e-02 1.549291610717773438e-01
2.243706732988357544e-01 6.761569529771804810e-02 1.726721078157424927e-01
2.256456613540649414e-01 6.798067688941955566e-02 1.737814396619796753e-01
2.374458461999893188e-01 6.997267156839370728e-02 1.819788962602615356e-01
2.282124310731887817e-01 6.855652481317520142e-02 1.758268475532531738e-01
2.139796167612075806e-01 6.665035337209701538e-02 1.658558547496795654e-01
2.162462621927261353e-01 6.680002063512802124e-02 1.675101667642593384e-01
2.326501607894897461e-01 6.903405487537384033e-02 1.789334118366241455e-01
2.602773010730743408e-01 7.291505485773086548e-02 1.984129101037979126e-01
2.644571363925933838e-01 7.342533022165298462e-02 2.013304680585861206e-01
2.637245357036590576e-01 7.322882115840911865e-02 2.007370740175247192e-01
2.508388757705688477e-01 7.156047970056533813e-02 1.917923390865325928e-01
2.548239529132843018e-01 7.172584533691406250e-02 1.942861229181289673e-01
2.612592279911041260e-01 7.238928228616714478e-02 1.984867304563522339e-01
2.729859948158264160e-01 7.405532896518707275e-02 2.064452618360519409e-01
2.420458048582077026e-01 7.059486210346221924e-02 1.854615211486816406e-01
2.260157614946365356e-01 6.863205134868621826e-02 1.742119640111923218e-01
2.165619134902954102e-01 6.725444644689559937e-02 1.676439791917800903e-01
2.108712643384933472e-01 6.669427454471588135e-02 1.636735200881958008e-01
2.084812223911285400e-01 6.609580665826797485e-02 1.620299369096755981e-01
1.952830553054809570e-01 6.437646597623825073e-02 1.528266072273254395e-01
1.813226342201232910e-01 6.277801841497421265e-02 1.430427134037017822e-01
2.176707535982131958e-01 6.725874543190002441e-02 1.684344559907913208e-01
1.828124672174453735e-01 6.289730966091156006e-02 1.440643370151519775e-01
1.797404885292053223e-01 6.301695853471755981e-02 1.418998688459396362e-01
1.830474734306335449e-01 6.331957876682281494e-02 1.442250609397888184e-01
1.735999584197998047e-01 6.191722303628921509e-02 1.374273747205734253e-01
1.913816332817077637e-01 6.394103169441223145e-02 1.499140113592147827e-01
2.035156637430191040e-01 6.568323075771331787e-02 1.585241556167602539e-01
2.417539358139038086e-01 7.035523653030395508e-02 1.852557212114334106e-01
2.534333765506744385e-01 7.172996550798416138e-02 1.930779218673706055e-01
2.614171802997589111e-01 7.255603373050689697e-02 1.986900269985198975e-01
2.473285794258117676e-01 7.113539427518844604e-02 1.890770345926284790e-01
2.308192402124404907e-01 6.903269141912460327e-02 1.776596605777740479e-01
2.255720496177673340e-01 6.852840632200241089e-02 1.741329133510589600e-01
2.188044637441635132e-01 6.777001172304153442e-02 1.693384647369384766e-01
2.198339551687240601e-01 6.786904484033584595e-02 1.700868159532546997e-01
2.047193348407745361e-01 6.566163152456283569e-02 1.594304740428924561e-01
1.957062929868698120e-01 6.467708200216293335e-02 1.531884670257568359e-01
2.079239040613174438e-01 6.637382507324218750e-02 1.618930548429489136e-01
1.780000925064086914e-01 6.242816895246505737e-02 1.407828032970428467e-01
1.687822788953781128e-01 6.112856417894363403e-02 1.343060582876205444e-01
1.551131457090377808e-01 5.935152247548103333e-02 1.246679946780204773e-01
1.599326580762863159e-01 6.008361279964447021e-02 1.280256658792495728e-01
1.843429803848266602e-01 6.339957565069198608e-02 1.452741622924804688e-01
2.035966664552688599e-01 6.591034680604934692e-02 1.588268131017684937e-01
2.108288705348968506e-01 6.673508882522583008e-02 1.638414263725280762e-01
1.986947059631347656e-01 6.505518406629562378e-02 1.552556455135345459e-01
1.766510903835296631e-01 6.229425221681594849e-02 1.396961063146591187e-01
1.560222357511520386e-01 5.965333059430122375e-02 1.250059008598327637e-01
1.601483523845672607e-01 6.008435040712356567e-02 1.278410255908966064e-01
1.843175888061523438e-01 6.361329555511474609e-02 1.450476050376892090e-01
1.838689744472503662e-01 6.356937438249588013e-02 1.446886509656906128e-01
1.904591321945190430e-01 6.427227705717086792e-02 1.494203358888626099e-01
1.880970001220703125e-01 6.395349651575088501e-02 1.478427052497863770e-01
1.919861137866973877e-01 6.443769484758377075e-02 1.505341827869415283e-01
2.194406986236572266e-01 6.796560436487197876e-02 1.698542237281799316e-01
2.320384234189987183e-01 6.927482783794403076e-02 1.785798519849777222e-01
2.325296252965927124e-01 6.941926479339599609e-02 1.790014505386352539e-01
2.292950749397277832e-01 6.905015558004379272e-02 1.768061518669128418e-01
2.362781614065170288e-01 6.985633075237274170e-02 1.816717982292175293e-01
2.342086583375930786e-01 6.968813389539718628e-02 1.801760047674179077e-01
2.418486624956130981e-01 7.054378837347030640e-02 1.854412704706192017e-01
2.451530992984771729e-01 7.085742801427841187e-02 1.877088695764541626e-01
2.433576732873916626e-01 7.070714235305786133e-02 1.864573210477828979e-01
2.541210949420928955e-01 7.173906266689300537e-02 1.938781440258026123e-01
2.449327260255813599e-01 7.068069279193878174e-02 1.877200305461883545e-01
2.381372898817062378e-01 6.989911943674087524e-02 1.830090880393981934e-01
2.346157580614089966e-01 6.955270469188690186e-02 1.806045472621917725e-01
2.341205477714538574e-01 6.948424875736236572e-02 1.802451014518737793e-01
2.422686666250228882e-01 7.064477354288101196e-02 1.859755069017410278e-01
2.582584321498870850e-01 7.244213670492172241e-02 1.966967284679412842e-01
2.569560110569000244e-01 7.243807613849639893e-02 1.960241943597793579e-01
2.483867555856704712e-01 7.130069285631179810e-02 1.901611238718032837e-01
2.394654303789138794e-01 7.036401331424713135e-02 1.841687858104705811e-01
2.478452175855636597e-01 7.139822840690612793e-02 1.898944377899169922e-01
2.505185306072235107e-01 7.151775807142257690e-02 1.915386170148849487e-01
2.354299575090408325e-01 6.978882104158401489e-02 1.812580525875091553e-01
2.153639495372772217e-01 6.750859320163726807e-02 1.674854308366775513e-01
2.063799947500228882e-01 6.654088199138641357e-02 1.611413210630416870e-01
2.045929282903671265e-01 6.625901162624359131e-02 1.598955690860748291e-01
2.315067648887634277e-01 6.935642659664154053e-02 1.784883290529251099e-01
2.203011512756347656e-01 6.818931549787521362e-02 1.704542636871337891e-01
1.966157108545303345e-01 6.536354124546051025e-02 1.540696173906326294e-01
1.866434812545776367e-01 6.397219002246856689e-02 1.471975743770599365e-01
1.985381394624710083e-01 6.547794491052627563e-02 1.554447412490844727e-01
1.998530179262161255e-01 6.576412171125411987e-02 1.564045548439025879e-01
2.080041468143463135e-01 6.662310659885406494e-02 1.621582657098770142e-01
2.040544301271438599e-01 6.605923175811767578e-02 1.593352705240249634e-01
1.969832330942153931e-01 6.527687609195709229e-02 1.543793082237243652e-01
1.966586410999298096e-01 6.512998789548873901e-02 1.539766639471054077e-01
1.839946359395980835e-01 6.366246193647384644e-02 1.453443616628646851e-01
1.930216252803802490e-01 6.496701389551162720e-02 1.516080349683761597e-01
1.882535815238952637e-01 6.425367295742034912e-02 1.481304168701171875e-01
1.885362565517425537e-01 6.427057087421417236e-02 1.482225805521011353e-01
2.021866887807846069e-01 6.593961268663406372e-02 1.578880250453948975e-01
2.017084956169128418e-01 6.588185578584671021e-02 1.575130969285964966e-01
1.958820819854736328e-01 6.518094241619110107e-02 1.535578817129135132e-01
1.986490339040756226e-01 6.555749475955963135e-02 1.554726213216781616e-01
1.995039135217666626e-01 6.572790443897247314e-02 1.560781449079513550e-01
2.010637074708938599e-01 6.583774089813232422e-02 1.572764366865158081e-01
1.989449560642242432e-01 6.571520864963531494e-02 1.558610647916793823e-01
2.053906023502349854e-01 6.643436104059219360e-02 1.603719890117645264e-01
1.993332505226135254e-01 6.555578112602233887e-02 1.562329530715942383e-01
2.202987521886825562e-01 6.776585429906845093e-02 1.706842184066772461e-01
2.274530678987503052e-01 6.858382374048233032e-02 1.755823045969009399e-01
2.212742567062377930e-01 6.794880330562591553e-02 1.711877286434173584e-01
2.219719439744949341e-01 6.803097575902938843e-02 1.716768592596054077e-01
2.225115299224853516e-01 6.811180710792541504e-02 1.720331013202667236e-01
2.189386487007141113e-01 6.769392639398574829e-02 1.697675734758377075e-01
2.121879011392593384e-01 6.684678792953491211e-02 1.650683581829071045e-01
2.121575623750686646e-01 6.694910675287246704e-02 1.650198400020599365e-01
2.071705311536788940e-01 6.631835550069808960e-02 1.616467088460922241e-01
2.114075273275375366e-01 6.676363945007324219e-02 1.644407808780670166e-01
2.142966687679290771e-01 6.714488565921783447e-02 1.665015220642089844e-01
2.155629247426986694e-01 6.753534078598022461e-02 1.673600971698760986e-01
2.170561999082565308e-01 6.751901656389236450e-02 1.683994680643081665e-01
2.096561342477798462e-01 6.685740500688552856e-02 1.633577495813369751e-01
2.100190222263336182e-01 6.703115999698638916e-02 1.636757552623748779e-01
2.088983207941055298e-01 6.670619547367095947e-02 1.629490405321121216e-01
2.026635855436325073e-01 6.598461419343948364e-02 1.584784537553787231e-01
2.060466706752777100e-01 6.641361862421035767e-02 1.605310440063476562e-01
2.004560232162475586e-01 6.552655994892120361e-02 1.565198153257369995e-01
1.827948838472366333e-01 6.331602483987808228e-02 1.443697363138198853e-01
1.838326305150985718e-01 6.332859396934509277e-02 1.452872753143310547e-01
1.865443438291549683e-01 6.365943700075149536e-02 1.472167372703552246e-01
1.840677708387374878e-01 6.347542256116867065e-02 1.454378962516784668e-01
1.801273971796035767e-01 6.282550841569900513e-02 1.425119340419769287e-01
1.725237667560577393e-01 6.195999681949615479e-02 1.372139453887939453e-01
1.668761074542999268e-01 6.126718968152999878e-02 1.333627104759216309e-01
1.548436880111694336e-01 5.960957705974578857e-02 1.247706338763237000e-01
1.477483212947845459e-01 5.867106840014457703e-02 1.196742728352546692e-01
1.372347623109817505e-01 5.737948790192604065e-02 1.121153905987739563e-01
1.449867635965347290e-01 5.863485112786293030e-02 1.176809743046760559e-01
1.600140035152435303e-01 6.030863896012306213e-02 1.282703131437301636e-01
1.769734025001525879e-01 6.285960227251052856e-02 1.404642015695571899e-01
1.786550283432006836e-01 6.281872093677520752e-02 1.416717022657394409e-01
1.809155344963073730e-01 6.345075368881225586e-02 1.435061693191528320e-01
1.628588736057281494e-01 6.092452630400657654e-02 1.306685060262680054e-01
1.549320220947265625e-01 5.981845781207084656e-02 1.249580010771751404e-01
1.535201370716094971e-01 5.968052893877029419e-02 1.239821016788482666e-01
1.509999036788940430e-01 5.931349843740463257e-02 1.220785379409790039e-01
1.465708762407302856e-01 5.867027491331100464e-02 1.188957691192626953e-01
1.299952119588851929e-01 5.630047991871833801e-02 1.070331186056137085e-01
1.289017796516418457e-01 5.632514879107475281e-02 1.062344834208488464e-01
1.425706744194030762e-01 5.815712735056877136e-02 1.160575449466705322e-01
1.319553405046463013e-01 5.676671490073204041e-02 1.085212901234626770e-01
1.346448510885238647e-01 5.720936879515647888e-02 1.105402261018753052e-01
1.425966769456863403e-01 5.802908167243003845e-02 1.161632388830184937e-01
1.487064212560653687e-01 5.863815546035766602e-02 1.205415353178977966e-01
1.350301951169967651e-01 5.691237747669219971e-02 1.106863617897033691e-01
1.374660432338714600e-01 5.744097754359245300e-02 1.124285086989402771e-01
1.459816396236419678e-01 5.837824568152427673e-02 1.183935105800628662e-01
1.516013145446777344e-01 5.977400392293930054e-02 1.223276332020759583e-01
1.521339267492294312e-01 5.912328138947486877e-02 1.227043345570564270e-01
1.726721376180648804e-01 6.203443557024002075e-02 1.372400373220443726e-01
1.722570061683654785e-01 6.196810677647590637e-02 1.369617432355880737e-01
1.625621467828750610e-01 6.058856099843978882e-02 1.300986707210540771e-01
1.660583615303039551e-01 6.106699630618095398e-02 1.326477080583572388e-01
1.592268198728561401e-01 6.019577011466026306e-02 1.277898699045181274e-01
1.654385924339294434e-01 6.094088777899742126e-02 1.321612894535064697e-01
1.627011895179748535e-01 6.061912700533866882e-02 1.302284896373748779e-01
1.623359173536300659e-01 6.069834530353546143e-02 1.300351917743682861e-01
1.751868128776550293e-01 6.207447871565818787e-02 1.390888243913650513e-01
1.626477241516113281e-01 6.051785126328468323e-02 1.302702277898788452e-01
1.639987081289291382e-01 6.081116572022438049e-02 1.311833262443542480e-01
1.652026921510696411e-01 6.084088981151580811e-02 1.318640261888504028e-01
1.632831990718841553e-01 6.063866615295410156e-02 1.304257065057754517e-01
1.697477102279663086e-01 6.163115054368972778e-02 1.350332051515579224e-01
1.555960327386856079e-01 5.979096889495849609e-02 1.251577585935592651e-01
1.605950593948364258e-01 6.053248420357704163e-02 1.287891715764999390e-01
1.709214597940444946e-01 6.182651966810226440e-02 1.360521465539932251e-01
1.840266436338424683e-01 6.387622654438018799e-02 1.453320831060409546e-01
1.779308170080184937e-01 6.296674162149429321e-02 1.410145908594131470e-01
1.834515482187271118e-01 6.349733471870422363e-02 1.448991000652313232e-01
1.762497425079345703e-01 6.264265626668930054e-02 1.397785693407058716e-01
1.702446490526199341e-01 6.185798719525337219e-02 1.355637609958648682e-01
1.542551070451736450e-01 5.970758572220802307e-02 1.242340132594108582e-01
1.608267426490783691e-01 6.065007299184799194e-02 1.288978457450866699e-01
1.548738032579421997e-01 5.956937745213508606e-02 1.244932487607002258e-01
1.676099151372909546e-01 6.107732653617858887e-02 1.334495991468429565e-01
1.638542860746383667e-01 6.069871410727500916e-02 1.307634711265563965e-01
1.548599600791931152e-01 5.957600101828575134e-02 1.244207918643951416e-01
1.569269746541976929e-01 5.981735885143280029e-02 1.258130371570587158e-01
1.634808778762817383e-01 6.075868755578994751e-02 1.305424422025680542e-01
1.614490598440170288e-01 6.052618846297264099e-02 1.292080134153366089e-01
1.663697510957717896e-01 6.111947819590568542e-02 1.328005045652389526e-01
1.487794071435928345e-01 5.905496701598167419e-02 1.203810647130012512e-01
1.640034168958663940e-01 6.097345426678657532e-02 1.310392618179321289e-01
1.679572165012359619e-01 6.157471984624862671e-02 1.338360458612442017e-01
1.619935631752014160e-01 6.075851991772651672e-02 1.296120733022689819e-01
1.633232086896896362e-01 6.076393276453018188e-02 1.306267529726028442e-01
1.729099005460739136e-01 6.200385466217994690e-02 1.373419165611267090e-01
1.765291690826416016e-01 6.260438263416290283e-02 1.399054825305938721e-01
1.681669205427169800e-01 6.148087978363037109e-02 1.340394765138626099e-01
1.656574010848999023e-01 6.112910062074661255e-02 1.322000026702880859e-01
1.711993962526321411e-01 6.183622777462005615e-02 1.362340003252029419e-01
1.784150600433349609e-01 6.284274905920028687e-02 1.412515938282012939e-01
1.894212514162063599e-01 6.427130848169326782e-02 1.488710045814514160e-01
1.916288584470748901e-01 6.450845301151275635e-02 1.504464596509933472e-01
1.811103373765945435e-01 6.282474100589752197e-02 1.431286484003067017e-01
1.548971384763717651e-01 5.969223007559776306e-02 1.245236620306968689e-01
1.557837724685668945e-01 6.011718511581420898e-02 1.252901554107666016e-01
1.452357172966003418e-01 5.841915309429168701e-02 1.177802011370658875e-01
1.475121080875396729e-01 5.883891135454177856e-02 1.192192211747169495e-01
1.954604089260101318e-01 6.654231250286102295e-02 1.528103202581405640e-01
1.975087970495223999e-01 6.543888896703720093e-02 1.543048769235610962e-01
1.691808849573135376e-01 6.162316724658012390e-02 1.347259134054183960e-01
1.657380908727645874e-01 6.092610955238342285e-02 1.322872042655944824e-01
1.605337858200073242e-01 6.043386831879615784e-02 1.285732388496398926e-01
1.429187208414077759e-01 5.794319510459899902e-02 1.161050423979759216e-01
1.252789497375488281e-01 5.569430440664291382e-02 1.033844426274299622e-01
1.204601749777793884e-01 5.487409979104995728e-02 9.991917014122009277e-02
1.260708868503570557e-01 5.552668124437332153e-02 1.039132624864578247e-01
1.233902946114540100e-01 5.513243004679679871e-02 1.018875613808631897e-01
1.265732049942016602e-01 5.565470084547996521e-02 1.042814776301383972e-01
1.312839090824127197e-01 5.632573738694190979e-02 1.076701655983924866e-01
1.601447165012359619e-01 6.025048717856407166e-02 1.282917559146881104e-01
1.979043781757354736e-01 6.518123298883438110e-02 1.547823548316955566e-01
1.594070196151733398e-01 6.010994315147399902e-02 1.277977824211120605e-01
1.464640051126480103e-01 5.848705023527145386e-02 1.185925900936126709e-01
1.447164118289947510e-01 5.806726589798927307e-02 1.172982677817344666e-01
1.366085708141326904e-01 5.727724730968475342e-02 1.116720065474510193e-01
1.453487575054168701e-01 5.851210653781890869e-02 1.180208474397659302e-01
1.366212964057922363e-01 5.703203380107879639e-02 1.116835996508598328e-01
1.445240974426269531e-01 5.814299732446670532e-02 1.172251552343368530e-01
1.313087195158004761e-01 5.622356384992599487e-02 1.078103408217430115e-01
1.490559428930282593e-01 5.919401720166206360e-02 1.206099987030029297e-01
1.665762215852737427e-01 6.131836026906967163e-02 1.329866051673889160e-01
1.624795347452163696e-01 6.054256111383438110e-02 1.300878524780273438e-01
1.431766748428344727e-01 5.804766342043876648e-02 1.162927448749542236e-01
1.445455402135848999e-01 5.806602537631988525e-02 1.173099875450134277e-01
1.330955028533935547e-01 5.666294321417808533e-02 1.089773401618003845e-01
1.396703273057937622e-01 5.749518051743507385e-02 1.136263012886047363e-01
1.323504745960235596e-01 5.669326707720756531e-02 1.084413081407546997e-01
1.405087560415267944e-01 5.774860084056854248e-02 1.141500771045684814e-01
1.421953737735748291e-01 5.788607522845268250e-02 1.153590679168701172e-01
1.320383250713348389e-01 5.673101544380187988e-02 1.082757860422134399e-01
1.466606855392456055e-01 5.848890170454978943e-02 1.187079325318336487e-01
1.262240558862686157e-01 5.613023042678833008e-02 1.041289567947387695e-01
1.517091691493988037e-01 5.929467082023620605e-02 1.223975867033004761e-01
1.496158242225646973e-01 5.911861732602119446e-02 1.211650073528289795e-01
1.394922286272048950e-01 5.805363506078720093e-02 1.139993518590927124e-01
1.396454423666000366e-01 5.784637108445167542e-02 1.139866709709167480e-01
1.340681016445159912e-01 5.693791061639785767e-02 1.098418459296226501e-01
1.216679736971855164e-01 5.477558448910713196e-02 1.007334589958190918e-01
9.961135685443878174e-02 5.140418931841850281e-02 8.470737189054489136e-02
1.202687919139862061e-01 5.472947284579277039e-02 9.970434755086898804e-02
1.347989588975906372e-01 5.692299827933311462e-02 1.103885546326637268e-01
1.479148119688034058e-01 5.861735343933105469e-02 1.193566769361495972e-01
1.613298207521438599e-01 6.046596169471740723e-02 1.289207190275192261e-01
1.763708740472793579e-01 6.310097128152847290e-02 1.395212113857269287e-01
1.676366031169891357e-01 6.159365177154541016e-02 1.335280686616897583e-01
1.623203456401824951e-01 6.076298654079437256e-02 1.298551410436630249e-01
1.579967141151428223e-01 6.023253872990608215e-02 1.267512142658233643e-01
1.375494450330734253e-01 5.751770734786987305e-02 1.121337339282035828e-01
1.379795819520950317e-01 5.736096575856208801e-02 1.125584915280342102e-01
1.463019847869873047e-01 5.839063227176666260e-02 1.185126304626464844e-01
1.271602362394332886e-01 5.599163100123405457e-02 1.048757955431938171e-01
1.291552782058715820e-01 5.606567114591598511e-02 1.063133552670478821e-01
1.244601905345916748e-01 5.547893792390823364e-02 1.029147878289222717e-01
1.334007382392883301e-01 5.663485452532768250e-02 1.093196496367454529e-01
1.650009751319885254e-01 6.083873286843299866e-02 1.317613273859024048e-01
1.842027604579925537e-01 6.317037343978881836e-02 1.451499909162521362e-01
1.984942704439163208e-01 6.536976248025894165e-02 1.549479067325592041e-01
1.577163636684417725e-01 6.015167757868766785e-02 1.264441162347793579e-01
1.352209001779556274e-01 5.688427388668060303e-02 1.106097921729087830e-01
1.329942792654037476e-01 5.677059665322303772e-02 1.090422868728637695e-01
1.443559676408767700e-01 5.826137959957122803e-02 1.170404776930809021e-01
1.451683938503265381e-01 5.846281349658966064e-02 1.176398396492004395e-01
1.352021843194961548e-01 5.714529380202293396e-02 1.105566769838333130e-01
1.260880380868911743e-01 5.576611682772636414e-02 1.039762794971466064e-01
1.136498898267745972e-01 5.401472002267837524e-02 9.505444765090942383e-02
1.149926930665969849e-01 5.429332330822944641e-02 9.607934206724166870e-02
1.223150864243507385e-01 5.522345378994941711e-02 1.012839898467063904e-01
1.363289654254913330e-01 5.709508806467056274e-02 1.112582087516784668e-01
1.474094986915588379e-01 5.846512690186500549e-02 1.190974935889244080e-01
1.617599427700042725e-01 6.060642004013061523e-02 1.292107850313186646e-01
1.472923904657363892e-01 5.889044329524040222e-02 1.189893633127212524e-01
1.306915283203125000e-01 5.656911805272102356e-02 1.070894449949264526e-01
1.223765239119529724e-01 5.523697659373283386e-02 1.011519357562065125e-01
1.296090632677078247e-01 5.617973208427429199e-02 1.063440442085266113e-01
1.378797888755798340e-01 5.720473453402519226e-02 1.123501360416412354e-01
1.359052062034606934e-01 5.690882354974746704e-02 1.107926368713378906e-01
1.661270558834075928e-01 6.083639711141586304e-02 1.321248412132263184e-01
1.763783395290374756e-01 6.224384531378746033e-02 1.393916606903076172e-01
1.646633744239807129e-01 6.085468083620071411e-02 1.312886327505111694e-01
1.603721827268600464e-01 6.025162339210510254e-02 1.284424364566802979e-01
1.478319466114044189e-01 5.862627923488616943e-02 1.194763630628585815e-01
1.142418608069419861e-01 5.425581708550453186e-02 9.556131064891815186e-02
1.129502952098846436e-01 5.417170748114585876e-02 9.462917596101760864e-02
1.068924888968467712e-01 5.310013145208358765e-02 9.015268832445144653e-02
1.137981936335563660e-01 5.417044088244438171e-02 9.520067274570465088e-02
1.149448752403259277e-01 5.430844798684120178e-02 9.600578993558883667e-02
1.294211596250534058e-01 5.601831898093223572e-02 1.063817366957664490e-01
1.162250414490699768e-01 5.440106987953186035e-02 9.698829799890518188e-02
1.007355973124504089e-01 5.188456922769546509e-02 8.562944829463958740e-02
1.124085187911987305e-01 5.371299386024475098e-02 9.412580728530883789e-02
1.204345077276229858e-01 5.485936999320983887e-02 9.987004101276397705e-02
1.207102090120315552e-01 5.490836128592491150e-02 1.001353040337562561e-01
1.168819889426231384e-01 5.437078699469566345e-02 9.739641845226287842e-02
1.206995397806167603e-01 5.498180538415908813e-02 1.002474799752235413e-01
1.210658326745033264e-01 5.479555577039718628e-02 1.005325987935066223e-01
1.169001311063766479e-01 5.420731753110885620e-02 9.758263081312179565e-02
1.312589049339294434e-01 5.651475116610527039e-02 1.077978387475013733e-01
1.362681835889816284e-01 5.718594044446945190e-02 1.114680990576744080e-01
1.171646788716316223e-01 5.475269258022308350e-02 9.775846451520919800e-02
1.186004132032394409e-01 5.508528277277946472e-02 9.892646968364715576e-02
1.271813213825225830e-01 5.658598989248275757e-02 1.052395775914192200e-01
1.319425404071807861e-01 5.717669427394866943e-02 1.085725799202919006e-01
1.315525323152542114e-01 5.680005624890327454e-02 1.082678288221359253e-01
1.344547271728515625e-01 5.735449120402336121e-02 1.103029400110244751e-01
1.334889233112335205e-01 5.703793093562126160e-02 1.095917969942092896e-01
1.355022042989730835e-01 5.715443566441535950e-02 1.109079569578170776e-01
1.423475295305252075e-01 5.813131481409072876e-02 1.158160343766212463e-01
1.323356032371520996e-01 5.659855157136917114e-02 1.086538285017013550e-01
1.408958286046981812e-01 5.778236687183380127e-02 1.147554442286491394e-01
1.466213613748550415e-01 5.875046551227569580e-02 1.188797429203987122e-01
1.445546001195907593e-01 5.786021426320075989e-02 1.171835884451866150e-01
1.472075432538986206e-01 5.830787867307662964e-02 1.190145537257194519e-01
1.247004494071006775e-01 5.507215484976768494e-02 1.032113432884216309e-01
1.336877644062042236e-01 5.627705529332160950e-02 1.095574274659156799e-01
1.270104795694351196e-01 5.560231208801269531e-02 1.047527417540550232e-01
1.387762725353240967e-01 5.705927312374114990e-02 1.130852550268173218e-01
1.457142531871795654e-01 5.822907760739326477e-02 1.178043857216835022e-01
1.504796296358108521e-01 5.881293118000030518e-02 1.212337538599967957e-01
1.386087834835052490e-01 5.731199681758880615e-02 1.130419000983238220e-01
1.422144323587417603e-01 5.755164846777915955e-02 1.156091839075088501e-01
1.328348070383071899e-01 5.644004419445991516e-02 1.090104058384895325e-01
1.378654986619949341e-01 5.738000199198722839e-02 1.126301363110542297e-01
1.290972083806991577e-01 5.603994801640510559e-02 1.064116582274436951e-01
1.321153491735458374e-01 5.646211653947830200e-02 1.084100976586341858e-01
1.279913038015365601e-01 5.613686144351959229e-02 1.055379733443260193e-01
1.355950832366943359e-01 5.724619701504707336e-02 1.110706478357315063e-01
1.352581977844238281e-01 5.704361200332641602e-02 1.107908338308334351e-01
1.450641304254531860e-01 5.847375094890594482e-02 1.177629008889198303e-01
1.441387385129928589e-01 5.812377855181694031e-02 1.170093864202499390e-01
1.423598080873489380e-01 5.786070972681045532e-02 1.155412569642066956e-01
1.396022588014602661e-01 5.729386955499649048e-02 1.135181710124015808e-01
1.456039100885391235e-01 5.814406275749206543e-02 1.179751455783843994e-01
1.405413299798965454e-01 5.754584446549415588e-02 1.144805997610092163e-01
1.353715658187866211e-01 5.662990361452102661e-02 1.107391193509101868e-01
1.417625397443771362e-01 5.765032023191452026e-02 1.152360141277313232e-01
1.451992839574813843e-01 5.820577219128608704e-02 1.175566911697387695e-01
1.468666195869445801e-01 5.865261331200599670e-02 1.189696714282035828e-01
1.504724919795989990e-01 5.890557169914245605e-02 1.214636191725730896e-01
1.663378328084945679e-01 6.124302744865417480e-02 1.326030045747756958e-01
1.496526002883911133e-01 5.884287133812904358e-02 1.206794753670692444e-01
1.551957428455352783e-01 5.973228812217712402e-02 1.247861087322235107e-01
1.526598930358886719e-01 5.957545712590217590e-02 1.230541840195655823e-01
1.428270936012268066e-01 5.792189016938209534e-02 1.161019802093505859e-01
1.321111917495727539e-01 5.671672895550727844e-02 1.083715185523033142e-01
1.428888589143753052e-01 5.824966356158256531e-02 1.161960884928703308e-01
1.408919543027877808e-01 5.821270495653152466e-02 1.148682981729507446e-01
1.378210484981536865e-01 5.767649039626121521e-02 1.126066893339157104e-01
1.400132775306701660e-01 5.813103541731834412e-02 1.143116578459739685e-01
1.397335380315780640e-01 5.761693418025970459e-02 1.136912927031517029e-01
1.537449657917022705e-01 5.946182459592819214e-02 1.237877532839775085e-01
1.449864059686660767e-01 5.853841453790664673e-02 1.175280809402465820e-01
1.485372632741928101e-01 5.882183462381362915e-02 1.202084198594093323e-01
1.424192786216735840e-01 5.803365632891654968e-02 1.158086061477661133e-01
1.558389514684677124e-01 5.958429723978042603e-02 1.252548396587371826e-01
1.500817239284515381e-01 5.898906663060188293e-02 1.212010458111763000e-01
1.567349284887313843e-01 5.978013947606086731e-02 1.259488314390182495e-01
1.575515121221542358e-01 6.013474985957145691e-02 1.265509724617004395e-01
1.609577834606170654e-01 6.064204499125480652e-02 1.289526224136352539e-01
1.669644415378570557e-01 6.159575283527374268e-02 1.331296712160110474e-01
1.617234051227569580e-01 6.091162562370300293e-02 1.295027434825897217e-01
1.628164499998092651e-01 6.097893044352531433e-02 1.302966028451919556e-01
1.582682430744171143e-01 6.012035533785820007e-02 1.270682662725448608e-01
1.738337278366088867e-01 6.281241774559020996e-02 1.381391435861587524e-01
1.568595916032791138e-01 6.020618975162506104e-02 1.262005716562271118e-01
1.574043631553649902e-01 6.006378680467605591e-02 1.264420300722122192e-01
1.615991145372390747e-01 6.036159396171569824e-02 1.292007267475128174e-01
1.479273289442062378e-01 5.893697589635848999e-02 1.197046712040901184e-01
1.527354419231414795e-01 5.972139537334442139e-02 1.232043355703353882e-01
1.551885157823562622e-01 6.014303117990493774e-02 1.249104738235473633e-01
1.572335362434387207e-01 6.048863008618354797e-02 1.264635324478149414e-01
1.527616977691650391e-01 5.974053591489791870e-02 1.231495440006256104e-01
1.322120428085327148e-01 5.649074167013168335e-02 1.085253879427909851e-01
1.409220844507217407e-01 5.748377740383148193e-02 1.147600859403610229e-01
1.378574818372726440e-01 5.725454911589622498e-02 1.126108467578887939e-01
1.367123425006866455e-01 5.715666711330413818e-02 1.118845939636230469e-01
1.313347965478897095e-01 5.696952342987060547e-02 1.082433536648750305e-01
1.233319640159606934e-01 5.596955865621566772e-02 1.025033220648765564e-01
1.465317159891128540e-01 5.975532159209251404e-02 1.191777512431144714e-01
1.387470662593841553e-01 5.785385519266128540e-02 1.133151352405548096e-01
1.503033041954040527e-01 5.926529690623283386e-02 1.215558946132659912e-01
1.404561549425125122e-01 5.825918540358543396e-02 1.147889643907546997e-01
1.448930948972702026e-01 5.901544541120529175e-02 1.176940202713012695e-01
1.661161333322525024e-01 6.178510189056396484e-02 1.327506303787231445e-01
1.561884284019470215e-01 6.033687666058540344e-02 1.257249861955642700e-01
1.547715961933135986e-01 5.996236950159072876e-02 1.247455403208732605e-01
1.495424509048461914e-01 5.908570066094398499e-02 1.210415661334991455e-01
1.608289778232574463e-01 6.073923781514167786e-02 1.289160102605819702e-01
1.514765024185180664e-01 5.950250476598739624e-02 1.224387735128402710e-01
1.633187830448150635e-01 6.091221421957015991e-02 1.307102739810943604e-01
1.729779094457626343e-01 6.190248206257820129e-02 1.374208331108093262e-01
1.531665027141571045e-01 5.934688821434974670e-02 1.234291568398475647e-01
1.545419692993164062e-01 5.953469872474670410e-02 1.243710070848464966e-01
1.541307419538497925e-01 5.960465967655181885e-02 1.240872293710708618e-01
1.552504599094390869e-01 5.963943526148796082e-02 1.249471902847290039e-01
1.543162167072296143e-01 5.941455811262130737e-02 1.242666468024253845e-01
1.524902135133743286e-01 5.918690934777259827e-02 1.230292171239852905e-01
1.531931012868881226e-01 5.932019650936126709e-02 1.234825998544692993e-01
1.476242989301681519e-01 5.841834843158721924e-02 1.194911971688270569e-01
1.351463049650192261e-01 5.664286017417907715e-02 1.105383411049842834e-01
1.310081332921981812e-01 5.622428283095359802e-02 1.075896769762039185e-01
1.329945027828216553e-01 5.646736919879913330e-02 1.090936660766601562e-01
1.539797037839889526e-01 5.914527177810668945e-02 1.238808557391166687e-01
1.574692428112030029e-01 5.935241281986236572e-02 1.263955980539321899e-01
1.332458555698394775e-01 5.633546784520149231e-02 1.091052368283271790e-01
1.407874971628189087e-01 5.736641213297843933e-02 1.144172847270965576e-01
1.608510315418243408e-01 6.007699295878410339e-02 1.284757107496261597e-01
1.673805117607116699e-01 6.108492240309715271e-02 1.331022828817367554e-01
1.753565222024917603e-01 6.195655092597007751e-02 1.386867165565490723e-01
1.713207811117172241e-01 6.154523044824600220e-02 1.360709369182586670e-01
1.655557602643966675e-01 6.087353080511093140e-02 1.321393996477127075e-01
1.666965633630752563e-01 6.115138530731201172e-02 1.329445242881774902e-01
1.660435944795608521e-01 6.141759827733039856e-02 1.327454596757888794e-01
1.527836024761199951e-01 5.930867791175842285e-02 1.232075765728950500e-01
1.692927479743957520e-01 6.137601658701896667e-02 1.347289085388183594e-01
2.188281267881393433e-01 6.835050135850906372e-02 1.684536337852478027e-01
2.139682024717330933e-01 6.796182692050933838e-02 1.652792096138000488e-01
1.904463022947311401e-01 6.472901254892349243e-02 1.491559296846389771e-01
1.644822210073471069e-01 6.106972694396972656e-02 1.314511597156524658e-01
1.577217578887939453e-01 6.022752821445465088e-02 1.267369389533996582e-01
1.650350242853164673e-01 6.100866571068763733e-02 1.318131387233734131e-01
1.599589735269546509e-01 6.050801277160644531e-02 1.282288581132888794e-01
1.511941552162170410e-01 5.934967845678329468e-02 1.221498996019363403e-01
1.543263494968414307e-01 5.962860584259033203e-02 1.242582425475120544e-01
1.568770259618759155e-01 6.000474840402603149e-02 1.260100305080413818e-01
1.636583507061004639e-01 6.104391440749168396e-02 1.309371143579483032e-01
1.678775101900100708e-01 6.144473701715469360e-02 1.338703036308288574e-01
1.711352318525314331e-01 6.187813356518745422e-02 1.360740661621093750e-01
1.595570743083953857e-01 6.043635308742523193e-02 1.280339807271957397e-01
1.555029302835464478e-01 5.990169942378997803e-02 1.252929419279098511e-01
1.479021161794662476e-01 5.930089205503463745e-02 1.200100705027580261e-01
1.529074013233184814e-01 5.973555147647857666e-02 1.235358268022537231e-01
1.538446396589279175e-01 5.942071974277496338e-02 1.240590140223503113e-01
1.549901664257049561e-01 5.942330509424209595e-02 1.247766986489295959e-01
1.692634075880050659e-01 6.169218197464942932e-02 1.345803290605545044e-01
2.147890925407409668e-01 6.745383888483047485e-02 1.664576679468154907e-01
2.109804600477218628e-01 6.658615171909332275e-02 1.637833267450332642e-01
2.096962034702301025e-01 6.610138714313507080e-02 1.630547642707824707e-01
2.233218997716903687e-01 6.774996966123580933e-02 1.723114103078842163e-01
2.247051149606704712e-01 6.760740280151367188e-02 1.733794212341308594e-01
2.331915646791458130e-01 6.864576041698455811e-02 1.792154610157012939e-01
2.298320531845092773e-01 6.858897954225540161e-02 1.769631952047348022e-01
2.208452671766281128e-01 6.766353547573089600e-02 1.706376820802688599e-01
2.097691148519515991e-01 6.646562367677688599e-02 1.629066020250320435e-01
1.990040391683578491e-01 6.515546888113021851e-02 1.555894762277603149e-01
1.827570796012878418e-01 6.378942728042602539e-02 1.444681733846664429e-01
1.638607680797576904e-01 6.104546412825584412e-02 1.311285197734832764e-01
1.517456918954849243e-01 5.936193466186523438e-02 1.224576085805892944e-01
1.569634526968002319e-01 5.983076244592666626e-02 1.262523084878921509e-01
1.647821068763732910e-01 6.130069866776466370e-02 1.318040341138839722e-01
1.721368730068206787e-01 6.243366375565528870e-02 1.370825767517089844e-01
1.685491055250167847e-01 6.236563995480537415e-02 1.345984190702438354e-01
2.284364104270935059e-01 6.933575868606567383e-02 1.762734204530715942e-01
3.539068698883056641e-01 8.437266945838928223e-02 2.602902054786682129e-01
2.659510970115661621e-01 7.455204427242279053e-02 2.019416391849517822e-01
1.900683343410491943e-01 6.449632346630096436e-02 1.494544595479965210e-01
1.833564192056655884e-01 6.361640244722366333e-02 1.447981745004653931e-01
1.774787902832031250e-01 6.327705085277557373e-02 1.404166966676712036e-01
2.828350365161895752e-01 7.555111497640609741e-02 2.126540094614028931e-01
3.236382603645324707e-01 8.015716075897216797e-02 2.401229441165924072e-01
3.057243227958679199e-01 7.803028821945190430e-02 2.280994355678558350e-01
2.022092938423156738e-01 6.575287878513336182e-02 1.578484475612640381e-01
2.025173157453536987e-01 6.583022326231002808e-02 1.579252779483795166e-01
1.918577551841735840e-01 6.450507044792175293e-02 1.506303101778030396e-01
1.930338293313980103e-01 6.449020653963088989e-02 1.514717489480972290e-01
2.350098639726638794e-01 6.993276625871658325e-02 1.805387586355209351e-01
2.029581516981124878e-01 6.578776985406875610e-02 1.586750298738479614e-01
2.005737721920013428e-01 6.551717966794967651e-02 1.567835509777069092e-01
2.093772143125534058e-01 6.675067543983459473e-02 1.628459692001342773e-01
2.005596011877059937e-01 6.565645337104797363e-02 1.565780192613601685e-01
1.852362155914306641e-01 6.361629813909530640e-02 1.459114104509353638e-01
1.830210983753204346e-01 6.333501636981964111e-02 1.445192247629165649e-01
1.726227998733520508e-01 6.188242137432098389e-02 1.372843980789184570e-01
1.859316676855087280e-01 6.335906684398651123e-02 1.466489732265472412e-01
2.091781944036483765e-01 6.635526567697525024e-02 1.629992872476577759e-01
2.131162732839584351e-01 6.691937148571014404e-02 1.657630354166030884e-01
2.098613083362579346e-01 6.650638580322265625e-02 1.633419990539550781e-01
2.236493527889251709e-01 6.804664433002471924e-02 1.728989183902740479e-01
2.143923789262771606e-01 6.696858257055282593e-02 1.664963811635971069e-01
2.062304168939590454e-01 6.617235392332077026e-02 1.608548462390899658e-01
2.150619626045227051e-01 6.718570739030838013e-02 1.669735163450241089e-01
2.220538109540939331e-01 6.807082891464233398e-02 1.718199402093887329e-01
2.252044081687927246e-01 6.844159960746765137e-02 1.741555482149124146e-01
2.190674543380737305e-01 6.765055656433105469e-02 1.699479371309280396e-01
2.276602536439895630e-01 6.851508468389511108e-02 1.759784966707229614e-01
2.290697395801544189e-01 6.853328645229339600e-02 1.768755465745925903e-01
1.901602149009704590e-01 6.378351897001266479e-02 1.497793048620223999e-01
1.687408983707427979e-01 6.109558790922164917e-02 1.344044655561447144e-01
1.760129034519195557e-01 6.198039278388023376e-02 1.394497901201248169e-01
1.798446625471115112e-01 6.272841989994049072e-02 1.420760005712509155e-01
1.791743338108062744e-01 6.291061639785766602e-02 1.416333466768264771e-01
1.800932288169860840e-01 6.312090158462524414e-02 1.422714889049530029e-01
1.788482367992401123e-01 6.276337057352066040e-02 1.412796825170516968e-01
1.787817478179931641e-01 6.265599280595779419e-02 1.412315666675567627e-01
1.867228746414184570e-01 6.369803100824356079e-02 1.467207968235015869e-01
1.910200119018554688e-01 6.427723169326782227e-02 1.497236788272857666e-01
1.946420967578887939e-01 6.462111324071884155e-02 1.522795706987380981e-01
2.012724876403808594e-01 6.540977209806442261e-02 1.569734215736389160e-01
2.080105096101760864e-01 6.625220179557800293e-02 1.616891324520111084e-01
2.161304205656051636e-01 6.714976578950881958e-02 1.673744618892669678e-01
2.210332751274108887e-01 6.772792339324951172e-02 1.708608716726303101e-01
2.248891443014144897e-01 6.835890561342239380e-02 1.735348105430603027e-01
2.256703525781631470e-01 6.880118697881698608e-02 1.739984005689620972e-01
2.277419418096542358e-01 6.873377412557601929e-02 1.755028665065765381e-01
2.290338575839996338e-01 6.876055896282196045e-02 1.765553057193756104e-01
2.322305142879486084e-01 6.919016689062118530e-02 1.788351982831954956e-01
2.356006205081939697e-01 6.954761594533920288e-02 1.811640262603759766e-01
2.331842631101608276e-01 6.924360990524291992e-02 1.794095635414123535e-01
2.342011630535125732e-01 6.949894130229949951e-02 1.801425367593765259e-01
2.315249443054199219e-01 6.926144659519195557e-02 1.782609373331069946e-01
2.331516146659851074e-01 6.941261887550354004e-02 1.792856603860855103e-01
2.546041309833526611e-01 7.171213626861572266e-02 1.939773708581924438e-01
2.482689619064331055e-01 7.094424217939376831e-02 1.897652894258499146e-01
2.445740252733230591e-01 7.063423842191696167e-02 1.873557418584823608e-01
2.508948743343353271e-01 7.127427309751510620e-02 1.917129307985305786e-01
2.528365850448608398e-01 7.167796045541763306e-02 1.930488049983978271e-01
2.752465903759002686e-01 7.394742220640182495e-02 2.082108706235885620e-01
2.907270193099975586e-01 7.562176138162612915e-02 2.186394333839416504e-01
3.372354507446289062e-01 7.969567924737930298e-02 2.483381032943725586e-01
3.454583585262298584e-01 8.042226731777191162e-02 2.535571455955505371e-01
3.237051963806152344e-01 7.829632610082626343e-02 2.396851927042007446e-01
3.060995638370513916e-01 7.700511068105697632e-02 2.287660986185073853e-01
2.766430377960205078e-01 7.459227740764617920e-02 2.099447101354598999e-01
2.737448811531066895e-01 7.423942536115646362e-02 2.079788893461227417e-01
2.721190452575683594e-01 7.366365939378738403e-02 2.067124098539352417e-01
2.584997415542602539e-01 7.219330221414566040e-02 1.973142623901367188e-01
2.534226775169372559e-01 7.173055410385131836e-02 1.937741041183471680e-01
2.595900297164916992e-01 7.232879102230072021e-02 1.979750543832778931e-01
2.563178241252899170e-01 7.210817188024520874e-02 1.957644671201705933e-01
2.477368265390396118e-01 7.117819041013717651e-02 1.897598803043365479e-01
2.500084638595581055e-01 7.125115394592285156e-02 1.911066621541976929e-01
2.557090818881988525e-01 7.166203856468200684e-02 1.948664784431457520e-01
2.751074433326721191e-01 7.369025796651840210e-02 2.079339921474456787e-01
2.668917179107666016e-01 7.289779931306838989e-02 2.021676599979400635e-01
2.471589893102645874e-01 7.071743160486221313e-02 1.888461261987686157e-01
2.306459248065948486e-01 6.896045058965682983e-02 1.776336580514907837e-01
2.209485173225402832e-01 6.789994984865188599e-02 1.709843277931213379e-01
2.144172936677932739e-01 6.717917323112487793e-02 1.664415746927261353e-01
2.153067439794540405e-01 6.729368120431900024e-02 1.670259386301040649e-01
2.146283835172653198e-01 6.716449558734893799e-02 1.666464805603027344e-01
2.138754576444625854e-01 6.720854341983795166e-02 1.661118268966674805e-01
2.051923274993896484e-01 6.615975499153137207e-02 1.600153297185897827e-01
1.894681304693222046e-01 6.454194337129592896e-02 1.492182463407516479e-01
1.802655458450317383e-01 6.326045840978622437e-02 1.425916254520416260e-01
1.701778620481491089e-01 6.199540942907333374e-02 1.354563534259796143e-01
1.539823114871978760e-01 5.987246707081794739e-02 1.240109801292419434e-01
1.425778567790985107e-01 5.790715664625167847e-02 1.157961934804916382e-01
1.486423909664154053e-01 5.874462425708770752e-02 1.200742572546005249e-01
1.427010297775268555e-01 5.802626162767410278e-02 1.158518195152282715e-01
1.372001469135284424e-01 5.718128383159637451e-02 1.118908971548080444e-01
1.352894157171249390e-01 5.683072283864021301e-02 1.105135902762413025e-01
1.273954212665557861e-01 5.571623146533966064e-02 1.049150601029396057e-01
1.275083422660827637e-01 5.574365332722663879e-02 1.050230488181114197e-01
1.263525485992431641e-01 5.564782395958900452e-02 1.041610985994338989e-01
1.258969902992248535e-01 5.535450950264930725e-02 1.038683503866195679e-01
1.205710619688034058e-01 5.468979477882385254e-02 1.000119671225547791e-01
1.192606687545776367e-01 5.466929450631141663e-02 9.903251379728317261e-02
1.167966648936271667e-01 5.431310459971427917e-02 9.724124521017074585e-02
1.253755688667297363e-01 5.533713474869728088e-02 1.034458577632904053e-01
1.315727233886718750e-01 5.619987100362777710e-02 1.079194545745849609e-01
1.241612732410430908e-01 5.531192570924758911e-02 1.025930941104888916e-01
1.213026866316795349e-01 5.490800738334655762e-02 1.005447134375572205e-01
1.150213927030563354e-01 5.397478863596916199e-02 9.593102335929870605e-02
1.036409512162208557e-01 5.243085324764251709e-02 8.765840530395507812e-02
1.086305677890777588e-01 5.332664027810096741e-02 9.129943698644638062e-02
1.098101809620857239e-01 5.362445488572120667e-02 9.229705482721328735e-02
1.107024699449539185e-01 5.371327698230743408e-02 9.294090420007705688e-02
1.105282530188560486e-01 5.369285494089126587e-02 9.285448491573333740e-02
1.089977696537971497e-01 5.344201251864433289e-02 9.169511497020721436e-02
1.038344651460647583e-01 5.265278741717338562e-02 8.797176182270050049e-02
1.041269376873970032e-01 5.267301201820373535e-02 8.811884373426437378e-02
1.122459098696708679e-01 5.371112748980522156e-02 9.398426860570907593e-02
1.139822900295257568e-01 5.394754186272621155e-02 9.519927948713302612e-02
1.117049753665924072e-01 5.355172976851463318e-02 9.350682049989700317e-02
1.096097752451896667e-01 5.324414372444152832e-02 9.206561744213104248e-02
1.192058250308036804e-01 5.467456951737403870e-02 9.890751540660858154e-02
1.215282976627349854e-01 5.497867241501808167e-02 1.005738377571105957e-01
1.278382241725921631e-01 5.597211420536041260e-02 1.052328124642372131e-01
1.271080821752548218e-01 5.596166476607322693e-02 1.047749668359756470e-01
1.542084068059921265e-01 5.936739966273307800e-02 1.241850927472114563e-01
1.582386195659637451e-01 5.994639173150062561e-02 1.270629018545150757e-01
1.710264235734939575e-01 6.181967258453369141e-02 1.362200081348419189e-01
1.795087456703186035e-01 6.275472790002822876e-02 1.421077251434326172e-01
1.843686699867248535e-01 6.378773599863052368e-02 1.456890553236007690e-01
1.943844258785247803e-01 6.468240171670913696e-02 1.525166928768157959e-01
2.091055810451507568e-01 6.649142503738403320e-02 1.624312698841094971e-01
2.253913879394531250e-01 6.844507902860641479e-02 1.736305058002471924e-01
2.202763706445693970e-01 6.786596775054931641e-02 1.700243651866912842e-01
2.428988963365554810e-01 7.063675671815872192e-02 1.854951977729797363e-01
2.453339248895645142e-01 7.109727710485458374e-02 1.870662868022918701e-01
2.839831411838531494e-01 7.565207034349441528e-02 2.134525477886199951e-01
2.595936655998229980e-01 7.249503582715988159e-02 1.969519555568695068e-01
2.729258239269256592e-01 7.421495765447616577e-02 2.062644213438034058e-01
2.619678378105163574e-01 7.256150990724563599e-02 1.988129317760467529e-01
2.640480399131774902e-01 7.300880551338195801e-02 2.003457993268966675e-01
2.683501839637756348e-01 7.324314862489700317e-02 2.031630426645278931e-01
2.771326899528503418e-01 7.450433820486068726e-02 2.092676460742950439e-01
2.806588113307952881e-01 7.477542012929916382e-02 2.117609232664108276e-01
2.738929092884063721e-01 7.430075109004974365e-02 2.071049213409423828e-01
2.685328125953674316e-01 7.372972369194030762e-02 2.033672183752059937e-01
2.453740835189819336e-01 7.101259380578994751e-02 1.877880543470382690e-01
2.405293881893157959e-01 7.064841687679290771e-02 1.847244799137115479e-01
2.565757036209106445e-01 7.212709635496139526e-02 1.953767836093902588e-01
2.490717768669128418e-01 7.133048772811889648e-02 1.904097944498062134e-01
2.297132611274719238e-01 6.916155666112899780e-02 1.771003007888793945e-01
2.149555832147598267e-01 6.765883415937423706e-02 1.667625904083251953e-01
2.032302618026733398e-01 6.620372831821441650e-02 1.587143987417221069e-01
1.916094422340393066e-01 6.445049494504928589e-02 1.505868434906005859e-01
1.707578748464584351e-01 6.183500960469245911e-02 1.356652081012725830e-01
1.710879355669021606e-01 6.170606985688209534e-02 1.359470933675765991e-01
1.852579265832901001e-01 6.355059146881103516e-02 1.460289806127548218e-01
1.792353540658950806e-01 6.263415515422821045e-02 1.419098377227783203e-01
1.637947112321853638e-01 6.062690541148185730e-02 1.308925896883010864e-01
1.660343855619430542e-01 6.083720549941062927e-02 1.324579566717147827e-01
1.731608062982559204e-01 6.176192313432693481e-02 1.374751478433609009e-01
1.742072850465774536e-01 6.192486360669136047e-02 1.381580084562301636e-01
1.811172366142272949e-01 6.290462613105773926e-02 1.431456208229064941e-01
1.884939968585968018e-01 6.404589861631393433e-02 1.482642292976379395e-01
1.896681636571884155e-01 6.422217935323715210e-02 1.490836143493652344e-01
1.756741255521774292e-01 6.256803870201110840e-02 1.392104029655456543e-01
1.847617626190185547e-01 6.350915133953094482e-02 1.455580741167068481e-01
1.818777322769165039e-01 6.301347166299819946e-02 1.435355097055435181e-01
1.778358668088912964e-01 6.245225667953491211e-02 1.407084912061691284e-01
1.843252629041671753e-01 6.351902335882186890e-02 1.452594250440597534e-01
1.937792748212814331e-01 6.475719064474105835e-02 1.520048379898071289e-01
1.833591461181640625e-01 6.334415078163146973e-02 1.446862220764160156e-01
1.802528798580169678e-01 6.283124536275863647e-02 1.425286084413528442e-01
1.753560006618499756e-01 6.232302635908126831e-02 1.390224993228912354e-01
1.661759465932846069e-01 6.113223358988761902e-02 1.324761360883712769e-01
1.755313575267791748e-01 6.239007785916328430e-02 1.389625072479248047e-01
1.909753382205963135e-01 6.454084813594818115e-02 1.498704850673675537e-01
2.010552883148193359e-01 6.548041850328445435e-02 1.569547951221466064e-01
2.099085748195648193e-01 6.685402989387512207e-02 1.632071435451507568e-01
2.115081399679183960e-01 6.687097996473312378e-02 1.644198000431060791e-01
2.051342725753784180e-01 6.610619276762008667e-02 1.598837971687316895e-01
2.207449972629547119e-01 6.804028898477554321e-02 1.707940399646759033e-01
2.125145643949508667e-01 6.704702973365783691e-02 1.649782955646514893e-01
2.038710564374923706e-01 6.600334495306015015e-02 1.589311361312866211e-01
1.935982406139373779e-01 6.473170965909957886e-02 1.517386436462402344e-01
1.925469338893890381e-01 6.463830173015594482e-02 1.510608643293380737e-01
1.765639483928680420e-01 6.269125640392303467e-02 1.397798955440521240e-01
1.684763729572296143e-01 6.153922900557518005e-02 1.340150833129882812e-01
1.628207266330718994e-01 6.049030274152755737e-02 1.300664693117141724e-01
1.546209007501602173e-01 5.952164158225059509e-02 1.241423934698104858e-01
1.630771011114120483e-01 6.071856990456581116e-02 1.302148103713989258e-01
1.580821275711059570e-01 5.987396091222763062e-02 1.267022639513015747e-01
1.622522473335266113e-01 6.045923382043838501e-02 1.294366419315338135e-01
1.676473468542098999e-01 6.116939336061477661e-02 1.334304362535476685e-01
1.716218143701553345e-01 6.177950277924537659e-02 1.361203491687774658e-01
2.013544291257858276e-01 6.546282768249511719e-02 1.569957733154296875e-01
2.133526504039764404e-01 6.713893264532089233e-02 1.654326319694519043e-01
2.231582552194595337e-01 6.822030991315841675e-02 1.724102944135665894e-01
2.164322584867477417e-01 6.749806553125381470e-02 1.678471118211746216e-01
2.081442177295684814e-01 6.633123755455017090e-02 1.618308573961257935e-01
2.043440043926239014e-01 6.631823629140853882e-02 1.590923517942428589e-01
2.027032375335693359e-01 6.597385555505752563e-02 1.579079031944274902e-01
1.965518444776535034e-01 6.520228087902069092e-02 1.535398364067077637e-01
2.082166224718093872e-01 6.654575467109680176e-02 1.618131548166275024e-01
2.237779945135116577e-01 6.859509646892547607e-02 1.727560311555862427e-01
2.218430936336517334e-01 6.852378696203231812e-02 1.714870929718017578e-01
2.229199409484863281e-01 6.858899444341659546e-02 1.722664237022399902e-01
2.071596235036849976e-01 6.651121377944946289e-02 1.611317396163940430e-01
2.105154246091842651e-01 6.713717430830001831e-02 1.634430289268493652e-01
1.922067850828170776e-01 6.485851854085922241e-02 1.506146043539047241e-01
1.735926568508148193e-01 6.224387511610984802e-02 1.375741362571716309e-01
1.658103913068771362e-01 6.119335815310478210e-02 1.319570541381835938e-01
1.827229261398315430e-01 6.364195048809051514e-02 1.440204381942749023e-01
1.867682039737701416e-01 6.404189020395278931e-02 1.468524485826492310e-01
1.906126141548156738e-01 6.453556567430496216e-02 1.495672911405563354e-01
1.829649060964584351e-01 6.345244497060775757e-02 1.443115919828414917e-01
1.955910027027130127e-01 6.520317494869232178e-02 1.533041894435882568e-01
1.877147406339645386e-01 6.387422233819961548e-02 1.477795839309692383e-01
1.831253021955490112e-01 6.355608999729156494e-02 1.443465650081634521e-01
1.974048763513565063e-01 6.552726030349731445e-02 1.543982923030853271e-01
1.863772869110107422e-01 6.391300261020660400e-02 1.467219740152359009e-01
1.696358174085617065e-01 6.171021610498428345e-02 1.347764730453491211e-01
1.761677712202072144e-01 6.276051700115203857e-02 1.393655389547348022e-01
1.500526219606399536e-01 5.909255519509315491e-02 1.209103763103485107e-01
1.444659084081649780e-01 5.813873559236526489e-02 1.169440522789955139e-01
1.603452563285827637e-01 6.039235740900039673e-02 1.281724721193313599e-01
1.927068531513214111e-01 6.467837095260620117e-02 1.509735435247421265e-01
1.826819628477096558e-01 6.339458376169204712e-02 1.439574360847473145e-01
1.862287074327468872e-01 6.395714730024337769e-02 1.466706544160842896e-01
1.632328927516937256e-01 6.071830540895462036e-02 1.304010003805160522e-01
1.671915799379348755e-01 6.147867068648338318e-02 1.331253349781036377e-01
1.692974567413330078e-01 6.135061383247375488e-02 1.346827298402786255e-01
1.808182895183563232e-01 6.302424520254135132e-02 1.426152139902114868e-01
1.694932729005813599e-01 6.164157763123512268e-02 1.345922350883483887e-01
1.724095791578292847e-01 6.219309940934181213e-02 1.367202848196029663e-01
1.848810166120529175e-01 6.383944302797317505e-02 1.454889625310897827e-01
1.755949407815933228e-01 6.246769800782203674e-02 1.390116512775421143e-01
1.687177866697311401e-01 6.155598908662796021e-02 1.341574490070343018e-01
1.507286578416824341e-01 5.912677571177482605e-02 1.213754564523696899e-01
1.451414823532104492e-01 5.806936323642730713e-02 1.173048391938209534e-01
1.456709802150726318e-01 5.829445272684097290e-02 1.178363859653472900e-01
1.579145491123199463e-01 6.025089696049690247e-02 1.265524327754974365e-01
1.631799191236495972e-01 6.090085953474044800e-02 1.301763206720352173e-01
1.642193049192428589e-01 6.107066199183464050e-02 1.310788989067077637e-01
1.629245281219482422e-01 6.108181923627853394e-02 1.301212310791015625e-01
1.466301232576370239e-01 5.861873179674148560e-02 1.184596568346023560e-01
1.363186687231063843e-01 5.715871229767799377e-02 1.111628785729408264e-01
1.397224366664886475e-01 5.762879550457000732e-02 1.136665716767311096e-01
1.509282737970352173e-01 5.916876345872879028e-02 1.217067688703536987e-01
1.680197268724441528e-01 6.152250617742538452e-02 1.336840093135833740e-01
1.900821179151535034e-01 6.436850875616073608e-02 1.492406129837036133e-01
1.756779253482818604e-01 6.219344213604927063e-02 1.391601860523223877e-01
1.810465753078460693e-01 6.300804018974304199e-02 1.430057138204574585e-01
2.014837414026260376e-01 6.578978896141052246e-02 1.573030501604080200e-01
2.040083706378936768e-01 6.596381217241287231e-02 1.591681987047195435e-01
1.991421729326248169e-01 6.540044397115707397e-02 1.556068956851959229e-01
2.056413590908050537e-01 6.636168062686920166e-02 1.602016538381576538e-01
1.810617446899414062e-01 6.304718554019927979e-02 1.428768932819366455e-01
1.734994649887084961e-01 6.228605285286903381e-02 1.376088410615921021e-01
1.711860299110412598e-01 6.171923503279685974e-02 1.361710876226425171e-01
1.566757112741470337e-01 5.952534079551696777e-02 1.258485168218612671e-01
1.512861698865890503e-01 5.894437059760093689e-02 1.220394894480705261e-01
1.569853574037551880e-01 5.974142253398895264e-02 1.259834617376327515e-01
1.470202356576919556e-01 5.841011554002761841e-02 1.189425364136695862e-01
1.797473579645156860e-01 6.277395784854888916e-02 1.420259922742843628e-01
2.085524797439575195e-01 6.641814857721328735e-02 1.623166799545288086e-01
2.478731125593185425e-01 7.118120044469833374e-02 1.895105838775634766e-01
2.744741737842559814e-01 7.407619059085845947e-02 2.077097147703170776e-01
2.490715384483337402e-01 7.104033976793289185e-02 1.903242766857147217e-01
2.620159387588500977e-01 7.237202674150466919e-02 1.989837288856506348e-01
2.575717866420745850e-01 7.170175760984420776e-02 1.958391666412353516e-01
2.513034641742706299e-01 7.121191173791885376e-02 1.914611458778381348e-01
2.657258212566375732e-01 7.285062223672866821e-02 2.017022818326950073e-01
2.630368173122406006e-01 7.241932302713394165e-02 1.997770071029663086e-01
2.550324499607086182e-01 7.111828774213790894e-02 1.939966380596160889e-01
2.508699595928192139e-01 7.046601176261901855e-02 1.912633776664733887e-01
2.445342391729354858e-01 6.999055296182632446e-02 1.870015561580657959e-01
2.604229748249053955e-01 7.163971662521362305e-02 1.977577209472656250e-01
2.743022739887237549e-01 7.378806173801422119e-02 2.075059413909912109e-01
2.718763351440429688e-01 7.327444106340408325e-02 2.054846733808517456e-01
2.768875062465667725e-01 7.280066609382629395e-02 2.083051353693008423e-01
2.740502059459686279e-01 7.267551869153976440e-02 2.064787447452545166e-01
2.851607501506805420e-01 7.304507493972778320e-02 2.132229506969451904e-01
2.806062698364257812e-01 7.267405837774276733e-02 2.097356468439102173e-01
3.173444569110870361e-01 7.763192802667617798e-02 2.363422513008117676e-01
2.574272155761718750e-01 7.117105275392532349e-02 1.957562416791915894e-01
2.534288763999938965e-01 6.991350650787353516e-02 1.925597786903381348e-01
2.955720722675323486e-01 7.440593838691711426e-02 2.210673093795776367e-01
3.695266544818878174e-01 8.011379092931747437e-02 2.684918642044067383e-01
4.039195775985717773e-01 8.324224501848220825e-02 2.910405695438385010e-01
3.033666908740997314e-01 7.612118870019912720e-02 2.270179390907287598e-01
2.930153608322143555e-01 7.511951029300689697e-02 2.203336358070373535e-01
2.995345294475555420e-01 7.538573443889617920e-02 2.245033383369445801e-01
2.750467360019683838e-01 7.274803519248962402e-02 2.080217003822326660e-01
2.967695593833923340e-01 7.502034306526184082e-02 2.227460592985153198e-01
2.626695036888122559e-01 7.132948935031890869e-02 1.995220780372619629e-01
2.549160420894622803e-01 7.024505734443664551e-02 1.941919028759002686e-01
2.389270365238189697e-01 6.871974468231201172e-02 1.833627521991729736e-01
2.310662865638732910e-01 6.755433231592178345e-02 1.777144372463226318e-01
2.309637516736984253e-01 6.751017272472381592e-02 1.775722950696945190e-01
2.630030512809753418e-01 7.130350917577743530e-02 2.000825107097625732e-01
2.430648356676101685e-01 6.888316571712493896e-02 1.863001435995101929e-01
2.633855938911437988e-01 7.112333923578262329e-02 2.002940177917480469e-01
2.559431493282318115e-01 7.080241292715072632e-02 1.956259608268737793e-01
2.444342970848083496e-01 6.982230395078659058e-02 1.878926306962966919e-01
2.469049245119094849e-01 7.011797279119491577e-02 1.895760297775268555e-01
2.465758621692657471e-01 7.034503668546676636e-02 1.894222646951675415e-01
2.420905828475952148e-01 6.957842409610748291e-02 1.864093989133834839e-01
2.512220740318298340e-01 7.061816006898880005e-02 1.927215009927749634e-01
2.604410648345947266e-01 7.152026146650314331e-02 1.989728212356567383e-01
2.619723081588745117e-01 7.150962948799133301e-02 2.000351250171661377e-01
2.631932199001312256e-01 7.174460589885711670e-02 2.008235007524490356e-01
2.640460729598999023e-01 7.184720039367675781e-02 2.015016973018646240e-01
2.749989926815032959e-01 7.304836809635162354e-02 2.089409381151199341e-01
2.799323797225952148e-01 7.357959449291229248e-02 2.124782353639602661e-01
2.804578840732574463e-01 7.360281050205230713e-02 2.128273695707321167e-01
2.612680494785308838e-01 7.144649326801300049e-02 1.997027546167373657e-01
2.475021332502365112e-01 7.009135186672210693e-02 1.904257833957672119e-01
2.480187714099884033e-01 7.002002745866775513e-02 1.908456385135650635e-01
2.404046952724456787e-01 6.930818408727645874e-02 1.856785118579864502e-01
2.332909107208251953e-01 6.824883073568344116e-02 1.808893978595733643e-01
2.399470210075378418e-01 6.890680640935897827e-02 1.853196769952774048e-01
2.506161034107208252e-01 7.025037705898284912e-02 1.927031576633453369e-01
2.842060923576354980e-01 7.420724630355834961e-02 2.161202728748321533e-01
2.941093146800994873e-01 7.521986216306686401e-02 2.230971753597259521e-01
2.840977609157562256e-01 7.398699223995208740e-02 2.158769965171813965e-01
2.804842591285705566e-01 7.341735064983367920e-02 2.131551057100296021e-01
2.716350853443145752e-01 7.264280319213867188e-02 2.072551399469375610e-01
2.554089725017547607e-01 7.072066515684127808e-02 1.960383653640747070e-01
2.389670908451080322e-01 6.874577701091766357e-02 1.846503019332885742e-01
2.526148557662963867e-01 7.029918581247329712e-02 1.941518187522888184e-01
2.538674473762512207e-01 7.101216167211532593e-02 1.951766312122344971e-01
2.385736107826232910e-01 6.889565289020538330e-02 1.844954788684844971e-01
2.341810762882232666e-01 6.828365474939346313e-02 1.813958734273910522e-01
2.286379188299179077e-01 6.761424988508224487e-02 1.774940937757492065e-01
2.276729643344879150e-01 6.746207922697067261e-02 1.768188476562500000e-01
2.144575119018554688e-01 6.572657078504562378e-02 1.676010340452194214e-01
2.268016189336776733e-01 6.721107661724090576e-02 1.761751323938369751e-01
2.242275476455688477e-01 6.673498451709747314e-02 1.743337363004684448e-01
2.402135729789733887e-01 6.895253062248229980e-02 1.854860335588455200e-01
2.404218316078186035e-01 6.879344582557678223e-02 1.855281144380569458e-01
2.529022991657257080e-01 7.021021097898483276e-02 1.940877884626388550e-01
2.574534714221954346e-01 7.068543136119842529e-02 1.973468810319900513e-01
2.641097903251647949e-01 7.172872126102447510e-02 2.020260542631149292e-01
2.877970635890960693e-01 7.414873689413070679e-02 2.181873917579650879e-01
2.638068199157714844e-01 7.163086533546447754e-02 2.017596215009689331e-01
2.496144175529479980e-01 6.991253048181533813e-02 1.919680982828140259e-01
2.502288818359375000e-01 7.004930078983306885e-02 1.925182789564132690e-01
2.466921955347061157e-01 6.919451057910919189e-02 1.899640709161758423e-01
2.298865765333175659e-01 6.737250089645385742e-02 1.782448142766952515e-01
2.247696220874786377e-01 6.707422435283660889e-02 1.747391372919082642e-01
2.137411087751388550e-01 6.580315530300140381e-02 1.671831011772155762e-01
2.146587222814559937e-01 6.573414057493209839e-02 1.675706207752227783e-01
2.140421867370605469e-01 6.575606763362884521e-02 1.671759337186813354e-01
2.048843204975128174e-01 6.456454843282699585e-02 1.608712971210479736e-01
2.107854336500167847e-01 6.533859670162200928e-02 1.650388687849044800e-01
2.094165831804275513e-01 6.501685082912445068e-02 1.641016006469726562e-01
1.875611394643783569e-01 6.217972189188003540e-02 1.487643867731094360e-01
1.895554661750793457e-01 6.243127956986427307e-02 1.500205248594284058e-01
2.164910435676574707e-01 6.592305004596710205e-02 1.688540875911712646e-01
1.892237067222595215e-01 6.262502074241638184e-02 1.499404311180114746e-01
1.906085461378097534e-01 6.278130412101745605e-02 1.508759260177612305e-01
1.688514500856399536e-01 6.031131744384765625e-02 1.355621516704559326e-01
1.891111135482788086e-01 6.274305284023284912e-02 1.498553454875946045e-01
1.694131046533584595e-01 6.027888134121894836e-02 1.358837634325027466e-01
1.630861461162567139e-01 5.923458188772201538e-02 1.313391178846359253e-01
1.777303069829940796e-01 6.095934286713600159e-02 1.414862722158432007e-01
1.895398497581481934e-01 6.253636628389358521e-02 1.500861495733261108e-01
2.040047049522399902e-01 6.430999934673309326e-02 1.603061407804489136e-01
1.904212385416030884e-01 6.275755167007446289e-02 1.505740284919738770e-01
1.859232336282730103e-01 6.208744272589683533e-02 1.473390609025955200e-01
1.793119609355926514e-01 6.132323667407035828e-02 1.427424699068069458e-01
1.821332126855850220e-01 6.174337118864059448e-02 1.449174135923385620e-01
1.840349286794662476e-01 6.201636791229248047e-02 1.462302207946777344e-01
1.890481859445571899e-01 6.264161318540573120e-02 1.497781127691268921e-01
1.873999983072280884e-01 6.259327381849288940e-02 1.488434821367263794e-01
1.952726244926452637e-01 6.343432515859603882e-02 1.543740034103393555e-01
1.874503195285797119e-01 6.241311877965927124e-02 1.488382667303085327e-01
1.834315210580825806e-01 6.192971393465995789e-02 1.458851844072341919e-01
1.839177906513214111e-01 6.181584671139717102e-02 1.462472975254058838e-01
1.881917268037796021e-01 6.221162527799606323e-02 1.491482853889465332e-01
1.931795030832290649e-01 6.297603994607925415e-02 1.526060104370117188e-01
2.029340714216232300e-01 6.435952335596084595e-02 1.595546156167984009e-01
2.055261731147766113e-01 6.459233164787292480e-02 1.612954139709472656e-01
1.997374594211578369e-01 6.382133066654205322e-02 1.571372449398040771e-01
2.050783485174179077e-01 6.453198939561843872e-02 1.609026193618774414e-01
2.111437469720840454e-01 6.532178074121475220e-02 1.651285290718078613e-01
2.109621465206146240e-01 6.545577198266983032e-02 1.650867611169815063e-01
2.160286009311676025e-01 6.614825129508972168e-02 1.686810255050659180e-01
2.157299965620040894e-01 6.590902060270309448e-02 1.684084683656692505e-01
2.218066304922103882e-01 6.678252667188644409e-02 1.726249307394027710e-01
2.232972830533981323e-01 6.694824248552322388e-02 1.737145036458969116e-01
2.335610240697860718e-01 6.803728640079498291e-02 1.807478368282318115e-01
2.559765577316284180e-01 7.062312215566635132e-02 1.963616758584976196e-01
2.395788133144378662e-01 6.859382987022399902e-02 1.850266456604003906e-01
2.320146262645721436e-01 6.781601160764694214e-02 1.798172146081924438e-01
2.425881624221801758e-01 6.911177188158035278e-02 1.871374398469924927e-01
2.427388578653335571e-01 6.922262907028198242e-02 1.872942894697189331e-01
2.380400300025939941e-01 6.857843697071075439e-02 1.840253621339797974e-01
2.434571534395217896e-01 6.924460083246231079e-02 1.877979338169097900e-01
2.464205622673034668e-01 6.959347426891326904e-02 1.898333430290222168e-01
2.477735877037048340e-01 6.971436738967895508e-02 1.907216608524322510e-01
2.471416443586349487e-01 6.953062117099761963e-02 1.902248263359069824e-01
2.451693564653396606e-01 6.926447153091430664e-02 1.888271570205688477e-01
2.466979771852493286e-01 6.953100115060806274e-02 1.899063289165496826e-01
2.536495923995971680e-01 7.035043090581893921e-02 1.947115510702133179e-01
2.584258019924163818e-01 7.095447182655334473e-02 1.979939043521881104e-01
2.552138268947601318e-01 7.048797607421875000e-02 1.957365423440933228e-01
2.517282366752624512e-01 6.993568688631057739e-02 1.932706832885742188e-01
2.495058178901672363e-01 6.976363062858581543e-02 1.917473822832107544e-01
2.475984245538711548e-01 6.955993920564651489e-02 1.903913319110870361e-01
2.444722950458526611e-01 6.915671378374099731e-02 1.882066577672958374e-01
2.473313510417938232e-01 6.952084600925445557e-02 1.901625841856002808e-01
2.585971951484680176e-01 7.091673463582992554e-02 1.980146169662475586e-01
2.550387084484100342e-01 7.036456465721130371e-02 1.954719722270965576e-01
2.477162778377532959e-01 6.947703659534454346e-02 1.904136985540390015e-01
2.437902092933654785e-01 6.903584301471710205e-02 1.877341866493225098e-01
2.348648756742477417e-01 6.796085089445114136e-02 1.815718710422515869e-01
2.316529899835586548e-01 6.764017045497894287e-02 1.793141812086105347e-01
2.279627323150634766e-01 6.724568456411361694e-02 1.768458038568496704e-01
2.138044834136962891e-01 6.553953140974044800e-02 1.671085059642791748e-01
2.033834457397460938e-01 6.425122916698455811e-02 1.597020477056503296e-01
2.072440683841705322e-01 6.460203975439071655e-02 1.623358428478240967e-01
2.116794139146804810e-01 6.516250222921371460e-02 1.653204560279846191e-01
1.956916302442550659e-01 6.323309987783432007e-02 1.541170626878738403e-01
1.984389871358871460e-01 6.345564872026443481e-02 1.559289842844009399e-01
1.928298473358154297e-01 6.277394294738769531e-02 1.519373655319213867e-01
2.054865956306457520e-01 6.420500576496124268e-02 1.606247872114181519e-01
2.304594218730926514e-01 6.735266745090484619e-02 1.781530678272247314e-01
2.194315940141677856e-01 6.615456938743591309e-02 1.705903559923171997e-01
1.992247849702835083e-01 6.354293972253799438e-02 1.563652902841567993e-01
1.988142877817153931e-01 6.339427828788757324e-02 1.560183912515640259e-01
2.171687334775924683e-01 6.565462052822113037e-02 1.688943654298782349e-01
2.131885141134262085e-01 6.517292559146881104e-02 1.661275476217269897e-01
2.248036116361618042e-01 6.650246679782867432e-02 1.740884929895401001e-01
2.289980202913284302e-01 6.698021292686462402e-02 1.770510524511337280e-01
2.248111367225646973e-01 6.643217802047729492e-02 1.741027683019638062e-01
2.421293854713439941e-01 6.873488426208496094e-02 1.862559020519256592e-01
2.448251247406005859e-01 6.914193928241729736e-02 1.881517618894577026e-01
2.442754656076431274e-01 6.893179565668106079e-02 1.877873837947845459e-01
2.236130833625793457e-01 6.646132469177246094e-02 1.733364164829254150e-01
2.174582183361053467e-01 6.559792906045913696e-02 1.689872890710830688e-01
2.157210558652877808e-01 6.549804657697677612e-02 1.678217351436614990e-01
2.277404367923736572e-01 6.701264530420303345e-02 1.762392371892929077e-01
2.236676216125488281e-01 6.661613285541534424e-02 1.734248697757720947e-01
2.276711165904998779e-01 6.702429801225662231e-02 1.761963963508605957e-01
2.374781668186187744e-01 6.802497804164886475e-02 1.827931553125381470e-01
2.240592539310455322e-01 6.638810783624649048e-02 1.735874116420745850e-01
2.127756774425506592e-01 6.482279300689697266e-02 1.656243801116943359e-01
2.122562527656555176e-01 6.500487774610519409e-02 1.653982549905776978e-01
2.108149081468582153e-01 6.505769491195678711e-02 1.644047647714614868e-01
2.164678871631622314e-01 6.562531739473342896e-02 1.684070080518722534e-01
2.373437732458114624e-01 6.797362118959426880e-02 1.826979070901870728e-01
2.425234913825988770e-01 6.857623904943466187e-02 1.864985078573226929e-01
2.425673007965087891e-01 6.834281980991363525e-02 1.863512992858886719e-01
2.256851345300674438e-01 6.697705388069152832e-02 1.752380579710006714e-01
2.466451823711395264e-01 6.904713064432144165e-02 1.892450153827667236e-01
2.323106378316879272e-01 6.770343333482742310e-02 1.794378608465194702e-01
2.474423795938491821e-01 6.933184713125228882e-02 1.899881064891815186e-01
2.289251238107681274e-01 6.722947210073471069e-02 1.769349873065948486e-01
2.329216301441192627e-01 6.860631704330444336e-02 1.803556233644485474e-01
2.462594807147979736e-01 6.922661513090133667e-02 1.890164166688919067e-01
2.604377567768096924e-01 7.091360539197921753e-02 1.987758576869964600e-01
2.663961648941040039e-01 7.169166952371597290e-02 2.031648308038711548e-01
2.771728634834289551e-01 7.344095408916473389e-02 2.109872251749038696e-01
2.527452707290649414e-01 7.025939971208572388e-02 1.937096714973449707e-01
2.460800856351852417e-01 6.925054639577865601e-02 1.890636533498764038e-01
2.518527209758758545e-01 7.012627273797988892e-02 1.932000219821929932e-01
2.407788336277008057e-01 6.861343979835510254e-02 1.855539381504058838e-01
2.339012026786804199e-01 6.795690208673477173e-02 1.808691918849945068e-01
2.246437221765518188e-01 6.672349572181701660e-02 1.743380725383758545e-01
2.272582948207855225e-01 6.697375327348709106e-02 1.761907935142517090e-01
2.246034294366836548e-01 6.679050624370574951e-02 1.744108051061630249e-01
2.304603010416030884e-01 6.719479709863662720e-02 1.782511025667190552e-01
2.226133495569229126e-01 6.644967943429946899e-02 1.728998571634292603e-01
2.290577590465545654e-01 6.703618168830871582e-02 1.772259026765823364e-01
2.083405703306198120e-01 6.465272605419158936e-02 1.629579663276672363e-01
2.206326574087142944e-01 6.623590737581253052e-02 1.714553982019424438e-01
2.323843240737915039e-01 6.760786473751068115e-02 1.796760112047195435e-01
2.428948432207107544e-01 6.902498751878738403e-02 1.868881136178970337e-01
2.433620542287826538e-01 6.897460669279098511e-02 1.871510744094848633e-01
2.350494563579559326e-01 6.793364137411117554e-02 1.813847273588180542e-01
2.435757517814636230e-01 6.892297416925430298e-02 1.873174309730529785e-01
2.342855036258697510e-01 6.775046139955520630e-02 1.808464229106903076e-01
2.068435400724411011e-01 6.427367776632308960e-02 1.617912948131561279e-01
2.045047283172607422e-01 6.376039981842041016e-02 1.600688844919204712e-01
2.024817019701004028e-01 6.355864554643630981e-02 1.586242765188217163e-01
2.075989693403244019e-01 6.425168365240097046e-02 1.621655672788619995e-01
2.127752155065536499e-01 6.480158120393753052e-02 1.657614409923553467e-01
2.237698435783386230e-01 6.632675230503082275e-02 1.734310239553451538e-01
2.119996845722198486e-01 6.488891690969467163e-02 1.652659326791763306e-01
2.116229087114334106e-01 6.477249413728713989e-02 1.649001985788345337e-01
2.046947181224822998e-01 6.385316699743270874e-02 1.600490957498550415e-01
2.056798785924911499e-01 6.407976895570755005e-02 1.605272740125656128e-01
1.673813909292221069e-01 5.955382436513900757e-02 1.339118480682373047e-01
1.972964704036712646e-01 6.327538937330245972e-02 1.551516503095626831e-01
2.207038551568984985e-01 6.588276475667953491e-02 1.712609231472015381e-01
2.353429794311523438e-01 6.777899712324142456e-02 1.815196722745895386e-01
2.476296573877334595e-01 6.926310807466506958e-02 1.899602264165878296e-01
2.585573196411132812e-01 7.054954767227172852e-02 1.977352946996688843e-01
2.617568969726562500e-01 7.110053300857543945e-02 2.000695765018463135e-01
2.413030564785003662e-01 6.857873499393463135e-02 1.857885867357254028e-01
2.238986939191818237e-01 6.656494736671447754e-02 1.737842708826065063e-01
2.423981726169586182e-01 6.878908723592758179e-02 1.864928156137466431e-01
2.433777898550033569e-01 6.907047331333160400e-02 1.871945112943649292e-01
2.460586279630661011e-01 6.918871402740478516e-02 1.889410167932510376e-01
2.685021758079528809e-01 7.203268259763717651e-02 2.045245468616485596e-01
2.815065681934356689e-01 7.385107874870300293e-02 2.137268036603927612e-01
2.516681849956512451e-01 7.001174241304397583e-02 1.927869021892547607e-01
2.388333976268768311e-01 6.832285970449447632e-02 1.838331818580627441e-01
2.385722100734710693e-01 6.826431304216384888e-02 1.838083416223526001e-01
2.415344268083572388e-01 6.871099025011062622e-02 1.858954727649688721e-01
2.358001768589019775e-01 6.806558370590209961e-02 1.818316578865051270e-01
2.287288755178451538e-01 6.715545058250427246e-02 1.768964380025863647e-01
2.376487106084823608e-01 6.844770163297653198e-02 1.832665950059890747e-01
1.953455805778503418e-01 6.312783807516098022e-02 1.536542922258377075e-01
1.841981559991836548e-01 6.182288005948066711e-02 1.458262950181961060e-01
1.816361099481582642e-01 6.144721060991287231e-02 1.440993696451187134e-01
1.842858791351318359e-01 6.172985211014747620e-02 1.458799839019775391e-01
1.732077449560165405e-01 6.046962738037109375e-02 1.379220038652420044e-01
1.841150820255279541e-01 6.192269921302795410e-02 1.456571519374847412e-01
1.752627640962600708e-01 6.059961766004562378e-02 1.393278539180755615e-01
1.637340784072875977e-01 5.905742943286895752e-02 1.312198638916015625e-01
1.632077544927597046e-01 5.893832817673683167e-02 1.308022290468215942e-01
1.568252742290496826e-01 5.811553448438644409e-02 1.261847615242004395e-01
1.627826094627380371e-01 5.895243212580680847e-02 1.303875595331192017e-01
1.502565890550613403e-01 5.746724456548690796e-02 1.214395463466644287e-01
1.487185060977935791e-01 5.727864801883697510e-02 1.203340813517570496e-01
1.454781591892242432e-01 5.697499588131904602e-02 1.181012541055679321e-01
1.495042741298675537e-01 5.733532831072807312e-02 1.209734752774238586e-01
1.541043221950531006e-01 5.798587203025817871e-02 1.243591755628585815e-01
1.558900177478790283e-01 5.841216072440147400e-02 1.257749944925308228e-01
1.432537287473678589e-01 5.648939684033393860e-02 1.167133077979087830e-01
1.413832008838653564e-01 5.619562044739723206e-02 1.153790950775146484e-01
1.347808390855789185e-01 5.536879971623420715e-02 1.106357276439666748e-01
1.272817403078079224e-01 5.426634103059768677e-02 1.052497923374176025e-01
1.252030730247497559e-01 5.397590249776840210e-02 1.037916168570518494e-01
1.295000761747360229e-01 5.448800697922706604e-02 1.068497970700263977e-01
1.340604275465011597e-01 5.517311021685600281e-02 1.101475581526756287e-01
1.503946036100387573e-01 5.743440613150596619e-02 1.217503547668457031e-01
1.727247536182403564e-01 6.038109958171844482e-02 1.376691162586212158e-01
1.704382002353668213e-01 5.993757024407386780e-02 1.360457390546798706e-01
1.751567721366882324e-01 6.067889928817749023e-02 1.393460035324096680e-01
1.826888918876647949e-01 6.161079928278923035e-02 1.445944905281066895e-01
1.785117089748382568e-01 6.106074899435043335e-02 1.416321098804473877e-01
1.785459965467453003e-01 6.105275079607963562e-02 1.416686922311782837e-01
1.835667937994003296e-01 6.164868175983428955e-02 1.452495455741882324e-01
1.744807064533233643e-01 6.054919585585594177e-02 1.388500481843948364e-01
1.790761351585388184e-01 6.104443222284317017e-02 1.421449333429336548e-01
1.795886009931564331e-01 6.104231253266334534e-02 1.425198316574096680e-01
1.865223199129104614e-01 6.187697127461433411e-02 1.473870426416397095e-01
1.938146352767944336e-01 6.277788430452346802e-02 1.524754613637924194e-01
1.989131420850753784e-01 6.340450048446655273e-02 1.560847461223602295e-01
2.037709802389144897e-01 6.396914273500442505e-02 1.594153344631195068e-01
2.094479501247406006e-01 6.465675681829452515e-02 1.633347272872924805e-01
2.154097259044647217e-01 6.542614102363586426e-02 1.675017774105072021e-01
2.210257798433303833e-01 6.603165715932846069e-02 1.714133024215698242e-01
2.200281322002410889e-01 6.588204205036163330e-02 1.707581430673599243e-01
2.245000004768371582e-01 6.644302606582641602e-02 1.738528609275817871e-01
2.319318801164627075e-01 6.731902807950973511e-02 1.789568364620208740e-01
2.387078702449798584e-01 6.815392524003982544e-02 1.836019307374954224e-01
2.431959211826324463e-01 6.867351382970809937e-02 1.866885721683502197e-01
2.448876798152923584e-01 6.882637739181518555e-02 1.878475248813629150e-01
2.504000365734100342e-01 6.947053223848342896e-02 1.916023492813110352e-01
2.543434500694274902e-01 6.996056437492370605e-02 1.943070739507675171e-01
2.575930953025817871e-01 7.033701241016387939e-02 1.965270042419433594e-01
2.592492401599884033e-01 7.049191743135452271e-02 1.976607143878936768e-01
2.617758214473724365e-01 7.075563818216323853e-02 1.993710845708847046e-01
2.646133005619049072e-01 7.108416408300399780e-02 2.013026773929595947e-01
2.683589458465576172e-01 7.151626050472259521e-02 2.038470506668090820e-01
2.710767090320587158e-01 7.185697555541992188e-02 2.057079672813415527e-01
2.757613062858581543e-01 7.239884138107299805e-02 2.089030146598815918e-01
2.792418897151947021e-01 7.278893887996673584e-02 2.112707942724227905e-01
2.843246459960937500e-01 7.342451065778732300e-02 2.147944569587707520e-01
2.893817722797393799e-01 7.403106242418289185e-02 2.182922810316085815e-01
2.949986457824707031e-01 7.470101118087768555e-02 2.221744060516357422e-01
3.014864921569824219e-01 7.552886754274368286e-02 2.266886532306671143e-01
3.049863576889038086e-01 7.598196715116500854e-02 2.291258871555328369e-01
3.050758838653564453e-01 7.598579674959182739e-02 2.291765213012695312e-01
3.020900487899780273e-01 7.561269402503967285e-02 2.271183729171752930e-01
2.996544539928436279e-01 7.530792057514190674e-02 2.254383116960525513e-01
2.973042428493499756e-01 7.499808073043823242e-02 2.237916439771652222e-01
2.936912477016448975e-01 7.456810772418975830e-02 2.212902754545211792e-01
2.910253405570983887e-01 7.423408329486846924e-02 2.194364517927169800e-01
2.874059379100799561e-01 7.378524541854858398e-02 2.169255912303924561e-01
2.847304642200469971e-01 7.351165264844894409e-02 2.151080816984176636e-01
2.793903946876525879e-01 7.282345741987228394e-02 2.113817036151885986e-01
2.764177322387695312e-01 7.244109362363815308e-02 2.093347609043121338e-01
2.731064558029174805e-01 7.206746190786361694e-02 2.070801705121994019e-01
2.696568667888641357e-01 7.167366892099380493e-02 2.047370374202728271e-01
2.661083638668060303e-01 7.122687995433807373e-02 2.023160904645919800e-01
2.621639966964721680e-01 7.079264521598815918e-02 1.996340751647949219e-01
2.585405409336090088e-01 7.038883864879608154e-02 1.971591413021087646e-01
2.544257342815399170e-01 6.992072612047195435e-02 1.943397521972656250e-01
2.513095438480377197e-01 6.958124041557312012e-02 1.922147125005722046e-01
2.475258857011795044e-01 6.915358453989028931e-02 1.896367073059082031e-01
2.423906922340393066e-01 6.854823976755142212e-02 1.860995888710021973e-01
2.396106123924255371e-01 6.818257272243499756e-02 1.841839253902435303e-01
2.374636530876159668e-01 6.790673732757568359e-02 1.827182471752166748e-01
2.350535541772842407e-01 6.766168773174285889e-02 1.810749322175979614e-01
2.326452434062957764e-01 6.740643084049224854e-02 1.794162541627883911e-01
2.323200851678848267e-01 6.733324378728866577e-02 1.791540980339050293e-01
2.361325025558471680e-01 6.785786896944046021e-02 1.818084567785263062e-01
2.396389693021774292e-01 6.822292506694793701e-02 1.842119246721267700e-01
2.382297366857528687e-01 6.812347471714019775e-02 1.832530945539474487e-01
2.378104627132415771e-01 6.809169799089431763e-02 1.829815059900283813e-01
2.381843477487564087e-01 6.810595840215682983e-02 1.832075566053390503e-01
2.398858070373535156e-01 6.834512948989868164e-02 1.843420267105102539e-01
2.397236227989196777e-01 6.840781122446060181e-02 1.842690706253051758e-01
2.389593422412872314e-01 6.822907179594039917e-02 1.837464570999145508e-01
2.387619018554687500e-01 6.821218132972717285e-02 1.836225092411041260e-01
2.427854835987091064e-01 6.868533790111541748e-02 1.863854676485061646e-01
2.470369189977645874e-01 6.914445757865905762e-02 1.892661750316619873e-01
2.485458254814147949e-01 6.929048895835876465e-02 1.903079003095626831e-01
2.544757127761840820e-01 6.991404294967651367e-02 1.943533420562744141e-01
2.574658095836639404e-01 7.020550221204757690e-02 1.964045166969299316e-01
2.611937224864959717e-01 7.052969932556152344e-02 1.989192515611648560e-01
