2.056307047605514526e-01 6.631477922201156616e-02 1.601040214300155640e-01
1.904707103967666626e-01 6.426692754030227661e-02 1.497293859720230103e-01
1.961126923561096191e-01 6.482728570699691772e-02 1.536177992820739746e-01
1.881494373083114624e-01 6.392832845449447632e-02 1.479835957288742065e-01
1.887506544589996338e-01 6.437830626964569092e-02 1.482044309377670288e-01
1.772591173648834229e-01 6.309226900339126587e-02 1.403211802244186401e-01
1.614023000001907349e-01 6.083848327398300171e-02 1.293509155511856079e-01
1.645297259092330933e-01 6.115632504224777222e-02 1.314234137535095215e-01
1.652359813451766968e-01 6.114381924271583557e-02 1.319007873535156250e-01
1.662341654300689697e-01 6.121048331260681152e-02 1.324475556612014771e-01
1.694535166025161743e-01 6.181866303086280823e-02 1.345794200897216797e-01
1.769984364509582520e-01 6.244942173361778259e-02 1.398217529058456421e-01
1.829146891832351685e-01 6.323360651731491089e-02 1.441368758678436279e-01
1.878848373889923096e-01 6.441359221935272217e-02 1.478020399808883667e-01
1.750984042882919312e-01 6.288988143205642700e-02 1.389691233634948730e-01
1.768380552530288696e-01 6.310386210680007935e-02 1.396884620189666748e-01
2.277661710977554321e-01 7.012550532817840576e-02 1.746822297573089600e-01
2.247661650180816650e-01 6.959059834480285645e-02 1.727177649736404419e-01
2.255842536687850952e-01 6.961575150489807129e-02 1.732227206230163574e-01
2.706785202026367188e-01 7.536144554615020752e-02 2.058686763048171997e-01
2.625107169151306152e-01 7.397102564573287964e-02 1.996389925479888916e-01
2.359762191772460938e-01 7.054224610328674316e-02 1.813279390335083008e-01
2.524015009403228760e-01 7.340770959854125977e-02 1.931994259357452393e-01
2.435805797576904297e-01 7.209099829196929932e-02 1.868810951709747314e-01
2.508825659751892090e-01 7.276003062725067139e-02 1.916301548480987549e-01
2.509540915489196777e-01 7.263368368148803711e-02 1.917593330144882202e-01
2.712692022323608398e-01 7.498890906572341919e-02 2.054188549518585205e-01
2.673307359218597412e-01 7.456097751855850220e-02 2.029368281364440918e-01
2.682982683181762695e-01 7.472967356443405151e-02 2.036076188087463379e-01
2.588209509849548340e-01 7.299532741308212280e-02 1.971566975116729736e-01
2.519394755363464355e-01 7.216910272836685181e-02 1.924162358045578003e-01
2.443225681781768799e-01 7.117111980915069580e-02 1.872508376836776733e-01
2.396888732910156250e-01 7.045841962099075317e-02 1.840287446975708008e-01
2.527102530002593994e-01 7.210265100002288818e-02 1.928402930498123169e-01
2.512365281581878662e-01 7.221455872058868408e-02 1.919550895690917969e-01
2.564700543880462646e-01 7.355397939682006836e-02 1.958526223897933960e-01
2.467820197343826294e-01 7.229235768318176270e-02 1.892257779836654663e-01
2.308656275272369385e-01 7.005728781223297119e-02 1.781517118215560913e-01
2.238941192626953125e-01 6.933232396841049194e-02 1.734488159418106079e-01
2.052384465932846069e-01 6.659841537475585938e-02 1.602877378463745117e-01
2.016999870538711548e-01 6.601190567016601562e-02 1.577996313571929932e-01
1.909522116184234619e-01 6.467197835445404053e-02 1.503246575593948364e-01
1.839740872383117676e-01 6.361667811870574951e-02 1.454694569110870361e-01
1.793610304594039917e-01 6.286674737930297852e-02 1.422484666109085083e-01
1.848570555448532104e-01 6.366328895092010498e-02 1.461130678653717041e-01
1.763174384832382202e-01 6.265676766633987427e-02 1.401614993810653687e-01
1.952046155929565430e-01 6.506142020225524902e-02 1.533344388008117676e-01
1.789377629756927490e-01 6.307207792997360229e-02 1.420217305421829224e-01
1.942286193370819092e-01 6.506188958883285522e-02 1.527123004198074341e-01
1.977874636650085449e-01 6.559067219495773315e-02 1.552469581365585327e-01
2.033741474151611328e-01 6.669481843709945679e-02 1.593166440725326538e-01
2.065948694944381714e-01 6.706316024065017700e-02 1.616121530532836914e-01
2.055646777153015137e-01 6.703451275825500488e-02 1.608976125717163086e-01
2.114459723234176636e-01 6.816834956407546997e-02 1.650690436363220215e-01
2.159043103456497192e-01 6.871251016855239868e-02 1.681567728519439697e-01
2.115111798048019409e-01 6.811812520027160645e-02 1.650055944919586182e-01
2.089874446392059326e-01 6.755097210407257080e-02 1.632447838783264160e-01
1.996567547321319580e-01 6.616835296154022217e-02 1.566810160875320435e-01
1.997167468070983887e-01 6.634792685508728027e-02 1.568926274776458740e-01
2.115918993949890137e-01 6.775397062301635742e-02 1.651487946510314941e-01
2.233633995056152344e-01 6.930887699127197266e-02 1.733277291059494019e-01
2.335478067398071289e-01 7.104404270648956299e-02 1.804849505424499512e-01
2.399835437536239624e-01 7.191140949726104736e-02 1.848284602165222168e-01
2.384329885244369507e-01 7.143956422805786133e-02 1.837585270404815674e-01
2.224008440971374512e-01 6.928700208663940430e-02 1.725109815597534180e-01
2.200842797756195068e-01 6.852176040410995483e-02 1.708339154720306396e-01
2.023625969886779785e-01 6.635452806949615479e-02 1.585123389959335327e-01
1.890650093555450439e-01 6.446251273155212402e-02 1.490689516067504883e-01
2.013855129480361938e-01 6.628654152154922485e-02 1.577494591474533081e-01
2.050282508134841919e-01 6.697495281696319580e-02 1.603054702281951904e-01
1.934284716844558716e-01 6.514638662338256836e-02 1.519496738910675049e-01
2.103236168622970581e-01 6.733123213052749634e-02 1.640189439058303833e-01
2.126804292201995850e-01 6.814257055521011353e-02 1.657696366310119629e-01
1.933489590883255005e-01 6.536184996366500854e-02 1.521690338850021362e-01
2.080019712448120117e-01 6.793063133955001831e-02 1.629184931516647339e-01
2.260153293609619141e-01 7.023203372955322266e-02 1.755289584398269653e-01
2.186894416809082031e-01 6.942333281040191650e-02 1.703659594058990479e-01
2.058271467685699463e-01 6.755658239126205444e-02 1.613203883171081543e-01
2.155237644910812378e-01 6.842742860317230225e-02 1.679757982492446899e-01
2.025018185377120972e-01 6.641040742397308350e-02 1.586222052574157715e-01
2.089187055826187134e-01 6.747101247310638428e-02 1.632237434387207031e-01
2.150051891803741455e-01 6.824403256177902222e-02 1.672953963279724121e-01
2.199876457452774048e-01 6.887894123792648315e-02 1.706619560718536377e-01
2.129124552011489868e-01 6.818970292806625366e-02 1.659957468509674072e-01
2.189879566431045532e-01 6.891737133264541626e-02 1.703551858663558960e-01
2.139748781919479370e-01 6.857133656740188599e-02 1.669331938028335571e-01
2.044272720813751221e-01 6.693619489669799805e-02 1.601806282997131348e-01
2.127492278814315796e-01 6.782906502485275269e-02 1.656318306922912598e-01
1.969088464975357056e-01 6.578109413385391235e-02 1.544082015752792358e-01
1.999092102050781250e-01 6.615282595157623291e-02 1.564875096082687378e-01
1.836845129728317261e-01 6.391468644142150879e-02 1.449715644121170044e-01
1.727850288152694702e-01 6.235008686780929565e-02 1.371663063764572144e-01
2.060682922601699829e-01 6.719550490379333496e-02 1.610519438982009888e-01
2.146873921155929565e-01 6.823085993528366089e-02 1.671020984649658203e-01
1.994203478097915649e-01 6.638476252555847168e-02 1.564883142709732056e-01
2.065561860799789429e-01 6.674744188785552979e-02 1.610031425952911377e-01
1.708266586065292358e-01 6.205454468727111816e-02 1.360474079847335815e-01
1.779694706201553345e-01 6.298295408487319946e-02 1.411855518817901611e-01
1.914291530847549438e-01 6.509849429130554199e-02 1.509742438793182373e-01
2.226520180702209473e-01 6.907471269369125366e-02 1.725404709577560425e-01
2.500518560409545898e-01 7.387221604585647583e-02 1.917825937271118164e-01
1.987924128770828247e-01 6.418490409851074219e-02 1.553175151348114014e-01
8.665351569652557373e-02 4.803131148219108582e-02 7.410293817520141602e-02
1.272463351488113403e-01 5.509584024548530579e-02 1.038153767585754395e-01
9.501268714666366577e-02 4.931524023413658142e-02 8.036631345748901367e-02
4.919047355651855469e-01 9.182650595903396606e-02 3.472258448600769043e-01
2.236625105142593384e-01 6.968741118907928467e-02 1.737063527107238770e-01
2.628227472305297852e-01 7.426751405000686646e-02 2.006365656852722168e-01
2.624076902866363525e-01 7.411087304353713989e-02 2.001799046993255615e-01
2.369679361581802368e-01 7.171463966369628906e-02 1.829279363155364990e-01
2.271111309528350830e-01 7.027243077754974365e-02 1.760311573743820190e-01
2.686197459697723389e-01 7.588013261556625366e-02 2.048278301954269409e-01
2.684313356876373291e-01 7.599975913763046265e-02 2.046993076801300049e-01
2.690577208995819092e-01 7.559664547443389893e-02 2.051269561052322388e-01
2.653095424175262451e-01 7.464376091957092285e-02 2.022830545902252197e-01
2.537278831005096436e-01 7.348792999982833862e-02 1.943614631891250610e-01
2.610718309879302979e-01 7.480200380086898804e-02 1.995899975299835205e-01
2.559636533260345459e-01 7.389426976442337036e-02 1.961107850074768066e-01
2.247098833322525024e-01 6.971845775842666626e-02 1.742932945489883423e-01
2.312659770250320435e-01 7.066896557807922363e-02 1.789411902427673340e-01
2.049964517354965210e-01 6.717547029256820679e-02 1.606580764055252075e-01
2.121487557888031006e-01 6.823142617940902710e-02 1.658067554235458374e-01
2.160454988479614258e-01 6.893949955701828003e-02 1.686822921037673950e-01
2.340960055589675903e-01 7.108429074287414551e-02 1.809228807687759399e-01
2.210899144411087036e-01 6.964826583862304688e-02 1.719968318939208984e-01
2.235328406095504761e-01 6.972879916429519653e-02 1.735033541917800903e-01
2.206895798444747925e-01 6.944768875837326050e-02 1.715535223484039307e-01
2.409342527389526367e-01 7.198157906532287598e-02 1.857780069112777710e-01
2.489111125469207764e-01 7.320327311754226685e-02 1.911761164665222168e-01
2.704847753047943115e-01 7.625078409910202026e-02 2.061608582735061646e-01
2.665631771087646484e-01 7.513890415430068970e-02 2.031593024730682373e-01
2.734527587890625000e-01 7.619259506464004517e-02 2.079861462116241455e-01
2.607794106006622314e-01 7.453867048025131226e-02 1.993063092231750488e-01
2.556731700897216797e-01 7.394145429134368896e-02 1.957169026136398315e-01
2.491314858198165894e-01 7.287716865539550781e-02 1.912056952714920044e-01
2.488253563642501831e-01 7.259315997362136841e-02 1.908568888902664185e-01
2.660526633262634277e-01 7.469311356544494629e-02 2.026662081480026245e-01
2.667161524295806885e-01 7.469952851533889771e-02 2.029597163200378418e-01
2.523368597030639648e-01 7.293315976858139038e-02 1.932105571031570435e-01
2.568314373493194580e-01 7.385753840208053589e-02 1.965315490961074829e-01
2.610974013805389404e-01 7.390201091766357422e-02 1.989287883043289185e-01
2.536764740943908691e-01 7.302644103765487671e-02 1.941045969724655151e-01
2.697827517986297607e-01 7.553800940513610840e-02 2.054565697908401489e-01
2.730947434902191162e-01 7.596601545810699463e-02 2.077099829912185669e-01
2.323244810104370117e-01 7.034315913915634155e-02 1.794592440128326416e-01
2.413634061813354492e-01 7.151437550783157349e-02 1.854823231697082520e-01
2.406598627567291260e-01 7.150822877883911133e-02 1.851515173912048340e-01
2.298691123723983765e-01 7.035300880670547485e-02 1.779362708330154419e-01
2.167219668626785278e-01 6.849021464586257935e-02 1.686816364526748657e-01
2.252332419157028198e-01 6.982710957527160645e-02 1.747311651706695557e-01
2.303494065999984741e-01 7.033710181713104248e-02 1.781288236379623413e-01
2.362087219953536987e-01 7.101912051439285278e-02 1.822254657745361328e-01
2.224584519863128662e-01 6.920017302036285400e-02 1.727675050497055054e-01
2.317243665456771851e-01 7.038730382919311523e-02 1.790782660245895386e-01
2.528301179409027100e-01 7.310100644826889038e-02 1.935630738735198975e-01
2.565208673477172852e-01 7.336398959159851074e-02 1.959582418203353882e-01
2.348045259714126587e-01 7.066464424133300781e-02 1.811411380767822266e-01
2.352585494518280029e-01 7.105828076601028442e-02 1.816696673631668091e-01
2.493962943553924561e-01 7.324406504631042480e-02 1.917292773723602295e-01
2.810598909854888916e-01 7.650004327297210693e-02 2.130767107009887695e-01
2.611036300659179688e-01 7.419122010469436646e-02 1.993709802627563477e-01
2.737626135349273682e-01 7.522488385438919067e-02 2.076573073863983154e-01
2.725746929645538330e-01 7.532069087028503418e-02 2.069970518350601196e-01
2.553334236145019531e-01 7.299817353487014771e-02 1.951124370098114014e-01
2.701232135295867920e-01 7.510849833488464355e-02 2.052264809608459473e-01
2.653933465480804443e-01 7.459472119808197021e-02 2.021260410547256470e-01
2.481042444705963135e-01 7.229738682508468628e-02 1.902364790439605713e-01
2.746047377586364746e-01 7.590360194444656372e-02 2.086095213890075684e-01
2.717706859111785889e-01 7.514716684818267822e-02 2.064198106527328491e-01
2.847994267940521240e-01 7.642281055450439453e-02 2.151989787817001343e-01
2.423348873853683472e-01 7.112863659858703613e-02 1.858463436365127563e-01
2.448295503854751587e-01 7.132852822542190552e-02 1.875763386487960815e-01
2.451836764812469482e-01 7.144610583782196045e-02 1.878335177898406982e-01
2.678196132183074951e-01 7.445722818374633789e-02 2.035095691680908203e-01
2.733527123928070068e-01 7.509803026914596558e-02 2.073112875223159790e-01
2.597018778324127197e-01 7.348893582820892334e-02 1.981002688407897949e-01
2.503927648067474365e-01 7.214723527431488037e-02 1.914814114570617676e-01
2.559248208999633789e-01 7.277821749448776245e-02 1.952687948942184448e-01
2.608449161052703857e-01 7.342589646577835083e-02 1.987824440002441406e-01
2.468742728233337402e-01 7.180240750312805176e-02 1.891436725854873657e-01
2.548373937606811523e-01 7.292547076940536499e-02 1.947430372238159180e-01
2.822986245155334473e-01 7.658371329307556152e-02 2.136776447296142578e-01
3.180898129940032959e-01 8.111988008022308350e-02 2.383323013782501221e-01
3.080388307571411133e-01 7.937937974929809570e-02 2.310172319412231445e-01
3.160700500011444092e-01 8.068549633026123047e-02 2.369197905063629150e-01
3.030010759830474854e-01 7.932718098163604736e-02 2.282269895076751709e-01
2.801218628883361816e-01 7.638067007064819336e-02 2.123968452215194702e-01
2.605186104774475098e-01 7.351993024349212646e-02 1.988221555948257446e-01
2.805607318878173828e-01 7.617507129907608032e-02 2.126305103302001953e-01
2.727557122707366943e-01 7.506097108125686646e-02 2.071662247180938721e-01
2.910451889038085938e-01 7.735992223024368286e-02 2.196730375289916992e-01
2.738361954689025879e-01 7.507971674203872681e-02 2.078011035919189453e-01
2.775072753429412842e-01 7.570268213748931885e-02 2.103689461946487427e-01
2.711927294731140137e-01 7.448752969503402710e-02 2.058536261320114136e-01
2.794914245605468750e-01 7.533483207225799561e-02 2.113569378852844238e-01
2.756713032722473145e-01 7.492999732494354248e-02 2.088254541158676147e-01
2.645537853240966797e-01 7.387053221464157104e-02 2.012820392847061157e-01
2.432778477668762207e-01 7.083455473184585571e-02 1.864465624094009399e-01
2.602055370807647705e-01 7.322853058576583862e-02 1.982818841934204102e-01
2.689374089241027832e-01 7.429324090480804443e-02 2.042865902185440063e-01
3.178671300411224365e-01 8.022908121347427368e-02 2.377263754606246948e-01
3.093086183071136475e-01 7.899402827024459839e-02 2.317065447568893433e-01
3.148598968982696533e-01 8.013319969177246094e-02 2.359284758567810059e-01
3.358877599239349365e-01 8.255431801080703735e-02 2.499974668025970459e-01
3.319087922573089600e-01 8.183041214942932129e-02 2.474460005760192871e-01
3.339998722076416016e-01 8.215805888175964355e-02 2.486962080001831055e-01
3.202777206897735596e-01 8.037144690752029419e-02 2.394211590290069580e-01
3.618801534175872803e-01 8.519813418388366699e-02 2.674017548561096191e-01
3.359768986701965332e-01 8.255847543478012085e-02 2.499298453330993652e-01
3.186668157577514648e-01 8.025512844324111938e-02 2.382267415523529053e-01
3.203717768192291260e-01 8.021390438079833984e-02 2.394345402717590332e-01
3.225404024124145508e-01 8.034745603799819946e-02 2.407939583063125610e-01
3.361838161945343018e-01 8.206000179052352905e-02 2.500927448272705078e-01
3.574341237545013428e-01 8.471523225307464600e-02 2.647287845611572266e-01
3.343725800514221191e-01 8.230195939540863037e-02 2.493667751550674438e-01
2.501815259456634521e-01 7.127900421619415283e-02 1.910227388143539429e-01
2.439675927162170410e-01 6.987395882606506348e-02 1.863800436258316040e-01
2.951599657535552979e-01 7.628291845321655273e-02 2.214688509702682495e-01
4.041456878185272217e-01 8.782749623060226440e-02 2.926560640335083008e-01
4.103351831436157227e-01 8.933818340301513672e-02 2.975571453571319580e-01
3.878661692142486572e-01 8.718065917491912842e-02 2.833562195301055908e-01
3.542409837245941162e-01 8.390828967094421387e-02 2.615004479885101318e-01
3.120943605899810791e-01 7.905563712120056152e-02 2.330753356218338013e-01
2.767144143581390381e-01 7.452820241451263428e-02 2.088899314403533936e-01
3.099377751350402832e-01 7.880523800849914551e-02 2.319172173738479614e-01
3.254458606243133545e-01 8.060568571090698242e-02 2.422602474689483643e-01
3.304364383220672607e-01 8.121346682310104370e-02 2.454496622085571289e-01
3.334912359714508057e-01 8.172345161437988281e-02 2.476688027381896973e-01
3.147088885307312012e-01 7.934967428445816040e-02 2.350178211927413940e-01
3.283505439758300781e-01 8.102349936962127686e-02 2.443239241838455200e-01
3.226113617420196533e-01 8.021545410156250000e-02 2.404515445232391357e-01
3.254369497299194336e-01 8.041308820247650146e-02 2.420710176229476929e-01
3.342314064502716064e-01 8.158193528652191162e-02 2.480361461639404297e-01
3.369856476783752441e-01 8.181859552860260010e-02 2.496563792228698730e-01
3.287802040576934814e-01 8.106564730405807495e-02 2.446135282516479492e-01
3.252906203269958496e-01 8.097741007804870605e-02 2.423580586910247803e-01
3.260850310325622559e-01 8.077018707990646362e-02 2.428764253854751587e-01
3.229116499423980713e-01 7.996383309364318848e-02 2.405022084712982178e-01
3.052720725536346436e-01 7.824341952800750732e-02 2.287691831588745117e-01
2.915067672729492188e-01 7.651907205581665039e-02 2.193366438150405884e-01
2.917488813400268555e-01 7.633943855762481689e-02 2.193801105022430420e-01
3.010274469852447510e-01 7.723943144083023071e-02 2.255506813526153564e-01
3.283975422382354736e-01 8.104379475116729736e-02 2.443503290414810181e-01
3.426211178302764893e-01 8.254066854715347290e-02 2.535891830921173096e-01
3.759751319885253906e-01 8.659993857145309448e-02 2.759027481079101562e-01
3.603817224502563477e-01 8.407595008611679077e-02 2.648689746856689453e-01
3.403882682323455811e-01 8.278672397136688232e-02 2.525883316993713379e-01
3.399753868579864502e-01 8.237633854150772095e-02 2.521684467792510986e-01
3.326525688171386719e-01 8.086799830198287964e-02 2.470400482416152954e-01
3.363370597362518311e-01 8.143220841884613037e-02 2.492766827344894409e-01
3.506385684013366699e-01 8.342131227254867554e-02 2.592900097370147705e-01
3.435794413089752197e-01 8.261600136756896973e-02 2.548292577266693115e-01
3.341360390186309814e-01 8.130470663309097290e-02 2.481421530246734619e-01
3.626820743083953857e-01 8.424582332372665405e-02 2.668202817440032959e-01
3.627360463142395020e-01 8.458906412124633789e-02 2.675124704837799072e-01
3.460902869701385498e-01 8.269484341144561768e-02 2.563963532447814941e-01
3.344058096408843994e-01 8.128439635038375854e-02 2.483458817005157471e-01
3.549845814704895020e-01 8.360792696475982666e-02 2.620388865470886230e-01
3.439473509788513184e-01 8.254376798868179321e-02 2.545870542526245117e-01
3.505559563636779785e-01 8.344965428113937378e-02 2.595054209232330322e-01
3.479333817958831787e-01 8.309615403413772583e-02 2.577810585498809814e-01
3.294684886932373047e-01 8.080878108739852905e-02 2.450626790523529053e-01
3.370395004749298096e-01 8.148679882287979126e-02 2.500124573707580566e-01
3.506091237068176270e-01 8.314476907253265381e-02 2.592609524726867676e-01
3.358785212039947510e-01 8.143205195665359497e-02 2.493661791086196899e-01
3.419283032417297363e-01 8.221393078565597534e-02 2.534337341785430908e-01
3.438773155212402344e-01 8.240120112895965576e-02 2.545672059059143066e-01
3.438243269920349121e-01 8.258225023746490479e-02 2.546041905879974365e-01
3.401496112346649170e-01 8.234909176826477051e-02 2.524134218692779541e-01
3.406900465488433838e-01 8.217580616474151611e-02 2.528024315834045410e-01
3.366321325302124023e-01 8.166810125112533569e-02 2.499425113201141357e-01
3.479966521263122559e-01 8.305481821298599243e-02 2.575998604297637939e-01
3.368242383003234863e-01 8.161575347185134888e-02 2.500213980674743652e-01
3.440301418304443359e-01 8.262872695922851562e-02 2.549800872802734375e-01
3.423019051551818848e-01 8.246394991874694824e-02 2.539422810077667236e-01
3.475158214569091797e-01 8.309948444366455078e-02 2.575075328350067139e-01
3.415929675102233887e-01 8.234897255897521973e-02 2.532399296760559082e-01
3.452324271202087402e-01 8.281001448631286621e-02 2.557986676692962646e-01
3.333263099193572998e-01 8.147294819355010986e-02 2.478984594345092773e-01
3.299036026000976562e-01 8.101403713226318359e-02 2.455083131790161133e-01
3.386731743812561035e-01 8.197953552007675171e-02 2.513688504695892334e-01
3.444115817546844482e-01 8.247656375169754028e-02 2.551665008068084717e-01
3.367948234081268311e-01 8.190113306045532227e-02 2.501740753650665283e-01
3.343840241432189941e-01 8.160469681024551392e-02 2.485932260751724243e-01
3.458265066146850586e-01 8.289584517478942871e-02 2.562386989593505859e-01
3.547363877296447754e-01 8.388125151395797729e-02 2.622307538986206055e-01
3.525247573852539062e-01 8.362569659948348999e-02 2.607367932796478271e-01
3.572551906108856201e-01 8.431531488895416260e-02 2.641045749187469482e-01
3.470646440982818604e-01 8.314487338066101074e-02 2.572398781776428223e-01
3.517898917198181152e-01 8.365727961063385010e-02 2.604723870754241943e-01
3.476422429084777832e-01 8.307239413261413574e-02 2.575336694717407227e-01
3.527386188507080078e-01 8.370748907327651978e-02 2.609342932701110840e-01
3.493911623954772949e-01 8.330693840980529785e-02 2.587023377418518066e-01
3.507313728332519531e-01 8.354582637548446655e-02 2.596665620803833008e-01
3.513870537281036377e-01 8.353263139724731445e-02 2.598549127578735352e-01
3.576629459857940674e-01 8.437760174274444580e-02 2.640678882598876953e-01
3.516863286495208740e-01 8.366309106349945068e-02 2.602027356624603271e-01
3.354271650314331055e-01 8.155400305986404419e-02 2.491489201784133911e-01
3.429386913776397705e-01 8.260986208915710449e-02 2.544512450695037842e-01
3.515996634960174561e-01 8.345156162977218628e-02 2.601400613784790039e-01
3.433803021907806396e-01 8.279839903116226196e-02 2.545335590839385986e-01
3.436738252639770508e-01 8.282703161239624023e-02 2.547468841075897217e-01
3.547716736793518066e-01 8.397763967514038086e-02 2.623802125453948975e-01
3.632580637931823730e-01 8.500173687934875488e-02 2.681135535240173340e-01
3.405911028385162354e-01 8.221074193716049194e-02 2.527830004692077637e-01
3.427962958812713623e-01 8.255491405725479126e-02 2.543152272701263428e-01
3.377428650856018066e-01 8.184621483087539673e-02 2.507352232933044434e-01
3.445000350475311279e-01 8.267317712306976318e-02 2.551718950271606445e-01
3.459438681602478027e-01 8.296979218721389771e-02 2.564668953418731689e-01
3.431003987789154053e-01 8.267267793416976929e-02 2.544673085212707520e-01
3.374442160129547119e-01 8.208303898572921753e-02 2.506611049175262451e-01
3.446115553379058838e-01 8.292707055807113647e-02 2.553771734237670898e-01
3.467813432216644287e-01 8.321505784988403320e-02 2.569241225719451904e-01
3.402559161186218262e-01 8.240239322185516357e-02 2.525333762168884277e-01
3.388544023036956787e-01 8.228894323110580444e-02 2.517548501491546631e-01
3.463421761989593506e-01 8.309911191463470459e-02 2.566786110401153564e-01
3.495306968688964844e-01 8.365255594253540039e-02 2.587814033031463623e-01
3.419187664985656738e-01 8.279001712799072266e-02 2.536509633064270020e-01
3.395679295063018799e-01 8.243374526500701904e-02 2.521151602268218994e-01
3.488552570343017578e-01 8.336716145277023315e-02 2.583157718181610107e-01
3.537423610687255859e-01 8.393536508083343506e-02 2.616523802280426025e-01
3.544001281261444092e-01 8.406025916337966919e-02 2.620440125465393066e-01
3.451364040374755859e-01 8.295779675245285034e-02 2.557239234447479248e-01
3.573138415813446045e-01 8.432021737098693848e-02 2.640275955200195312e-01
3.568838536739349365e-01 8.428662270307540894e-02 2.637643814086914062e-01
3.477713167667388916e-01 8.301369845867156982e-02 2.575322389602661133e-01
3.521178960800170898e-01 8.365595340728759766e-02 2.605606615543365479e-01
3.539050221443176270e-01 8.396563678979873657e-02 2.616300582885742188e-01
3.401900827884674072e-01 8.232925087213516235e-02 2.523098587989807129e-01
3.541633486747741699e-01 8.398403227329254150e-02 2.618897557258605957e-01
3.621375262737274170e-01 8.489128947257995605e-02 2.674473822116851807e-01
3.461496829986572266e-01 8.289869874715805054e-02 2.565470933914184570e-01
3.462395370006561279e-01 8.301981538534164429e-02 2.566682100296020508e-01
3.353580534458160400e-01 8.178593218326568604e-02 2.491508126258850098e-01
3.490017354488372803e-01 8.352544903755187988e-02 2.583902180194854736e-01
3.510274589061737061e-01 8.353926241397857666e-02 2.596769034862518311e-01
3.582680523395538330e-01 8.436790853738784790e-02 2.646682560443878174e-01
3.426430523395538330e-01 8.250094205141067505e-02 2.540739774703979492e-01
3.628467619419097900e-01 8.495720475912094116e-02 2.678008675575256348e-01
3.480986952781677246e-01 8.305497467517852783e-02 2.575947344303131104e-01
3.463858664035797119e-01 8.286243677139282227e-02 2.564756572246551514e-01
3.352847695350646973e-01 8.157117664813995361e-02 2.490374147891998291e-01
3.476430177688598633e-01 8.310684561729431152e-02 2.575285434722900391e-01
3.462307751178741455e-01 8.302114158868789673e-02 2.563243806362152100e-01
3.540772497653961182e-01 8.385781198740005493e-02 2.617428600788116455e-01
3.612528145313262939e-01 8.458192646503448486e-02 2.665161788463592529e-01
3.448609411716461182e-01 8.279739320278167725e-02 2.556817233562469482e-01
3.399516344070434570e-01 8.221374452114105225e-02 2.523157298564910889e-01
3.519533276557922363e-01 8.360658586025238037e-02 2.602878808975219727e-01
3.399342596530914307e-01 8.224318176507949829e-02 2.521005570888519287e-01
3.555077314376831055e-01 8.402410894632339478e-02 2.626720666885375977e-01
3.444215357303619385e-01 8.265051990747451782e-02 2.549847960472106934e-01
3.539953827857971191e-01 8.385858684778213501e-02 2.613769471645355225e-01
3.434674143791198730e-01 8.268666267395019531e-02 2.545041739940643311e-01
3.515245914459228516e-01 8.364979922771453857e-02 2.601705193519592285e-01
3.394540250301361084e-01 8.209890127182006836e-02 2.518427371978759766e-01
3.400689661502838135e-01 8.220274001359939575e-02 2.522030472755432129e-01
3.464781343936920166e-01 8.284267783164978027e-02 2.564474642276763916e-01
3.466420173645019531e-01 8.316620439291000366e-02 2.567770183086395264e-01
3.418452143669128418e-01 8.251857757568359375e-02 2.534834742546081543e-01
3.428184092044830322e-01 8.243815600872039795e-02 2.540119886398315430e-01
3.378411829471588135e-01 8.201326429843902588e-02 2.507348656654357910e-01
3.342944085597991943e-01 8.167447149753570557e-02 2.484424561262130737e-01
3.449665904045104980e-01 8.291376382112503052e-02 2.556887269020080566e-01
3.346922099590301514e-01 8.160123974084854126e-02 2.486971914768218994e-01
3.529254794120788574e-01 8.376076817512512207e-02 2.609365582466125488e-01
3.525955379009246826e-01 8.374218642711639404e-02 2.607973814010620117e-01
3.359017372131347656e-01 8.171130716800689697e-02 2.495186030864715576e-01
3.403968214988708496e-01 8.229600638151168823e-02 2.525385320186614990e-01
3.437087833881378174e-01 8.270934224128723145e-02 2.548940777778625488e-01
3.513982295989990234e-01 8.350244909524917603e-02 2.598882317543029785e-01
3.523106276988983154e-01 8.354511857032775879e-02 2.604875266551971436e-01
3.575769066810607910e-01 8.431204408407211304e-02 2.642408013343811035e-01
3.471255600452423096e-01 8.314041793346405029e-02 2.570365071296691895e-01
3.557363450527191162e-01 8.419527858495712280e-02 2.630437910556793213e-01
3.382437229156494141e-01 8.208391070365905762e-02 2.510443031787872314e-01
3.298457562923431396e-01 8.099934458732604980e-02 2.452374845743179321e-01
3.375027775764465332e-01 8.202312886714935303e-02 2.504391074180603027e-01
3.468695878982543945e-01 8.311732113361358643e-02 2.568584382534027100e-01
3.473549783229827881e-01 8.314282447099685669e-02 2.572455406188964844e-01
3.449028134346008301e-01 8.295515179634094238e-02 2.555713653564453125e-01
3.478131294250488281e-01 8.321585506200790405e-02 2.576321661472320557e-01
3.415682315826416016e-01 8.248303830623626709e-02 2.532995045185089111e-01
3.520866334438323975e-01 8.386212587356567383e-02 2.605970501899719238e-01
3.370800614356994629e-01 8.189521729946136475e-02 2.502349019050598145e-01
3.386118412017822266e-01 8.227828890085220337e-02 2.513536512851715088e-01
3.317835927009582520e-01 8.152086287736892700e-02 2.466752380132675171e-01
3.400873243808746338e-01 8.231115341186523438e-02 2.523054480552673340e-01
3.442919552326202393e-01 8.285667747259140015e-02 2.552458643913269043e-01
3.418358862400054932e-01 8.273987472057342529e-02 2.536680102348327637e-01
3.436751663684844971e-01 8.287767320871353149e-02 2.548971474170684814e-01
3.405934572219848633e-01 8.240965008735656738e-02 2.526031732559204102e-01
3.415474593639373779e-01 8.277717232704162598e-02 2.532321214675903320e-01
3.392163813114166260e-01 8.234009146690368652e-02 2.517501711845397949e-01
3.390821218490600586e-01 8.221466839313507080e-02 2.517042458057403564e-01
3.289851546287536621e-01 8.117379248142242432e-02 2.447377145290374756e-01
3.457460403442382812e-01 8.307364583015441895e-02 2.559450864791870117e-01
3.441161513328552246e-01 8.294825255870819092e-02 2.548802793025970459e-01
3.387094438076019287e-01 8.248541504144668579e-02 2.515233159065246582e-01
3.424779474735260010e-01 8.293144404888153076e-02 2.541733980178833008e-01
3.337816596031188965e-01 8.165745437145233154e-02 2.481462508440017700e-01
3.451456427574157715e-01 8.295932412147521973e-02 2.557367682456970215e-01
3.394832611083984375e-01 8.227466791868209839e-02 2.517056167125701904e-01
3.409540653228759766e-01 8.259873092174530029e-02 2.528005838394165039e-01
3.446844816207885742e-01 8.307842165231704712e-02 2.554782032966613770e-01
3.486768603324890137e-01 8.342677354812622070e-02 2.580331265926361084e-01
3.469029963016510010e-01 8.323518186807632446e-02 2.568629682064056396e-01
3.416382372379302979e-01 8.265329897403717041e-02 2.533314824104309082e-01
3.593484461307525635e-01 8.464258909225463867e-02 2.654053866863250732e-01
3.495422303676605225e-01 8.340813964605331421e-02 2.587720751762390137e-01
3.389634788036346436e-01 8.230794221162796021e-02 2.514301538467407227e-01
3.487348854541778564e-01 8.332253992557525635e-02 2.579688131809234619e-01
3.566782176494598389e-01 8.428563922643661499e-02 2.634704709053039551e-01
3.518530428409576416e-01 8.371664583683013916e-02 2.603068649768829346e-01
3.504381179809570312e-01 8.348829299211502075e-02 2.593083381652832031e-01
3.461193144321441650e-01 8.303698897361755371e-02 2.563436925411224365e-01
3.387004435062408447e-01 8.227617293596267700e-02 2.513883113861083984e-01
3.381941616535186768e-01 8.229228109121322632e-02 2.511356174945831299e-01
3.368723094463348389e-01 8.203410357236862183e-02 2.501263320446014404e-01
3.415193855762481689e-01 8.266397565603256226e-02 2.530990242958068848e-01
3.556449413299560547e-01 8.425409346818923950e-02 2.627612650394439697e-01
3.407262265682220459e-01 8.240520209074020386e-02 2.527197301387786865e-01
3.433086574077606201e-01 8.281496912240982056e-02 2.546897828578948975e-01
3.449965715408325195e-01 8.296988159418106079e-02 2.557165622711181641e-01
3.424689471721649170e-01 8.259415626525878906e-02 2.538033723831176758e-01
3.466427028179168701e-01 8.317089825868606567e-02 2.566463649272918701e-01
3.397437632083892822e-01 8.227668702602386475e-02 2.519880533218383789e-01
3.386374413967132568e-01 8.192421495914459229e-02 2.511985301971435547e-01
3.441962003707885742e-01 8.277221769094467163e-02 2.550824284553527832e-01
3.377716839313507080e-01 8.204258978366851807e-02 2.506399750709533691e-01
2.973220646381378174e-01 7.699837535619735718e-02 2.231988012790679932e-01
3.198522925376892090e-01 7.979296147823333740e-02 2.385534942150115967e-01
3.185640573501586914e-01 7.994303852319717407e-02 2.376697510480880737e-01
3.167456388473510742e-01 7.948862761259078979e-02 2.361630648374557495e-01
3.068954050540924072e-01 7.835516333580017090e-02 2.295505404472351074e-01
3.054016232490539551e-01 7.847201824188232422e-02 2.289080470800399780e-01
3.089073598384857178e-01 7.878740131855010986e-02 2.312819957733154297e-01
3.237045109272003174e-01 8.067338913679122925e-02 2.411288768053054810e-01
3.053003251552581787e-01 7.855025678873062134e-02 2.286994606256484985e-01
3.398650288581848145e-01 8.253130316734313965e-02 2.522188425064086914e-01
3.546533286571502686e-01 8.424603193998336792e-02 2.620317935943603516e-01
3.369788825511932373e-01 8.181966841220855713e-02 2.499447464942932129e-01
3.448076844215393066e-01 8.292049169540405273e-02 2.554793655872344971e-01
3.506974875926971436e-01 8.378618210554122925e-02 2.596868574619293213e-01
3.556031882762908936e-01 8.413119614124298096e-02 2.626773118972778320e-01
3.383376896381378174e-01 8.211085945367813110e-02 2.511162757873535156e-01
3.588578999042510986e-01 8.465006202459335327e-02 2.651665508747100830e-01
3.441099822521209717e-01 8.293499797582626343e-02 2.551892399787902832e-01
3.732659518718719482e-01 8.581291139125823975e-02 2.744553685188293457e-01
3.565870225429534912e-01 8.411308377981185913e-02 2.633964419364929199e-01
3.849025964736938477e-01 8.733315020799636841e-02 2.825799286365509033e-01
3.803509473800659180e-01 8.705075085163116455e-02 2.797768414020538330e-01
3.820223212242126465e-01 8.713696151971817017e-02 2.807415425777435303e-01
3.811213672161102295e-01 8.699987083673477173e-02 2.800671160221099854e-01
3.538124263286590576e-01 8.402732759714126587e-02 2.616950571537017822e-01
3.442585170269012451e-01 8.280999958515167236e-02 2.553276419639587402e-01
3.684501349925994873e-01 8.532331883907318115e-02 2.714945673942565918e-01
3.756198287010192871e-01 8.582191914319992065e-02 2.760807275772094727e-01
3.773147165775299072e-01 8.617419749498367310e-02 2.773897945880889893e-01
3.839981257915496826e-01 8.698223531246185303e-02 2.819453179836273193e-01
4.003431797027587891e-01 8.922167867422103882e-02 2.933784425258636475e-01
4.095108807086944580e-01 9.008677303791046143e-02 2.991919815540313721e-01
4.023479819297790527e-01 8.927983045578002930e-02 2.941358089447021484e-01
4.133542776107788086e-01 9.093191474676132202e-02 3.022229373455047607e-01
3.972609341144561768e-01 8.886802941560745239e-02 2.908535897731781006e-01
3.723628520965576172e-01 8.632083982229232788e-02 2.743327915668487549e-01
3.841150701045989990e-01 8.743654191493988037e-02 2.819349467754364014e-01
3.815267682075500488e-01 8.723050355911254883e-02 2.803020775318145752e-01
4.166226387023925781e-01 9.092149138450622559e-02 3.037873804569244385e-01
4.074378609657287598e-01 9.012697637081146240e-02 2.978468537330627441e-01
4.114469885826110840e-01 9.058438986539840698e-02 3.004803955554962158e-01
3.941819071769714355e-01 8.861701190471649170e-02 2.888340055942535400e-01
3.862047791481018066e-01 8.766850084066390991e-02 2.833884656429290771e-01
3.672502338886260986e-01 8.561191707849502563e-02 2.706004381179809570e-01
3.809220194816589355e-01 8.683630079030990601e-02 2.796189785003662109e-01
3.786593079566955566e-01 8.671506494283676147e-02 2.780404984951019287e-01
4.171752631664276123e-01 9.025893360376358032e-02 3.029168248176574707e-01
3.830617666244506836e-01 8.718829602003097534e-02 2.811710834503173828e-01
3.095115125179290771e-01 7.947839051485061646e-02 2.325319200754165649e-01
3.080889880657196045e-01 7.904149591922760010e-02 2.312599867582321167e-01
3.685310482978820801e-01 8.541119843721389771e-02 2.711599469184875488e-01
4.030145704746246338e-01 8.840142190456390381e-02 2.932766973972320557e-01
3.798278868198394775e-01 8.659704774618148804e-02 2.787657976150512695e-01
3.632115125656127930e-01 8.522005379199981689e-02 2.679840028285980225e-01
3.469225168228149414e-01 8.355428278446197510e-02 2.572350800037384033e-01
3.879605233669281006e-01 8.776728808879852295e-02 2.844708561897277832e-01
3.718600869178771973e-01 8.599082380533218384e-02 2.735068798065185547e-01
3.696857988834381104e-01 8.599183708429336548e-02 2.722776532173156738e-01
3.421166837215423584e-01 8.296041935682296753e-02 2.538716495037078857e-01
3.469174802303314209e-01 8.341833204030990601e-02 2.570804059505462646e-01
3.524262607097625732e-01 8.388278633356094360e-02 2.605465650558471680e-01
3.392580449581146240e-01 8.255094289779663086e-02 2.518401443958282471e-01
3.275603950023651123e-01 8.111843466758728027e-02 2.439828664064407349e-01
3.349010050296783447e-01 8.182083070278167725e-02 2.488667368888854980e-01
3.403726816177368164e-01 8.273579180240631104e-02 2.526927590370178223e-01
3.416939973831176758e-01 8.303056657314300537e-02 2.535239458084106445e-01
3.261751532554626465e-01 8.122678101062774658e-02 2.431711703538894653e-01
3.352757692337036133e-01 8.222540467977523804e-02 2.490317672491073608e-01
3.366450667381286621e-01 8.237940073013305664e-02 2.500392794609069824e-01
3.454295396804809570e-01 8.354844897985458374e-02 2.560647428035736084e-01
3.228194713592529297e-01 8.080285042524337769e-02 2.408626377582550049e-01
3.281823694705963135e-01 8.133373409509658813e-02 2.444471567869186401e-01
3.265207707881927490e-01 8.123154193162918091e-02 2.433051913976669312e-01
3.268325626850128174e-01 8.129688352346420288e-02 2.435571849346160889e-01
3.349557220935821533e-01 8.233479410409927368e-02 2.490095496177673340e-01
3.248887658119201660e-01 8.119865506887435913e-02 2.424456924200057983e-01
3.183629810810089111e-01 8.013469725847244263e-02 2.376047521829605103e-01
2.999172210693359375e-01 7.771286368370056152e-02 2.250471413135528564e-01
3.181756138801574707e-01 8.021447807550430298e-02 2.376828789710998535e-01
3.323327898979187012e-01 8.196929842233657837e-02 2.473497092723846436e-01
3.150466382503509521e-01 8.006091415882110596e-02 2.357108891010284424e-01
3.226205706596374512e-01 8.084977418184280396e-02 2.406379729509353638e-01
3.324554860591888428e-01 8.203522861003875732e-02 2.473887801170349121e-01
3.301363587379455566e-01 8.150139451026916504e-02 2.456794977188110352e-01
3.304471969604492188e-01 8.162374049425125122e-02 2.457193732261657715e-01
3.330911099910736084e-01 8.189356327056884766e-02 2.473787367343902588e-01
3.449188470840454102e-01 8.323428779840469360e-02 2.553551197052001953e-01
3.499313890933990479e-01 8.358233422040939331e-02 2.585600316524505615e-01
3.709490001201629639e-01 8.588401228189468384e-02 2.725259661674499512e-01
3.557980060577392578e-01 8.452263474464416504e-02 2.626438438892364502e-01
3.368384242057800293e-01 8.233147114515304565e-02 2.502408623695373535e-01
3.539831936359405518e-01 8.401931077241897583e-02 2.613161206245422363e-01
3.341430723667144775e-01 8.182014524936676025e-02 2.482218891382217407e-01
3.157854974269866943e-01 7.977621257305145264e-02 2.358644008636474609e-01
3.324189782142639160e-01 8.186305314302444458e-02 2.472690194845199585e-01
3.334526717662811279e-01 8.195477724075317383e-02 2.479692101478576660e-01
3.276721537113189697e-01 8.140249550342559814e-02 2.442094832658767700e-01
3.235980868339538574e-01 8.089101314544677734e-02 2.414022684097290039e-01
3.315879404544830322e-01 8.199752122163772583e-02 2.466223388910293579e-01
3.304294645786285400e-01 8.175209909677505493e-02 2.457994222640991211e-01
3.297755122184753418e-01 8.176965266466140747e-02 2.454829216003417969e-01
3.356957435607910156e-01 8.255513757467269897e-02 2.494966834783554077e-01
3.148442506790161133e-01 7.977772504091262817e-02 2.352757155895233154e-01
3.227880299091339111e-01 8.078513294458389282e-02 2.407212257385253906e-01
3.134733736515045166e-01 7.960805296897888184e-02 2.342712581157684326e-01
3.412425220012664795e-01 8.302902430295944214e-02 2.531603872776031494e-01
3.292505145072937012e-01 8.181767910718917847e-02 2.451945394277572632e-01
3.134481608867645264e-01 7.983863353729248047e-02 2.345026582479476929e-01
2.969582974910736084e-01 7.772087305784225464e-02 2.232730537652969360e-01
3.044452369213104248e-01 7.863382250070571899e-02 2.283252328634262085e-01
3.030147254467010498e-01 7.855720818042755127e-02 2.273634672164916992e-01
2.957955896854400635e-01 7.779244333505630493e-02 2.225043326616287231e-01
3.105961382389068604e-01 7.992171496152877808e-02 2.326238602399826050e-01
3.177419900894165039e-01 8.081618696451187134e-02 2.374639362096786499e-01
3.107615411281585693e-01 7.987036556005477905e-02 2.328216582536697388e-01
3.048123717308044434e-01 7.889302074909210205e-02 2.286563962697982788e-01
3.017334640026092529e-01 7.840709388256072998e-02 2.265886664390563965e-01
2.965389192104339600e-01 7.783181220293045044e-02 2.230607569217681885e-01
2.991365492343902588e-01 7.792008668184280396e-02 2.248179912567138672e-01
3.003743886947631836e-01 7.795918732881546021e-02 2.255157530307769775e-01
3.043755888938903809e-01 7.865226268768310547e-02 2.283634245395660400e-01
2.990970313549041748e-01 7.831650972366333008e-02 2.249918133020401001e-01
3.029069900512695312e-01 7.863350957632064819e-02 2.276041805744171143e-01
3.024903833866119385e-01 7.862852513790130615e-02 2.273665666580200195e-01
3.023242652416229248e-01 7.851790636777877808e-02 2.272032648324966431e-01
3.039419353008270264e-01 7.856111973524093628e-02 2.279567569494247437e-01
3.013477623462677002e-01 7.827071100473403931e-02 2.261651754379272461e-01
2.912764549255371094e-01 7.722721993923187256e-02 2.195236533880233765e-01
2.816117703914642334e-01 7.597182691097259521e-02 2.128820717334747314e-01
2.775054574012756348e-01 7.551818341016769409e-02 2.100456357002258301e-01
2.600676417350769043e-01 7.325311750173568726e-02 1.981562077999114990e-01
2.526339292526245117e-01 7.246421277523040771e-02 1.931915581226348877e-01
2.529838979244232178e-01 7.246337831020355225e-02 1.933733075857162476e-01
2.724045515060424805e-01 7.471536844968795776e-02 2.065211087465286255e-01
2.940891981124877930e-01 7.756803929805755615e-02 2.212731987237930298e-01
2.852664887905120850e-01 7.633145153522491455e-02 2.151325196027755737e-01
2.757193744182586670e-01 7.534907758235931396e-02 2.086239904165267944e-01
2.791843414306640625e-01 7.572887837886810303e-02 2.109419703483581543e-01
2.731141746044158936e-01 7.488198578357696533e-02 2.067540585994720459e-01
2.636242508888244629e-01 7.376321405172348022e-02 2.003702074289321899e-01
2.756669223308563232e-01 7.525285333395004272e-02 2.085465192794799805e-01
2.784090340137481689e-01 7.559153437614440918e-02 2.104463279247283936e-01
2.772707641124725342e-01 7.536704093217849731e-02 2.095001041889190674e-01
2.757085859775543213e-01 7.508303225040435791e-02 2.085425704717636108e-01
2.532511353492736816e-01 7.233268767595291138e-02 1.932787597179412842e-01
2.573020160198211670e-01 7.278549671173095703e-02 1.960220783948898315e-01
2.466463446617126465e-01 7.138928771018981934e-02 1.887569725513458252e-01
2.493312954902648926e-01 7.172866910696029663e-02 1.905705630779266357e-01
2.642675042152404785e-01 7.370366901159286499e-02 2.007762789726257324e-01
2.433039844036102295e-01 7.069908082485198975e-02 1.862628459930419922e-01
2.426496446132659912e-01 7.086145877838134766e-02 1.859824508428573608e-01
2.464996874332427979e-01 7.138188183307647705e-02 1.885944455862045288e-01
2.487242519855499268e-01 7.163813710212707520e-02 1.901174336671829224e-01
2.485669851303100586e-01 7.212170213460922241e-02 1.903594434261322021e-01
2.604743242263793945e-01 7.332435995340347290e-02 1.982538551092147827e-01
2.645795345306396484e-01 7.396087795495986938e-02 2.011650651693344116e-01
2.724837660789489746e-01 7.487300038337707520e-02 2.065160870552062988e-01
2.847156226634979248e-01 7.647991925477981567e-02 2.147393673658370972e-01
2.520065009593963623e-01 7.207971811294555664e-02 1.924756467342376709e-01
2.794934809207916260e-01 7.594127207994461060e-02 2.113626599311828613e-01
2.666299641132354736e-01 7.401052117347717285e-02 2.024219483137130737e-01
2.611335813999176025e-01 7.345177233219146729e-02 1.988176852464675903e-01
2.607275545597076416e-01 7.358064502477645874e-02 1.985005438327789307e-01
2.610639035701751709e-01 7.339277118444442749e-02 1.987771391868591309e-01
3.077303171157836914e-01 7.898375391960144043e-02 2.306640297174453735e-01
3.062231838703155518e-01 7.884133607149124146e-02 2.295171767473220825e-01
2.652166485786437988e-01 7.372950017452239990e-02 2.014113068580627441e-01
2.845789492130279541e-01 7.628971338272094727e-02 2.148213833570480347e-01
2.772113978862762451e-01 7.545641809701919556e-02 2.099258303642272949e-01
2.792392075061798096e-01 7.543437927961349487e-02 2.110658884048461914e-01
2.671510577201843262e-01 7.382647693157196045e-02 2.027264237403869629e-01
2.832763493061065674e-01 7.603994011878967285e-02 2.139926105737686157e-01
3.112542331218719482e-01 7.981522381305694580e-02 2.331780642271041870e-01
3.199771642684936523e-01 8.071465045213699341e-02 2.390363067388534546e-01
3.178390860557556152e-01 8.039772510528564453e-02 2.375842928886413574e-01
2.988292872905731201e-01 7.803957909345626831e-02 2.244150638580322266e-01
3.426847755908966064e-01 8.246710151433944702e-02 2.537218630313873291e-01
2.880961596965789795e-01 7.693889737129211426e-02 2.172145694494247437e-01
3.488092124462127686e-01 8.438728004693984985e-02 2.586381137371063232e-01
2.811484634876251221e-01 7.614146918058395386e-02 2.126547843217849731e-01
2.833603024482727051e-01 7.620009779930114746e-02 2.140848487615585327e-01
2.738897204399108887e-01 7.484190165996551514e-02 2.074330449104309082e-01
3.087108731269836426e-01 7.960742712020874023e-02 2.314689904451370239e-01
2.727238237857818604e-01 7.499115914106369019e-02 2.067568600177764893e-01
3.135766983032226562e-01 8.005556464195251465e-02 2.348115444183349609e-01
2.723125517368316650e-01 7.487599551677703857e-02 2.064969986677169800e-01
2.878969609737396240e-01 7.664135843515396118e-02 2.171673178672790527e-01
2.802796959877014160e-01 7.585509866476058960e-02 2.119908630847930908e-01
2.647550404071807861e-01 7.372486591339111328e-02 2.012338191270828247e-01
2.572689652442932129e-01 7.284158468246459961e-02 1.961332708597183228e-01
2.602020204067230225e-01 7.298540323972702026e-02 1.979847252368927002e-01
2.836668789386749268e-01 7.615337520837783813e-02 2.141450792551040649e-01
2.966193556785583496e-01 7.778680324554443359e-02 2.226029783487319946e-01
2.806229293346405029e-01 7.589225471019744873e-02 2.121276110410690308e-01
2.721880674362182617e-01 7.460498064756393433e-02 2.059914618730545044e-01
3.006453514099121094e-01 7.817675918340682983e-02 2.255930006504058838e-01
3.019278943538665771e-01 7.872126251459121704e-02 2.268534898757934570e-01
2.987233400344848633e-01 7.796533405780792236e-02 2.244638502597808838e-01
3.070288300514221191e-01 7.904757559299468994e-02 2.301150411367416382e-01
2.891558408737182617e-01 7.713886350393295288e-02 2.181032896041870117e-01
3.213720321655273438e-01 8.126843720674514771e-02 2.399427890777587891e-01
3.075413703918457031e-01 7.963760197162628174e-02 2.304005324840545654e-01
3.197714686393737793e-01 8.109854161739349365e-02 2.389938384294509888e-01
3.029486536979675293e-01 7.901838421821594238e-02 2.279949784278869629e-01
2.998165786266326904e-01 7.838167995214462280e-02 2.257150709629058838e-01
2.759793102741241455e-01 7.527004182338714600e-02 2.089716941118240356e-01
2.801397144794464111e-01 7.540481537580490112e-02 2.115220427513122559e-01
2.774596214294433594e-01 7.569579780101776123e-02 2.099087387323379517e-01
2.708946168422698975e-01 7.494617998600006104e-02 2.054977715015411377e-01
2.849260270595550537e-01 7.676184922456741333e-02 2.152297794818878174e-01
3.005869090557098389e-01 7.860299199819564819e-02 2.258182615041732788e-01
3.140108287334442139e-01 8.043934404850006104e-02 2.349796146154403687e-01
3.376345336437225342e-01 8.334613591432571411e-02 2.511093914508819580e-01
2.848001122474670410e-01 7.674852013587951660e-02 2.150760143995285034e-01
2.961064875125885010e-01 7.830763608217239380e-02 2.229923754930496216e-01
2.909662425518035889e-01 7.731929421424865723e-02 2.190773934125900269e-01
2.695183455944061279e-01 7.471855729818344116e-02 2.046056538820266724e-01
2.797777354717254639e-01 7.606198638677597046e-02 2.116007953882217407e-01
2.681320011615753174e-01 7.475251704454421997e-02 2.037737071514129639e-01
2.872996032238006592e-01 7.688581943511962891e-02 2.167511880397796631e-01
3.175626695156097412e-01 8.099364489316940308e-02 2.376102060079574585e-01
2.902414798736572266e-01 7.733638584613800049e-02 2.186861485242843628e-01
2.726035714149475098e-01 7.483012974262237549e-02 2.066594809293746948e-01
2.650005221366882324e-01 7.399629801511764526e-02 2.013614922761917114e-01
2.820055782794952393e-01 7.607885450124740601e-02 2.131670415401458740e-01
2.841320633888244629e-01 7.668756693601608276e-02 2.147258371114730835e-01
2.783245742321014404e-01 7.578442990779876709e-02 2.107390165328979492e-01
2.787343859672546387e-01 7.598274201154708862e-02 2.110032588243484497e-01
2.933775484561920166e-01 7.744830846786499023e-02 2.207980602979660034e-01
2.775900065898895264e-01 7.570958882570266724e-02 2.100418061017990112e-01
2.884628474712371826e-01 7.691442966461181641e-02 2.176967859268188477e-01
3.246352374553680420e-01 8.155083656311035156e-02 2.424164265394210815e-01
2.748608291149139404e-01 7.513927668333053589e-02 2.083054780960083008e-01
2.819817960262298584e-01 7.612137496471405029e-02 2.130959928035736084e-01
2.857210934162139893e-01 7.675939053297042847e-02 2.156903296709060669e-01
2.901143133640289307e-01 7.742571830749511719e-02 2.187339067459106445e-01
2.756546437740325928e-01 7.556258141994476318e-02 2.088023573160171509e-01
2.817540764808654785e-01 7.600658386945724487e-02 2.129887640476226807e-01
2.705868482589721680e-01 7.471266388893127441e-02 2.053434401750564575e-01
2.809573411941528320e-01 7.583262771368026733e-02 2.122645676136016846e-01
2.801577150821685791e-01 7.595461606979370117e-02 2.119137644767761230e-01
2.749732136726379395e-01 7.513199001550674438e-02 2.083075195550918579e-01
3.211341500282287598e-01 8.108576387166976929e-02 2.397942543029785156e-01
3.111326694488525391e-01 7.975862175226211548e-02 2.328920960426330566e-01
2.948593497276306152e-01 7.744386792182922363e-02 2.215486317873001099e-01
3.125202059745788574e-01 7.964356988668441772e-02 2.336962670087814331e-01
3.046405017375946045e-01 7.864895462989807129e-02 2.282745391130447388e-01
3.024620413780212402e-01 7.865162938833236694e-02 2.270854264497756958e-01
3.110012710094451904e-01 7.968830317258834839e-02 2.328326702117919922e-01
3.121235370635986328e-01 7.969177514314651489e-02 2.335329204797744751e-01
3.100816011428833008e-01 7.931792736053466797e-02 2.322173863649368286e-01
2.936282753944396973e-01 7.760874927043914795e-02 2.210338115692138672e-01
3.152724802494049072e-01 7.998788356781005859e-02 2.356915324926376343e-01
3.151917159557342529e-01 8.037307113409042358e-02 2.358680516481399536e-01
3.006846308708190918e-01 7.834418118000030518e-02 2.257584184408187866e-01
2.888450324535369873e-01 7.691148668527603149e-02 2.176187038421630859e-01
3.033272922039031982e-01 7.848832756280899048e-02 2.274537533521652222e-01
2.890349626541137695e-01 7.697707414627075195e-02 2.178558409214019775e-01
2.876834869384765625e-01 7.696165144443511963e-02 2.170390784740447998e-01
2.943016886711120605e-01 7.755957543849945068e-02 2.213891446590423584e-01
3.027790486812591553e-01 7.866464555263519287e-02 2.270617336034774780e-01
2.898936271667480469e-01 7.708417624235153198e-02 2.183148115873336792e-01
3.010692298412322998e-01 7.846581935882568359e-02 2.261971533298492432e-01
2.995811104774475098e-01 7.822282612323760986e-02 2.250537574291229248e-01
3.149086833000183105e-01 7.998335361480712891e-02 2.353304177522659302e-01
3.175233006477355957e-01 8.039243519306182861e-02 2.370634227991104126e-01
3.339295387268066406e-01 8.231409639120101929e-02 2.481161504983901978e-01
3.234159648418426514e-01 8.112952113151550293e-02 2.410513758659362793e-01
3.225107491016387939e-01 8.102644979953765869e-02 2.406115382909774780e-01
3.392865061759948730e-01 8.344839513301849365e-02 2.520481944084167480e-01
3.236515522003173828e-01 8.115599304437637329e-02 2.409255355596542358e-01
3.073059320449829102e-01 7.941763848066329956e-02 2.303819954395294189e-01
3.139773607254028320e-01 7.973758131265640259e-02 2.347535789012908936e-01
3.295548260211944580e-01 8.205539733171463013e-02 2.454859912395477295e-01
3.030636012554168701e-01 7.872170209884643555e-02 2.278647273778915405e-01
3.435959219932556152e-01 8.307106792926788330e-02 2.542124390602111816e-01
2.900983393192291260e-01 7.721559703350067139e-02 2.190844714641571045e-01
2.915905714035034180e-01 7.724364101886749268e-02 2.199391573667526245e-01
2.932042777538299561e-01 7.745358347892761230e-02 2.208753526210784912e-01
2.905864417552947998e-01 7.688633352518081665e-02 2.190024852752685547e-01
3.143968582153320312e-01 8.000311255455017090e-02 2.352786660194396973e-01
3.349769711494445801e-01 8.245211094617843628e-02 2.493562996387481689e-01
3.428081572055816650e-01 8.313261717557907104e-02 2.539982199668884277e-01
3.163416087627410889e-01 8.025103062391281128e-02 2.366718947887420654e-01
3.188500106334686279e-01 8.063597977161407471e-02 2.382550090551376343e-01
3.063838183879852295e-01 7.880902290344238281e-02 2.295872271060943604e-01
2.988238036632537842e-01 7.783379405736923218e-02 2.245957255363464355e-01
3.296469449996948242e-01 8.199934661388397217e-02 2.457699924707412720e-01
3.366939723491668701e-01 8.285444229841232300e-02 2.504027187824249268e-01
3.546693623065948486e-01 8.519004285335540771e-02 2.627499103546142578e-01
3.109179139137268066e-01 7.990867644548416138e-02 2.330931723117828369e-01
3.145593702793121338e-01 7.995440810918807983e-02 2.353912591934204102e-01
2.934671938419342041e-01 7.746414095163345337e-02 2.211595773696899414e-01
2.811299860477447510e-01 7.601881027221679688e-02 2.126764953136444092e-01
2.884213030338287354e-01 7.702550292015075684e-02 2.177206724882125854e-01
3.014335036277770996e-01 7.872290164232254028e-02 2.265810370445251465e-01
3.251451253890991211e-01 8.153001964092254639e-02 2.426656484603881836e-01
3.022349774837493896e-01 7.864709943532943726e-02 2.271806448698043823e-01
2.870443761348724365e-01 7.693994045257568359e-02 2.167348712682723999e-01
2.830254137516021729e-01 7.630375772714614868e-02 2.140096724033355713e-01
2.982528209686279297e-01 7.785732299089431763e-02 2.244525253772735596e-01
3.535997271537780762e-01 8.492709696292877197e-02 2.619678378105163574e-01
3.268134593963623047e-01 8.191744238138198853e-02 2.439609915018081665e-01
3.331387042999267578e-01 8.227675408124923706e-02 2.480473369359970093e-01
2.918747663497924805e-01 7.706815749406814575e-02 2.199638336896896362e-01
2.789014577865600586e-01 7.540566474199295044e-02 2.111147046089172363e-01
2.712135016918182373e-01 7.433816790580749512e-02 2.057339102029800415e-01
2.869560718536376953e-01 7.659265398979187012e-02 2.166004478931427002e-01
2.707839608192443848e-01 7.461583614349365234e-02 2.054465264081954956e-01
2.636794149875640869e-01 7.368009537458419800e-02 2.008026093244552612e-01
3.044350445270538330e-01 7.901759445667266846e-02 2.285315096378326416e-01
3.011971414089202881e-01 7.859516888856887817e-02 2.262041568756103516e-01
3.157428801059722900e-01 8.033931255340576172e-02 2.359743565320968628e-01
3.151179552078247070e-01 7.999291270971298218e-02 2.354902625083923340e-01
3.166347444057464600e-01 8.042546361684799194e-02 2.367216497659683228e-01
3.148351013660430908e-01 8.012094348669052124e-02 2.356849014759063721e-01
3.129325211048126221e-01 7.959834486246109009e-02 2.342667877674102783e-01
3.152831494808197021e-01 8.006359636783599854e-02 2.357773184776306152e-01
3.031589686870574951e-01 7.846281677484512329e-02 2.272875607013702393e-01
2.910649478435516357e-01 7.705563306808471680e-02 2.191376835107803345e-01
3.093908131122589111e-01 7.924418896436691284e-02 2.315448671579360962e-01
3.433259725570678711e-01 8.336767554283142090e-02 2.547665536403656006e-01
3.374948799610137939e-01 8.254229277372360229e-02 2.505979537963867188e-01
3.172225654125213623e-01 8.023180067539215088e-02 2.372072190046310425e-01
3.135514855384826660e-01 7.970469444990158081e-02 2.345331460237503052e-01
3.119359016418457031e-01 7.969626784324645996e-02 2.334768027067184448e-01
3.175466656684875488e-01 8.023259043693542480e-02 2.371771782636642456e-01
3.204413354396820068e-01 8.074624091386795044e-02 2.391153126955032349e-01
3.202790617942810059e-01 8.068886399269104004e-02 2.390824109315872192e-01
3.158125579357147217e-01 8.018156141042709351e-02 2.360094040632247925e-01
3.287980556488037109e-01 8.166938275098800659e-02 2.448255121707916260e-01
3.308045268058776855e-01 8.175965398550033569e-02 2.461313903331756592e-01
3.366099298000335693e-01 8.267441391944885254e-02 2.501361072063446045e-01
3.282504677772521973e-01 8.173037320375442505e-02 2.445905953645706177e-01
3.132128715515136719e-01 8.003531396389007568e-02 2.343449145555496216e-01
3.241235315799713135e-01 8.112967759370803833e-02 2.418064624071121216e-01
3.252503573894500732e-01 8.133621513843536377e-02 2.425481230020523071e-01
3.249338865280151367e-01 8.135092258453369141e-02 2.423426508903503418e-01
3.222938776016235352e-01 8.099476248025894165e-02 2.405312061309814453e-01
3.182824254035949707e-01 8.052424341440200806e-02 2.378822714090347290e-01
3.223370015621185303e-01 8.106496930122375488e-02 2.406101077795028687e-01
3.183681070804595947e-01 8.078282326459884644e-02 2.379796952009201050e-01
3.085915446281433105e-01 7.966639846563339233e-02 2.312733680009841919e-01
3.137888908386230469e-01 8.018294721841812134e-02 2.348477989435195923e-01
2.965941131114959717e-01 7.788918912410736084e-02 2.230512946844100952e-01
3.099439442157745361e-01 7.965846359729766846e-02 2.321866899728775024e-01
2.969863712787628174e-01 7.807844132184982300e-02 2.234933376312255859e-01
2.842442393302917480e-01 7.637509703636169434e-02 2.146740257740020752e-01
2.715262472629547119e-01 7.444752007722854614e-02 2.058516144752502441e-01
2.599106431007385254e-01 7.257748395204544067e-02 1.976861059665679932e-01
2.803210318088531494e-01 7.548800110816955566e-02 2.118669599294662476e-01
3.017600476741790771e-01 7.804436981678009033e-02 2.264422327280044556e-01
2.745088934898376465e-01 7.513248175382614136e-02 2.079906016588211060e-01
2.874225974082946777e-01 7.639178633689880371e-02 2.167056500911712646e-01
2.846793830394744873e-01 7.613523304462432861e-02 2.148213833570480347e-01
2.841189801692962646e-01 7.590921223163604736e-02 2.145352810621261597e-01
2.867724299430847168e-01 7.619439065456390381e-02 2.162587046623229980e-01
2.816389203071594238e-01 7.564482092857360840e-02 2.127086520195007324e-01
2.909210920333862305e-01 7.691056281328201294e-02 2.190558314323425293e-01
2.951420843601226807e-01 7.748744636774063110e-02 2.220913916826248169e-01
2.812875807285308838e-01 7.559304684400558472e-02 2.126841098070144653e-01
2.900073528289794922e-01 7.633244246244430542e-02 2.184843420982360840e-01
2.982166409492492676e-01 7.763392478227615356e-02 2.242557406425476074e-01
3.123047053813934326e-01 7.923185080289840698e-02 2.335501164197921753e-01
3.166951239109039307e-01 7.991767674684524536e-02 2.363501936197280884e-01
2.989860773086547852e-01 7.749053090810775757e-02 2.245562374591827393e-01
3.042843043804168701e-01 7.812138646841049194e-02 2.282349020242691040e-01
3.237006962299346924e-01 8.062218874692916870e-02 2.412495166063308716e-01
3.244343698024749756e-01 8.060365915298461914e-02 2.415596395730972290e-01
3.273977637290954590e-01 8.083948493003845215e-02 2.434989809989929199e-01
3.132695853710174561e-01 7.924772799015045166e-02 2.339964658021926880e-01
3.292662501335144043e-01 8.135230094194412231e-02 2.447362989187240601e-01
3.387041687965393066e-01 8.200286328792572021e-02 2.508857846260070801e-01
3.308430016040802002e-01 8.143327385187149048e-02 2.463263869285583496e-01
3.099387586116790771e-01 7.907526195049285889e-02 2.321717292070388794e-01
3.128637075424194336e-01 7.887741923332214355e-02 2.338119447231292725e-01
3.170889616012573242e-01 7.953812181949615479e-02 2.365395128726959229e-01
3.159716725349426270e-01 7.948548346757888794e-02 2.357250750064849854e-01
3.171869814395904541e-01 7.991005480289459229e-02 2.365696281194686890e-01
3.248701691627502441e-01 8.075850456953048706e-02 2.416405379772186279e-01
3.343107998371124268e-01 8.147859573364257812e-02 2.480666935443878174e-01
3.238472938537597656e-01 8.043286949396133423e-02 2.412450909614562988e-01
3.152967989444732666e-01 7.974161952733993530e-02 2.354801148176193237e-01
3.313975930213928223e-01 8.182579278945922852e-02 2.462717592716217041e-01
3.197066783905029297e-01 8.045562356710433960e-02 2.384562641382217407e-01
3.321453630924224854e-01 8.171030133962631226e-02 2.469740808010101318e-01
3.278695344924926758e-01 8.110163360834121704e-02 2.439733892679214478e-01
3.089000284671783447e-01 7.933181524276733398e-02 2.315191477537155151e-01
3.229552209377288818e-01 8.069495856761932373e-02 2.406360656023025513e-01
3.318561911582946777e-01 8.130062371492385864e-02 2.464621961116790771e-01
3.222251236438751221e-01 8.013477921485900879e-02 2.399153709411621094e-01
3.214807808399200439e-01 7.996295392513275146e-02 2.393195480108261108e-01
3.218484520912170410e-01 8.014672994613647461e-02 2.398985028266906738e-01
3.271409273147583008e-01 8.064046502113342285e-02 2.432896345853805542e-01
3.282562792301177979e-01 8.085273951292037964e-02 2.439017146825790405e-01
3.246155381202697754e-01 8.057451993227005005e-02 2.414227426052093506e-01
3.249705135822296143e-01 8.095039427280426025e-02 2.419080287218093872e-01
3.219980001449584961e-01 8.042850345373153687e-02 2.399509698152542114e-01
3.120702505111694336e-01 7.931125164031982422e-02 2.330569922924041748e-01
3.093998432159423828e-01 7.861509174108505249e-02 2.309967577457427979e-01
3.030069172382354736e-01 7.794166356325149536e-02 2.268032431602478027e-01
3.110901713371276855e-01 7.894891500473022461e-02 2.323688119649887085e-01
3.138471245765686035e-01 7.935202866792678833e-02 2.342723608016967773e-01
3.038638532161712646e-01 7.838808745145797729e-02 2.276893258094787598e-01
2.785301506519317627e-01 7.546216249465942383e-02 2.103553563356399536e-01
2.741086184978485107e-01 7.488056272268295288e-02 2.072093933820724487e-01
2.894502580165863037e-01 7.685404270887374878e-02 2.178900837898254395e-01
2.938848435878753662e-01 7.739411294460296631e-02 2.208552062511444092e-01
3.123873174190521240e-01 7.934811711311340332e-02 2.331512719392776489e-01
2.987789809703826904e-01 7.783194631338119507e-02 2.242780476808547974e-01
2.971661388874053955e-01 7.779762893915176392e-02 2.232064604759216309e-01
2.829193770885467529e-01 7.564081996679306030e-02 2.134706676006317139e-01
3.023703992366790771e-01 7.831205427646636963e-02 2.267635017633438110e-01
2.946195006370544434e-01 7.711724191904067993e-02 2.213465124368667603e-01
2.741700410842895508e-01 7.468410581350326538e-02 2.075714021921157837e-01
2.722214162349700928e-01 7.472691684961318970e-02 2.064878940582275391e-01
2.670836448669433594e-01 7.385400682687759399e-02 2.028291523456573486e-01
2.669516205787658691e-01 7.405354082584381104e-02 2.028240710496902466e-01
2.747975885868072510e-01 7.537209987640380859e-02 2.083182632923126221e-01
2.867989838123321533e-01 7.679882645606994629e-02 2.164575755596160889e-01
2.793014943599700928e-01 7.591167837381362915e-02 2.114360034465789795e-01
2.803820073604583740e-01 7.583947479724884033e-02 2.120266556739807129e-01
2.764170467853546143e-01 7.515399903059005737e-02 2.092322856187820435e-01
2.896068990230560303e-01 7.671071588993072510e-02 2.180624604225158691e-01
2.776259779930114746e-01 7.545900344848632812e-02 2.100489586591720581e-01
2.731037139892578125e-01 7.485492527484893799e-02 2.069932818412780762e-01
2.809640467166900635e-01 7.578071951866149902e-02 2.123132944107055664e-01
2.783482372760772705e-01 7.544048130512237549e-02 2.105262875556945801e-01
2.799992263317108154e-01 7.566949725151062012e-02 2.116867899894714355e-01
2.849825322628021240e-01 7.606553286314010620e-02 2.148358374834060669e-01
2.881282866001129150e-01 7.653005421161651611e-02 2.172376066446304321e-01
2.752499580383300781e-01 7.513878494501113892e-02 2.082080692052841187e-01
2.883499860763549805e-01 7.679570466279983521e-02 2.172666639089584351e-01
2.838172912597656250e-01 7.599175721406936646e-02 2.141664028167724609e-01
2.837963998317718506e-01 7.600253820419311523e-02 2.141171693801879883e-01
2.886844873428344727e-01 7.665502279996871948e-02 2.174700200557708740e-01
2.848621606826782227e-01 7.640603929758071899e-02 2.150349020957946777e-01
2.853851318359375000e-01 7.657520473003387451e-02 2.153563052415847778e-01
2.870535254478454590e-01 7.666977494955062866e-02 2.164527773857116699e-01
2.882976830005645752e-01 7.662489265203475952e-02 2.173030674457550049e-01
2.840789556503295898e-01 7.618537545204162598e-02 2.144183665513992310e-01
2.906109988689422607e-01 7.698813825845718384e-02 2.186942845582962036e-01
2.869941890239715576e-01 7.676141709089279175e-02 2.164523303508758545e-01
2.728016674518585205e-01 7.486096024513244629e-02 2.066006362438201904e-01
2.721563577651977539e-01 7.488663494586944580e-02 2.061465233564376831e-01
2.729106843471527100e-01 7.494234293699264526e-02 2.067754417657852173e-01
2.591623663902282715e-01 7.291869074106216431e-02 1.974294483661651611e-01
2.697743177413940430e-01 7.450155168771743774e-02 2.047235965728759766e-01
2.827846407890319824e-01 7.623847573995590210e-02 2.136728018522262573e-01
3.013770878314971924e-01 7.870656251907348633e-02 2.263889312744140625e-01
3.117994070053100586e-01 7.972729951143264771e-02 2.335509806871414185e-01
2.881531715393066406e-01 7.663872092962265015e-02 2.172249853610992432e-01
2.935967445373535156e-01 7.728562504053115845e-02 2.211835980415344238e-01
3.101412951946258545e-01 7.923781126737594604e-02 2.324887514114379883e-01
3.092640042304992676e-01 7.908286899328231812e-02 2.321548610925674438e-01
3.302476108074188232e-01 8.238692581653594971e-02 2.472823560237884521e-01
3.595166802406311035e-01 8.627865463495254517e-02 2.676187753677368164e-01
3.281221389770507812e-01 8.193569630384445190e-02 2.457972615957260132e-01
2.994935512542724609e-01 7.735341042280197144e-02 2.253686785697937012e-01
3.050330281257629395e-01 7.824441790580749512e-02 2.293342649936676025e-01
3.432404100894927979e-01 8.283673971891403198e-02 2.556502521038055420e-01
3.349604010581970215e-01 8.210643380880355835e-02 2.502860128879547119e-01
3.280010819435119629e-01 8.071565628051757812e-02 2.449556440114974976e-01
3.083373606204986572e-01 7.779817283153533936e-02 2.310205101966857910e-01
3.492891192436218262e-01 8.311897516250610352e-02 2.594492733478546143e-01
3.192364573478698730e-01 7.934883981943130493e-02 2.384866327047348022e-01
3.240152895450592041e-01 7.973692566156387329e-02 2.415379583835601807e-01
3.640374541282653809e-01 8.446326106786727905e-02 2.690553069114685059e-01
4.048583805561065674e-01 8.914785832166671753e-02 2.968808710575103760e-01
3.678952753543853760e-01 8.522292971611022949e-02 2.723217010498046875e-01
3.727647364139556885e-01 8.542292565107345581e-02 2.753706872463226318e-01
3.860388398170471191e-01 8.689869940280914307e-02 2.843063473701477051e-01
3.756664395332336426e-01 8.550232648849487305e-02 2.767464518547058105e-01
3.678905963897705078e-01 8.418870717287063599e-02 2.712032794952392578e-01
3.604350388050079346e-01 8.341573178768157959e-02 2.665564119815826416e-01
3.469792604446411133e-01 8.193706721067428589e-02 2.575307786464691162e-01
3.226845562458038330e-01 7.878573238849639893e-02 2.404299229383468628e-01
3.231981992721557617e-01 7.853622734546661377e-02 2.407103925943374634e-01
3.777018785476684570e-01 8.458430320024490356e-02 2.776951491832733154e-01
4.415161311626434326e-01 9.081280976533889771e-02 3.202987611293792725e-01
4.279347062110900879e-01 8.984854072332382202e-02 3.119355440139770508e-01
4.595734179019927979e-01 9.297936409711837769e-02 3.334461450576782227e-01
4.623235762119293213e-01 9.297411143779754639e-02 3.346067667007446289e-01
4.705264866352081299e-01 9.339907765388488770e-02 3.392921984195709229e-01
4.558951854705810547e-01 9.209754317998886108e-02 3.303994536399841309e-01
4.227492809295654297e-01 8.881787955760955811e-02 3.081869184970855713e-01
4.207133948802947998e-01 8.793112635612487793e-02 3.066161274909973145e-01
4.099481701850891113e-01 8.755193650722503662e-02 3.004445135593414307e-01
3.956844210624694824e-01 8.643910288810729980e-02 2.912977337837219238e-01
3.887856900691986084e-01 8.539179712533950806e-02 2.863880097866058350e-01
3.632510304450988770e-01 8.264740556478500366e-02 2.691388130187988281e-01
3.831470608711242676e-01 8.492591977119445801e-02 2.830702364444732666e-01
3.704739511013031006e-01 8.322948962450027466e-02 2.738918662071228027e-01
3.541689515113830566e-01 8.153701573610305786e-02 2.628454864025115967e-01
3.652930557727813721e-01 8.241536468267440796e-02 2.702665925025939941e-01
3.542920649051666260e-01 8.176951855421066284e-02 2.635546624660491943e-01
3.343270719051361084e-01 7.926274836063385010e-02 2.496221363544464111e-01
3.712953329086303711e-01 8.330737054347991943e-02 2.750601172447204590e-01
3.665889501571655273e-01 8.264224976301193237e-02 2.713235318660736084e-01
3.753756284713745117e-01 8.344455808401107788e-02 2.768640518188476562e-01
3.885891139507293701e-01 8.445172011852264404e-02 2.856289744377136230e-01
3.633161187171936035e-01 8.186434954404830933e-02 2.686936557292938232e-01
3.345218300819396973e-01 7.908105850219726562e-02 2.494302988052368164e-01
3.550424575805664062e-01 8.109012246131896973e-02 2.634272575378417969e-01
3.513713181018829346e-01 8.041366189718246460e-02 2.606138586997985840e-01
3.344699144363403320e-01 7.901017367839813232e-02 2.493055164813995361e-01
3.371134698390960693e-01 7.934340089559555054e-02 2.513377666473388672e-01
3.322495818138122559e-01 7.895429432392120361e-02 2.480099052190780640e-01
3.395754396915435791e-01 7.988829165697097778e-02 2.534193396568298340e-01
3.547525107860565186e-01 8.158845454454421997e-02 2.640692889690399170e-01
3.622808754444122314e-01 8.239120244979858398e-02 2.691741883754730225e-01
3.734505772590637207e-01 8.355262875556945801e-02 2.770316600799560547e-01
3.888580799102783203e-01 8.497965335845947266e-02 2.876269519329071045e-01
3.890070617198944092e-01 8.510936051607131958e-02 2.875994741916656494e-01
3.730809092521667480e-01 8.357048034667968750e-02 2.766616642475128174e-01
3.705890178680419922e-01 8.350281417369842529e-02 2.752502262592315674e-01
3.521094024181365967e-01 8.133057504892349243e-02 2.622151374816894531e-01
3.468348383903503418e-01 8.107788860797882080e-02 2.588705420494079590e-01
3.671014308929443359e-01 8.316989988088607788e-02 2.726099193096160889e-01
3.671440482139587402e-01 8.306460827589035034e-02 2.725184261798858643e-01
3.442382514476776123e-01 8.049772679805755615e-02 2.568493187427520752e-01
3.481375277042388916e-01 8.106500655412673950e-02 2.597008347511291504e-01
3.446268141269683838e-01 8.072672784328460693e-02 2.574534714221954346e-01
3.424640893936157227e-01 8.025138080120086670e-02 2.559669315814971924e-01
3.568555116653442383e-01 8.214779198169708252e-02 2.662012875080108643e-01
3.511022627353668213e-01 8.142682909965515137e-02 2.621679008007049561e-01
3.383249342441558838e-01 7.999081909656524658e-02 2.532514333724975586e-01
3.299235105514526367e-01 7.910843938589096069e-02 2.475335299968719482e-01
3.336238265037536621e-01 7.945058494806289673e-02 2.501339018344879150e-01
3.526528775691986084e-01 8.117599785327911377e-02 2.630028128623962402e-01
3.420113325119018555e-01 8.043388277292251587e-02 2.559458613395690918e-01
3.438254296779632568e-01 8.036850392818450928e-02 2.571282684803009033e-01
3.314988315105438232e-01 7.906262576580047607e-02 2.486626803874969482e-01
3.531136214733123779e-01 8.101976662874221802e-02 2.634004652500152588e-01
3.469068706035614014e-01 8.022349327802658081e-02 2.590541243553161621e-01
3.483396470546722412e-01 8.039732277393341064e-02 2.600579261779785156e-01
3.326729238033294678e-01 7.925915718078613281e-02 2.496383041143417358e-01
3.481681346893310547e-01 8.066660165786743164e-02 2.601239383220672607e-01
3.581181466579437256e-01 8.152164518833160400e-02 2.669521272182464600e-01
3.510558605194091797e-01 8.060973137617111206e-02 2.620134949684143066e-01
3.702418506145477295e-01 8.230248838663101196e-02 2.750272452831268311e-01
3.593673110008239746e-01 8.180201053619384766e-02 2.679930031299591064e-01
3.542650938034057617e-01 8.144565671682357788e-02 2.645457983016967773e-01
3.362680077552795410e-01 7.966542243957519531e-02 2.524210214614868164e-01
3.375270962715148926e-01 7.959913462400436401e-02 2.533005177974700928e-01
3.598940372467041016e-01 8.143647760152816772e-02 2.681463062763214111e-01
3.477241396903991699e-01 8.049599826335906982e-02 2.600896656513214111e-01
3.301166296005249023e-01 7.863247394561767578e-02 2.480183690786361694e-01
3.262927532196044922e-01 7.814724743366241455e-02 2.454081773757934570e-01
3.228403925895690918e-01 7.767587900161743164e-02 2.430495023727416992e-01
3.085763156414031982e-01 7.621933519840240479e-02 2.331742942333221436e-01
3.048692345619201660e-01 7.596417516469955444e-02 2.306339591741561890e-01
3.050937950611114502e-01 7.575745135545730591e-02 2.306916713714599609e-01
2.953165769577026367e-01 7.452385872602462769e-02 2.238022387027740479e-01
3.035889267921447754e-01 7.562919706106185913e-02 2.296373248100280762e-01
2.957360148429870605e-01 7.460182160139083862e-02 2.241594493389129639e-01
2.845886349678039551e-01 7.335765659809112549e-02 2.164303213357925415e-01
2.890853881835937500e-01 7.379923760890960693e-02 2.194339334964752197e-01
2.902869284152984619e-01 7.393982261419296265e-02 2.202536016702651978e-01
2.887543737888336182e-01 7.361134886741638184e-02 2.191649079322814941e-01
2.815736234188079834e-01 7.310669124126434326e-02 2.143841534852981567e-01
2.780190110206604004e-01 7.265045493841171265e-02 2.118504345417022705e-01
2.652826309204101562e-01 7.132230699062347412e-02 2.030468583106994629e-01
2.717703580856323242e-01 7.203266769647598267e-02 2.075223177671432495e-01
2.653354406356811523e-01 7.116971909999847412e-02 2.031278908252716064e-01
2.536568343639373779e-01 6.977106630802154541e-02 1.948826014995574951e-01
2.657121717929840088e-01 7.110393792390823364e-02 2.033093273639678955e-01
2.620984315872192383e-01 7.080268859863281250e-02 2.007814347743988037e-01
2.678215801715850830e-01 7.154090702533721924e-02 2.048003673553466797e-01
2.637271583080291748e-01 7.090704888105392456e-02 2.018672674894332886e-01
2.704619765281677246e-01 7.171377539634704590e-02 2.066891342401504517e-01
2.584129571914672852e-01 7.039614021778106689e-02 1.981916278600692749e-01
2.721971571445465088e-01 7.205381244421005249e-02 2.078749537467956543e-01
2.608333528041839600e-01 7.099162787199020386e-02 1.999481767416000366e-01
2.606192231178283691e-01 7.088405638933181763e-02 1.998097747564315796e-01
2.563143074512481689e-01 7.040008157491683960e-02 1.968380510807037354e-01
2.672951221466064453e-01 7.154549658298492432e-02 2.045760601758956909e-01
2.738107442855834961e-01 7.235054671764373779e-02 2.091721147298812866e-01
2.707501947879791260e-01 7.180394232273101807e-02 2.070646882057189941e-01
2.815057635307312012e-01 7.315543293952941895e-02 2.145962119102478027e-01
2.703714668750762939e-01 7.195864617824554443e-02 2.069282531738281250e-01
2.734585404396057129e-01 7.230505347251892090e-02 2.090006917715072632e-01
2.614161968231201172e-01 7.115127146244049072e-02 2.007241398096084595e-01
2.675316631793975830e-01 7.197474688291549683e-02 2.051533609628677368e-01
2.548870444297790527e-01 7.034599035978317261e-02 1.963257044553756714e-01
2.645488679409027100e-01 7.137916237115859985e-02 2.030030488967895508e-01
2.565985321998596191e-01 7.060823589563369751e-02 1.973933726549148560e-01
2.529527842998504639e-01 7.020392268896102905e-02 1.947873830795288086e-01
2.548753619194030762e-01 7.029283046722412109e-02 1.959642618894577026e-01
2.677895128726959229e-01 7.171546667814254761e-02 2.050232589244842529e-01
2.797034680843353271e-01 7.315707951784133911e-02 2.132346630096435547e-01
2.975604236125946045e-01 7.508716732263565063e-02 2.254615724086761475e-01
3.066812157630920410e-01 7.576322555541992188e-02 2.315572947263717651e-01
2.837420403957366943e-01 7.316702604293823242e-02 2.156204432249069214e-01
2.624918520450592041e-01 7.093518227338790894e-02 2.009099423885345459e-01
2.573662400245666504e-01 7.013492286205291748e-02 1.972408741712570190e-01
2.522743046283721924e-01 6.960207223892211914e-02 1.937088817358016968e-01
2.502050101757049561e-01 6.938217580318450928e-02 1.922460347414016724e-01
2.390322238206863403e-01 6.824145466089248657e-02 1.845183670520782471e-01
2.424454838037490845e-01 6.864169985055923462e-02 1.868574023246765137e-01
2.624415457248687744e-01 7.047794014215469360e-02 2.003245800733566284e-01
2.916817069053649902e-01 7.328225672245025635e-02 2.199835926294326782e-01
3.050339519977569580e-01 7.473987340927124023e-02 2.291115820407867432e-01
3.024170100688934326e-01 7.420386373996734619e-02 2.271457314491271973e-01
2.816934585571289062e-01 7.251670211553573608e-02 2.132828384637832642e-01
2.818903923034667969e-01 7.254847139120101929e-02 2.133826613426208496e-01
2.886579632759094238e-01 7.334133982658386230e-02 2.180245965719223022e-01
2.748699784278869629e-01 7.189125567674636841e-02 2.085454612970352173e-01
2.787441015243530273e-01 7.244500517845153809e-02 2.112157493829727173e-01
2.795156836509704590e-01 7.229115813970565796e-02 2.115428447723388672e-01
2.709532082080841064e-01 7.149048894643783569e-02 2.056813389062881470e-01
2.559665441513061523e-01 6.991402804851531982e-02 1.953970193862915039e-01
2.529864609241485596e-01 6.952048093080520630e-02 1.933146864175796509e-01
2.388387024402618408e-01 6.819560378789901733e-02 1.836355924606323242e-01
2.326421141624450684e-01 6.754135340452194214e-02 1.792711764574050903e-01
2.317329496145248413e-01 6.780736893415451050e-02 1.787896603345870972e-01
2.327560037374496460e-01 6.784207373857498169e-02 1.792596280574798584e-01
2.319570034742355347e-01 6.800333410501480103e-02 1.787869036197662354e-01
2.281886339187622070e-01 6.770882755517959595e-02 1.761442124843597412e-01
2.269290983676910400e-01 6.737256050109863281e-02 1.752633601427078247e-01
2.158640474081039429e-01 6.633949279785156250e-02 1.676929891109466553e-01
2.061806172132492065e-01 6.526139378547668457e-02 1.609006524085998535e-01
2.075770795345306396e-01 6.534132361412048340e-02 1.619251966476440430e-01
2.013671696186065674e-01 6.459426879882812500e-02 1.575597077608108521e-01
2.111100256443023682e-01 6.585996598005294800e-02 1.643643379211425781e-01
2.012767642736434937e-01 6.471128761768341064e-02 1.574656963348388672e-01
1.896398514509201050e-01 6.354605406522750854e-02 1.491952240467071533e-01
2.115078717470169067e-01 6.684569269418716431e-02 1.639502197504043579e-01
2.350650578737258911e-01 7.007942348718643188e-02 1.802718490362167358e-01
2.078437060117721558e-01 6.601637601852416992e-02 1.618886440992355347e-01
1.788780987262725830e-01 6.251499056816101074e-02 1.418986320495605469e-01
2.018373757600784302e-01 6.552775204181671143e-02 1.579515784978866577e-01
2.091213315725326538e-01 6.698672473430633545e-02 1.622910797595977783e-01
2.271708995103836060e-01 6.974115222692489624e-02 1.744835376739501953e-01
2.099177539348602295e-01 6.726405024528503418e-02 1.629227250814437866e-01
2.220490872859954834e-01 6.821791082620620728e-02 1.714674532413482666e-01
2.151833325624465942e-01 6.770366430282592773e-02 1.669096201658248901e-01
2.022335678339004517e-01 6.557783484458923340e-02 1.577324420213699341e-01
1.975102573633193970e-01 6.561533361673355103e-02 1.544011980295181274e-01
1.993381381034851074e-01 6.578548252582550049e-02 1.556928604841232300e-01
2.014738917350769043e-01 6.671746075153350830e-02 1.574510782957077026e-01
2.014426589012145996e-01 6.605418026447296143e-02 1.569977253675460815e-01
2.101888507604598999e-01 6.686828285455703735e-02 1.630574315786361694e-01
2.017051428556442261e-01 6.623870134353637695e-02 1.573638617992401123e-01
2.025624066591262817e-01 6.665649265050888062e-02 1.580051481723785400e-01
2.009185999631881714e-01 6.651585549116134644e-02 1.569424867630004883e-01
2.056599557399749756e-01 6.728115677833557129e-02 1.602033227682113647e-01
2.065594792366027832e-01 6.731944531202316284e-02 1.607903093099594116e-01
2.069497108459472656e-01 6.723141670227050781e-02 1.610038578510284424e-01
2.087132185697555542e-01 6.758648157119750977e-02 1.622737944126129150e-01
2.166800349950790405e-01 6.912843883037567139e-02 1.680004000663757324e-01
2.266023159027099609e-01 7.066129893064498901e-02 1.748921573162078857e-01
2.210458964109420776e-01 7.028594613075256348e-02 1.710746735334396362e-01
2.222377359867095947e-01 7.050947099924087524e-02 1.717069894075393677e-01
2.107309252023696899e-01 6.868682056665420532e-02 1.638004630804061890e-01
2.132288664579391479e-01 6.874832510948181152e-02 1.653985530138015747e-01
2.041057199239730835e-01 6.756488233804702759e-02 1.592442989349365234e-01
1.924194842576980591e-01 6.568577885627746582e-02 1.509630233049392700e-01
1.923360377550125122e-01 6.530662626028060913e-02 1.508072167634963989e-01
1.910005509853363037e-01 6.505765020847320557e-02 1.498534977436065674e-01
1.943017095327377319e-01 6.547841429710388184e-02 1.520987600088119507e-01
1.918803602457046509e-01 6.518069654703140259e-02 1.503272503614425659e-01
1.880890727043151855e-01 6.509254872798919678e-02 1.477720737457275391e-01
1.930394321680068970e-01 6.556861847639083862e-02 1.510849148035049438e-01
1.825121343135833740e-01 6.406527012586593628e-02 1.437621563673019409e-01
1.800266653299331665e-01 6.363140791654586792e-02 1.419985890388488770e-01
1.858834475278854370e-01 6.463593244552612305e-02 1.462125629186630249e-01
1.847554594278335571e-01 6.438910961151123047e-02 1.453752666711807251e-01
1.788398474454879761e-01 6.345602124929428101e-02 1.412981003522872925e-01
1.797048151493072510e-01 6.399969011545181274e-02 1.418308168649673462e-01
