1.233563795685768127e-01 5.416188016533851624e-02 1.023291870951652527e-01
1.195067763328552246e-01 5.378569290041923523e-02 9.965771436691284180e-02
1.063255593180656433e-01 5.232316255569458008e-02 9.019466489553451538e-02
1.005482822656631470e-01 5.119203776121139526e-02 8.595100790262222290e-02
1.101374328136444092e-01 5.236852541565895081e-02 9.293045848608016968e-02
1.099439784884452820e-01 5.230624973773956299e-02 9.272784739732742310e-02
1.058346927165985107e-01 5.173792690038681030e-02 8.973457664251327515e-02
9.820287674665451050e-02 5.075698718428611755e-02 8.415491878986358643e-02
8.453360199928283691e-02 4.851255565881729126e-02 7.421340048313140869e-02
7.955772429704666138e-02 4.782149568200111389e-02 7.049126923084259033e-02
8.556034415960311890e-02 4.881197959184646606e-02 7.498952746391296387e-02
8.991975337266921997e-02 4.950264096260070801e-02 7.820343971252441406e-02
8.689718693494796753e-02 4.908986389636993408e-02 7.604258507490158081e-02
8.692312985658645630e-02 4.920157417654991150e-02 7.597637921571731567e-02
8.870561420917510986e-02 4.933734238147735596e-02 7.730323821306228638e-02
8.605831861495971680e-02 4.902825877070426941e-02 7.536447793245315552e-02
8.422464877367019653e-02 4.881735891103744507e-02 7.402678579092025757e-02
8.779510110616683960e-02 4.933085292577743530e-02 7.665211707353591919e-02
7.928254455327987671e-02 4.793602228164672852e-02 7.038982957601547241e-02
7.744519412517547607e-02 4.753903299570083618e-02 6.900409609079360962e-02
7.822959870100021362e-02 4.768152162432670593e-02 6.959325075149536133e-02
7.665215432643890381e-02 4.742714390158653259e-02 6.840820610523223877e-02
8.632703870534896851e-02 4.913997277617454529e-02 7.556518912315368652e-02
9.271227568387985229e-02 5.012100189924240112e-02 8.026239275932312012e-02
1.180439665913581848e-01 5.404742434620857239e-02 9.859778732061386108e-02
1.091022491455078125e-01 5.256015434861183167e-02 9.215257316827774048e-02
1.134528145194053650e-01 5.317254737019538879e-02 9.525357186794281006e-02
1.046363115310668945e-01 5.158521234989166260e-02 8.882377296686172485e-02
9.326332807540893555e-02 5.003315210342407227e-02 8.058165758848190308e-02
9.799112379550933838e-02 5.068213120102882385e-02 8.396159857511520386e-02
8.702212572097778320e-02 4.902949929237365723e-02 7.592700421810150146e-02
8.774072676897048950e-02 4.923835396766662598e-02 7.652355730533599854e-02
7.879250496625900269e-02 4.772032797336578369e-02 6.999415904283523560e-02
8.164402097463607788e-02 4.811186343431472778e-02 7.202681154012680054e-02
7.472947984933853149e-02 4.704614728689193726e-02 6.690072268247604370e-02
7.051631808280944824e-02 4.631582647562026978e-02 6.361669301986694336e-02
6.378584355115890503e-02 4.518261551856994629e-02 5.858766660094261169e-02
6.462646275758743286e-02 4.532529413700103760e-02 5.917751416563987732e-02
7.264116406440734863e-02 4.675421118736267090e-02 6.525860726833343506e-02
8.209118247032165527e-02 4.838988929986953735e-02 7.228007912635803223e-02
7.717556506395339966e-02 4.762845858931541443e-02 6.861034780740737915e-02
7.224069535732269287e-02 4.676381126046180725e-02 6.493626534938812256e-02
6.988665461540222168e-02 4.626903310418128967e-02 6.324729323387145996e-02
6.819093227386474609e-02 4.590625315904617310e-02 6.190724298357963562e-02
7.845146209001541138e-02 4.763700813055038452e-02 6.955040991306304932e-02
7.354908436536788940e-02 4.670480266213417053e-02 6.591484695672988892e-02
6.702378392219543457e-02 4.563567042350769043e-02 6.114625558257102966e-02
5.742818489670753479e-02 4.395761340856552124e-02 5.370642989873886108e-02
6.996237486600875854e-02 4.611556231975555420e-02 6.324084848165512085e-02
7.355259358882904053e-02 4.673895984888076782e-02 6.590552628040313721e-02
7.280143350362777710e-02 4.661912471055984497e-02 6.520355492830276489e-02
7.255397737026214600e-02 4.661379754543304443e-02 6.498884409666061401e-02
7.529895752668380737e-02 4.707534611225128174e-02 6.710913032293319702e-02
7.415961474180221558e-02 4.704924672842025757e-02 6.622035801410675049e-02
8.138301968574523926e-02 4.825837910175323486e-02 7.161808758974075317e-02
8.708927035331726074e-02 4.917912557721138000e-02 7.583022862672805786e-02
8.960488438606262207e-02 4.949025437235832214e-02 7.765199244022369385e-02
9.307016432285308838e-02 5.011171102523803711e-02 8.020027726888656616e-02
1.002998575568199158e-01 5.102577060461044312e-02 8.539593964815139771e-02
9.844012558460235596e-02 5.086543411016464233e-02 8.400747179985046387e-02
1.099259778857231140e-01 5.277248099446296692e-02 9.235836565494537354e-02
1.202161088585853577e-01 5.415032431483268738e-02 9.970510005950927734e-02
1.233083978295326233e-01 5.466426163911819458e-02 1.020946651697158813e-01
1.259433776140213013e-01 5.479327216744422913e-02 1.038178354501724243e-01
1.303165107965469360e-01 5.559551715850830078e-02 1.068701446056365967e-01
1.245177313685417175e-01 5.509005486965179443e-02 1.026676967740058899e-01
1.342324018478393555e-01 5.625478923320770264e-02 1.096945852041244507e-01
1.403443366289138794e-01 5.709747225046157837e-02 1.140337288379669189e-01
1.326704174280166626e-01 5.608002841472625732e-02 1.086200326681137085e-01
1.539567559957504272e-01 5.939657241106033325e-02 1.235154047608375549e-01
1.602212786674499512e-01 6.049173325300216675e-02 1.278171986341476440e-01
1.599054783582687378e-01 6.049460545182228088e-02 1.275843232870101929e-01
1.608525365591049194e-01 6.036333739757537842e-02 1.280216127634048462e-01
1.741490811109542847e-01 6.231106072664260864e-02 1.372129023075103760e-01
1.797613054513931274e-01 6.292629987001419067e-02 1.411914676427841187e-01
1.842964738607406616e-01 6.378528475761413574e-02 1.444731801748275757e-01
2.008972764015197754e-01 6.553101539611816406e-02 1.559450477361679077e-01
2.068337202072143555e-01 6.627763807773590088e-02 1.600084751844406128e-01
2.196474671363830566e-01 6.796036660671234131e-02 1.687404215335845947e-01
2.119938880205154419e-01 6.692245602607727051e-02 1.635225713253021240e-01
2.144879251718521118e-01 6.755315512418746948e-02 1.653024256229400635e-01
2.146933525800704956e-01 6.791251897811889648e-02 1.655427962541580200e-01
2.045197486877441406e-01 6.672514230012893677e-02 1.585715711116790771e-01
1.959799379110336304e-01 6.567491590976715088e-02 1.528593450784683228e-01
1.811612844467163086e-01 6.315375864505767822e-02 1.424003392457962036e-01
1.965001523494720459e-01 6.512827426195144653e-02 1.528025865554809570e-01
2.136208713054656982e-01 6.739060580730438232e-02 1.645339429378509521e-01
2.238870412111282349e-01 6.855165958404541016e-02 1.714835613965988159e-01
2.107203900814056396e-01 6.676786392927169800e-02 1.625226885080337524e-01
2.062878608703613281e-01 6.641381978988647461e-02 1.596902757883071899e-01
2.089879810810089111e-01 6.706857681274414062e-02 1.617435365915298462e-01
2.029380947351455688e-01 6.631828099489212036e-02 1.575549244880676270e-01
2.060449421405792236e-01 6.673610955476760864e-02 1.596637070178985596e-01
2.293679118156433105e-01 6.947349011898040771e-02 1.758668869733810425e-01
2.480995506048202515e-01 7.170241326093673706e-02 1.885541975498199463e-01
2.507030069828033447e-01 7.207978516817092896e-02 1.902355700731277466e-01
2.616712749004364014e-01 7.340473681688308716e-02 1.975775212049484253e-01
2.581236064434051514e-01 7.309776544570922852e-02 1.950552314519882202e-01
2.397213876247406006e-01 7.056768983602523804e-02 1.825852245092391968e-01
2.270444184541702271e-01 6.902423501014709473e-02 1.740357428789138794e-01
2.611601948738098145e-01 7.292944192886352539e-02 1.970847249031066895e-01
2.400653660297393799e-01 7.055993378162384033e-02 1.832978427410125732e-01
2.444086074829101562e-01 7.088627666234970093e-02 1.866810470819473267e-01
2.431427240371704102e-01 7.086320221424102783e-02 1.861801743507385254e-01
2.480636090040206909e-01 7.158306241035461426e-02 1.895088404417037964e-01
2.419655770063400269e-01 7.100252062082290649e-02 1.853154897689819336e-01
2.131412029266357422e-01 6.736519932746887207e-02 1.654932796955108643e-01
2.034153938293457031e-01 6.579612195491790771e-02 1.590093821287155151e-01
1.947180032730102539e-01 6.475929915904998779e-02 1.529352217912673950e-01
1.803319603204727173e-01 6.276140362024307251e-02 1.427775174379348755e-01
1.645813435316085815e-01 6.069999188184738159e-02 1.315578371286392212e-01
1.585455685853958130e-01 6.013473495841026306e-02 1.272466778755187988e-01
1.623115390539169312e-01 6.040965020656585693e-02 1.299179494380950928e-01
1.590952277183532715e-01 6.004772707819938660e-02 1.275956928730010986e-01
1.581059992313385010e-01 6.018160656094551086e-02 1.269852221012115479e-01
1.441465020179748535e-01 5.845512449741363525e-02 1.171014830470085144e-01
1.307502835988998413e-01 5.644207447767257690e-02 1.074831858277320862e-01
1.238615363836288452e-01 5.546077340841293335e-02 1.024941653013229370e-01
1.480939835309982300e-01 5.911639705300331116e-02 1.197348237037658691e-01
1.474194228649139404e-01 5.910696461796760559e-02 1.191563308238983154e-01
1.224336028099060059e-01 5.540858209133148193e-02 1.014359369874000549e-01
1.186935603618621826e-01 5.491435527801513672e-02 9.875118732452392578e-02
1.138877049088478088e-01 5.402278155088424683e-02 9.533634036779403687e-02
1.246130540966987610e-01 5.560138449072837830e-02 1.030246838927268982e-01
1.425511687994003296e-01 5.832490697503089905e-02 1.158936768770217896e-01
1.556766778230667114e-01 6.007065251469612122e-02 1.252631992101669312e-01
1.505639851093292236e-01 5.947944149374961853e-02 1.218090578913688660e-01
1.376122981309890747e-01 5.737982317805290222e-02 1.124971061944961548e-01
1.380931586027145386e-01 5.748465657234191895e-02 1.127273291349411011e-01
1.652731597423553467e-01 6.118537858128547668e-02 1.319759488105773926e-01
1.697869747877120972e-01 6.173271685838699341e-02 1.351469159126281738e-01
1.606460362672805786e-01 6.066257879137992859e-02 1.288088709115982056e-01
1.493457108736038208e-01 5.913266167044639587e-02 1.208214983344078064e-01
1.369066387414932251e-01 5.743297934532165527e-02 1.118734925985336304e-01
1.368782222270965576e-01 5.742939189076423645e-02 1.117763668298721313e-01
1.352694332599639893e-01 5.722599104046821594e-02 1.106716543436050415e-01
1.281479001045227051e-01 5.621272325515747070e-02 1.055814325809478760e-01
1.125409752130508423e-01 5.390349775552749634e-02 9.437693655490875244e-02
1.080686375498771667e-01 5.332464724779129028e-02 9.110947698354721069e-02
1.030248999595642090e-01 5.248625203967094421e-02 8.738227933645248413e-02
1.115798428654670715e-01 5.362246558070182800e-02 9.360671043395996094e-02
1.070553883910179138e-01 5.302630364894866943e-02 9.031441807746887207e-02
1.176270022988319397e-01 5.459462106227874756e-02 9.804161638021469116e-02
1.288937032222747803e-01 5.619407072663307190e-02 1.060298159718513489e-01
1.361611932516098022e-01 5.735501274466514587e-02 1.112130433320999146e-01
1.345030218362808228e-01 5.703968182206153870e-02 1.100924983620643616e-01
1.418676972389221191e-01 5.813736468553543091e-02 1.154048293828964233e-01
1.343365460634231567e-01 5.707994103431701660e-02 1.101713031530380249e-01
1.511379778385162354e-01 5.931896343827247620e-02 1.222162544727325439e-01
1.395844072103500366e-01 5.755411460995674133e-02 1.139491274952888489e-01
1.466721147298812866e-01 5.856369808316230774e-02 1.189782246947288513e-01
1.419367790222167969e-01 5.786787718534469604e-02 1.155742853879928589e-01
1.357437968254089355e-01 5.696362629532814026e-02 1.109670177102088928e-01
1.233248934149742126e-01 5.506270006299018860e-02 1.020316556096076965e-01
1.389840841293334961e-01 5.742535740137100220e-02 1.133501082658767700e-01
1.563379913568496704e-01 6.009700894355773926e-02 1.258392184972763062e-01
1.525540351867675781e-01 5.949211120605468750e-02 1.232915073633193970e-01
1.353448480367660522e-01 5.693072825670242310e-02 1.109434962272644043e-01
1.319018155336380005e-01 5.650021880865097046e-02 1.085193231701850891e-01
1.180364489555358887e-01 5.431396514177322388e-02 9.845286607742309570e-02
1.193849518895149231e-01 5.463635176420211792e-02 9.936342388391494751e-02
1.244543492794036865e-01 5.552454665303230286e-02 1.030522733926773071e-01
1.331602334976196289e-01 5.689549073576927185e-02 1.092182397842407227e-01
1.469773352146148682e-01 5.884943529963493347e-02 1.191190108656883240e-01
1.420820802450180054e-01 5.813327804207801819e-02 1.156140863895416260e-01
1.449194401502609253e-01 5.859216675162315369e-02 1.176599934697151184e-01
1.679489612579345703e-01 6.187677755951881409e-02 1.341791301965713501e-01
1.480185985565185547e-01 5.905334651470184326e-02 1.198890209197998047e-01
1.476526707410812378e-01 5.910997837781906128e-02 1.196166276931762695e-01
1.393031477928161621e-01 5.785442888736724854e-02 1.136983260512351990e-01
1.385918259620666504e-01 5.763351917266845703e-02 1.132143959403038025e-01
1.475656181573867798e-01 5.878791213035583496e-02 1.195379719138145447e-01
1.452805548906326294e-01 5.855657905340194702e-02 1.178654581308364868e-01
1.415776759386062622e-01 5.804927647113800049e-02 1.152268722653388977e-01
1.495939940214157104e-01 5.921215191483497620e-02 1.209857463836669922e-01
1.495107114315032959e-01 5.931949242949485779e-02 1.209961995482444763e-01
1.532649695873260498e-01 5.984826013445854187e-02 1.236340180039405823e-01
1.475546658039093018e-01 5.912147834897041321e-02 1.195059120655059814e-01
1.550121009349822998e-01 6.006221845746040344e-02 1.249079182744026184e-01
1.416398882865905762e-01 5.807930231094360352e-02 1.153980195522308350e-01
1.403452754020690918e-01 5.779755488038063049e-02 1.144438609480857849e-01
1.479656100273132324e-01 5.879581719636917114e-02 1.199272051453590393e-01
1.412214338779449463e-01 5.830034613609313965e-02 1.149889528751373291e-01
1.479959636926651001e-01 5.901965871453285217e-02 1.199656426906585693e-01
1.472049802541732788e-01 5.872700735926628113e-02 1.193629577755928040e-01
1.477735936641693115e-01 5.858493968844413757e-02 1.196544766426086426e-01
1.525488644838333130e-01 5.917844176292419434e-02 1.231372877955436707e-01
1.594037115573883057e-01 6.027606502175331116e-02 1.280247718095779419e-01
1.431351155042648315e-01 5.826357379555702209e-02 1.164928376674652100e-01
1.394857615232467651e-01 5.769617483019828796e-02 1.138226017355918884e-01
1.361173838376998901e-01 5.749036371707916260e-02 1.113626956939697266e-01
1.255032122135162354e-01 5.577551200985908508e-02 1.037876084446907043e-01
1.402473747730255127e-01 5.805830284953117371e-02 1.142730936408042908e-01
1.512814909219741821e-01 5.940931290388107300e-02 1.221925839781761169e-01
1.477029770612716675e-01 5.891881138086318970e-02 1.196201741695404053e-01
1.297166347503662109e-01 5.627573281526565552e-02 1.067668348550796509e-01
1.269437819719314575e-01 5.581875890493392944e-02 1.048252284526824951e-01
1.156698912382125854e-01 5.418372899293899536e-02 9.661493450403213501e-02
1.199252828955650330e-01 5.493402853608131409e-02 9.971479326486587524e-02
1.233156174421310425e-01 5.559015646576881409e-02 1.021277680993080139e-01
1.277080029249191284e-01 5.628848820924758911e-02 1.053611412644386292e-01
1.437874734401702881e-01 5.866432562470436096e-02 1.168323978781700134e-01
1.467633247375488281e-01 5.899322032928466797e-02 1.189807727932929993e-01
1.369813233613967896e-01 5.761204287409782410e-02 1.119898930191993713e-01
1.323537677526473999e-01 5.691290274262428284e-02 1.086703315377235413e-01
1.204184368252754211e-01 5.528035014867782593e-02 1.000733673572540283e-01
1.320078670978546143e-01 5.710103362798690796e-02 1.084461733698844910e-01
1.276511400938034058e-01 5.648669973015785217e-02 1.053040549159049988e-01
1.294332891702651978e-01 5.666846781969070435e-02 1.065469458699226379e-01
1.231735199689865112e-01 5.578292533755302429e-02 1.020004898309707642e-01
1.310097575187683105e-01 5.689357221126556396e-02 1.075814217329025269e-01
1.246724575757980347e-01 5.593630671501159668e-02 1.030868962407112122e-01
1.322060525417327881e-01 5.700067058205604553e-02 1.084663569927215576e-01
1.420397013425827026e-01 5.845412239432334900e-02 1.155919358134269714e-01
1.511005759239196777e-01 5.960259214043617249e-02 1.220622956752777100e-01
1.602822989225387573e-01 6.089250370860099792e-02 1.284923851490020752e-01
1.589359939098358154e-01 6.063404306769371033e-02 1.275569796562194824e-01
1.548177450895309448e-01 6.015666201710700989e-02 1.247382536530494690e-01
1.608912646770477295e-01 6.077000126242637634e-02 1.290997564792633057e-01
1.609106659889221191e-01 6.099141389131546021e-02 1.289978772401809692e-01
1.499411761760711670e-01 5.948155373334884644e-02 1.212958320975303650e-01
1.308604329824447632e-01 5.681506544351577759e-02 1.076111420989036560e-01
1.369598209857940674e-01 5.737950280308723450e-02 1.118996292352676392e-01
1.421234011650085449e-01 5.834893509745597839e-02 1.156056970357894897e-01
1.828204691410064697e-01 6.332059949636459351e-02 1.442098915576934814e-01
1.692181974649429321e-01 6.206104904413223267e-02 1.348307281732559204e-01
1.528077572584152222e-01 5.999167636036872864e-02 1.232588440179824829e-01
1.445677876472473145e-01 5.856331437826156616e-02 1.172258704900741577e-01
1.423379033803939819e-01 5.822663381695747375e-02 1.155972033739089966e-01
1.410742551088333130e-01 5.806941539049148560e-02 1.146834716200828552e-01
1.423172652721405029e-01 5.802235379815101624e-02 1.154720634222030640e-01
1.347837895154953003e-01 5.703205987811088562e-02 1.101227179169654846e-01
1.326084285974502563e-01 5.674247443675994873e-02 1.085864081978797913e-01
1.290773600339889526e-01 5.624528974294662476e-02 1.060521751642227173e-01
1.214631050825119019e-01 5.524745583534240723e-02 1.006011366844177246e-01
1.228705495595932007e-01 5.550173297524452209e-02 1.017332226037979126e-01
1.252452880144119263e-01 5.580198764801025391e-02 1.036907136440277100e-01
1.191029250621795654e-01 5.487298965454101562e-02 9.913230687379837036e-02
1.094264462590217590e-01 5.334689095616340637e-02 9.211885184049606323e-02
1.121935620903968811e-01 5.371837317943572998e-02 9.401536732912063599e-02
1.214572414755821228e-01 5.508605390787124634e-02 1.006654575467109680e-01
1.205942034721374512e-01 5.514676123857498169e-02 1.000941693782806396e-01
1.328072994947433472e-01 5.683051049709320068e-02 1.089141890406608582e-01
1.284646987915039062e-01 5.624041333794593811e-02 1.057277247309684753e-01
1.268618255853652954e-01 5.598326027393341064e-02 1.046800017356872559e-01
1.181706637144088745e-01 5.462563410401344299e-02 9.840809553861618042e-02
1.299331188201904297e-01 5.612936988472938538e-02 1.068319305777549744e-01
1.057461351156234741e-01 5.284398794174194336e-02 8.928610384464263916e-02
1.041283011436462402e-01 5.252559855580329895e-02 8.811199665069580078e-02
1.037661433219909668e-01 5.244826152920722961e-02 8.778151869773864746e-02
1.049840748310089111e-01 5.254684388637542725e-02 8.865810930728912354e-02
1.046758741140365601e-01 5.247900262475013733e-02 8.851487934589385986e-02
1.053961068391799927e-01 5.259754881262779236e-02 8.908556401729583740e-02
1.015047430992126465e-01 5.210633203387260437e-02 8.626209199428558350e-02
8.284772187471389771e-02 4.891433939337730408e-02 7.250546663999557495e-02
7.967254519462585449e-02 4.829517006874084473e-02 7.011196017265319824e-02
8.305131644010543823e-02 4.886051639914512634e-02 7.255521416664123535e-02
8.620137721300125122e-02 4.932009801268577576e-02 7.490831613540649414e-02
8.326252549886703491e-02 4.882145300507545471e-02 7.271581888198852539e-02
9.163592010736465454e-02 5.023244395852088928e-02 7.890131324529647827e-02
9.005038440227508545e-02 4.999058321118354797e-02 7.769598066806793213e-02
8.962467312812805176e-02 5.008669570088386536e-02 7.740213721990585327e-02
1.104047968983650208e-01 5.349299684166908264e-02 9.257172793149948120e-02
1.143592894077301025e-01 5.398873984813690186e-02 9.548069536685943604e-02
1.190745383501052856e-01 5.460006371140480042e-02 9.883502125740051270e-02
1.143678128719329834e-01 5.383070930838584900e-02 9.544423222541809082e-02
1.065723374485969543e-01 5.270425230264663696e-02 8.974988013505935669e-02
9.500306099653244019e-02 5.082079395651817322e-02 8.122421801090240479e-02
9.968052804470062256e-02 5.165487900376319885e-02 8.468569070100784302e-02
1.089423447847366333e-01 5.322709679603576660e-02 9.148754179477691650e-02
1.261685192584991455e-01 5.587584897875785828e-02 1.040263324975967407e-01
1.318850219249725342e-01 5.650675296783447266e-02 1.081314086914062500e-01
1.290769279003143311e-01 5.624170601367950439e-02 1.061346679925918579e-01
1.335123777389526367e-01 5.675009265542030334e-02 1.094195321202278137e-01
1.228145211935043335e-01 5.521787703037261963e-02 1.016254574060440063e-01
1.169083639979362488e-01 5.423261225223541260e-02 9.728419035673141479e-02
1.272920221090316772e-01 5.605264753103256226e-02 1.048848852515220642e-01
1.187591776251792908e-01 5.470410734415054321e-02 9.870295971632003784e-02
1.173948645591735840e-01 5.455404520034790039e-02 9.777758270502090454e-02
1.204733550548553467e-01 5.486001446843147278e-02 9.990377724170684814e-02
1.167298629879951477e-01 5.435719341039657593e-02 9.733526408672332764e-02
1.299235820770263672e-01 5.639916285872459412e-02 1.068890616297721863e-01
1.294318437576293945e-01 5.647448822855949402e-02 1.065847352147102356e-01
1.308842003345489502e-01 5.683212354779243469e-02 1.076017022132873535e-01
1.302700936794281006e-01 5.644650757312774658e-02 1.070679500699043274e-01
1.231745854020118713e-01 5.511301383376121521e-02 1.019157245755195618e-01
1.227052733302116394e-01 5.486946552991867065e-02 1.015288829803466797e-01
1.200471147894859314e-01 5.447928234934806824e-02 9.970656782388687134e-02
1.244918629527091980e-01 5.520629510283470154e-02 1.028932929039001465e-01
1.253278404474258423e-01 5.576674267649650574e-02 1.035694703459739685e-01
1.377726644277572632e-01 5.741185322403907776e-02 1.125207021832466125e-01
1.487454622983932495e-01 5.918946117162704468e-02 1.202998608350753784e-01
1.258601099252700806e-01 5.580324679613113403e-02 1.039869636297225952e-01
1.095303595066070557e-01 5.340558663010597229e-02 9.220308065414428711e-02
1.240098923444747925e-01 5.551256611943244934e-02 1.027184277772903442e-01
1.298287212848663330e-01 5.607871338725090027e-02 1.067692488431930542e-01
1.367955803871154785e-01 5.784276872873306274e-02 1.119689866900444031e-01
1.189538165926933289e-01 5.510796979069709778e-02 9.917684644460678101e-02
1.122957617044448853e-01 5.419485643506050110e-02 9.435121715068817139e-02
1.069675534963607788e-01 5.290989950299263000e-02 9.046771377325057983e-02
1.098057776689529419e-01 5.338981002569198608e-02 9.262613952159881592e-02
1.015249118208885193e-01 5.193144828081130981e-02 8.654639869928359985e-02
1.132289096713066101e-01 5.382223427295684814e-02 9.501148760318756104e-02
1.194979175925254822e-01 5.492218211293220520e-02 9.956570714712142944e-02
1.221026331186294556e-01 5.542302131652832031e-02 1.014199554920196533e-01
1.244924739003181458e-01 5.555092543363571167e-02 1.030447781085968018e-01
1.327435076236724854e-01 5.665640905499458313e-02 1.090128421783447266e-01
1.247428879141807556e-01 5.561283975839614868e-02 1.033398509025573730e-01
1.263884156942367554e-01 5.587894096970558167e-02 1.045257449150085449e-01
1.226053908467292786e-01 5.514358729124069214e-02 1.016894876956939697e-01
1.153320670127868652e-01 5.403534695506095886e-02 9.634666889905929565e-02
1.111241877079010010e-01 5.362201854586601257e-02 9.339849650859832764e-02
1.257711648941040039e-01 5.578663945198059082e-02 1.039265021681785583e-01
1.398764997720718384e-01 5.764599144458770752e-02 1.138973459601402283e-01
1.324721574783325195e-01 5.663156136870384216e-02 1.086803525686264038e-01
1.035663634538650513e-01 5.258569121360778809e-02 8.779679238796234131e-02
1.073977127671241760e-01 5.295808240771293640e-02 9.052968025207519531e-02
1.047303006052970886e-01 5.254298448562622070e-02 8.865065872669219971e-02
9.883933514356613159e-02 5.182958394289016724e-02 8.445163816213607788e-02
9.693595767021179199e-02 5.152238905429840088e-02 8.294077962636947632e-02
1.109270751476287842e-01 5.376094579696655273e-02 9.315754473209381104e-02
1.201536208391189575e-01 5.524868890643119812e-02 9.976955503225326538e-02
1.209927797317504883e-01 5.534237995743751526e-02 1.004298701882362366e-01
1.211378499865531921e-01 5.535586923360824585e-02 1.006234809756278992e-01
1.261298805475234985e-01 5.590546131134033203e-02 1.042818054556846619e-01
1.218105107545852661e-01 5.561035498976707458e-02 1.012277975678443909e-01
1.295202374458312988e-01 5.616642907261848450e-02 1.065887212753295898e-01
1.387171298265457153e-01 5.766451731324195862e-02 1.131291761994361877e-01
1.342999190092086792e-01 5.710780620574951172e-02 1.099784523248672485e-01
1.383874863386154175e-01 5.782037228345870972e-02 1.129139810800552368e-01
1.273092329502105713e-01 5.600822716951370239e-02 1.047877147793769836e-01
1.303846538066864014e-01 5.637763440608978271e-02 1.069827973842620850e-01
1.241502687335014343e-01 5.546983331441879272e-02 1.026344299316406250e-01
1.249274536967277527e-01 5.566304177045822144e-02 1.030734032392501831e-01
1.259600967168807983e-01 5.578191205859184265e-02 1.038041189312934875e-01
1.399391740560531616e-01 5.800723657011985779e-02 1.138521656394004822e-01
1.721830964088439941e-01 6.188818812370300293e-02 1.365902125835418701e-01
1.328655034303665161e-01 5.702171102166175842e-02 1.088415384292602539e-01
1.213828921318054199e-01 5.526897683739662170e-02 1.005052104592323303e-01
1.267916113138198853e-01 5.615827441215515137e-02 1.043805330991744995e-01
1.316549628973007202e-01 5.664553493261337280e-02 1.078908517956733704e-01
1.322704255580902100e-01 5.686144530773162842e-02 1.084072738885879517e-01
1.223371028900146484e-01 5.534385144710540771e-02 1.013074964284896851e-01
1.182782575488090515e-01 5.464372411370277405e-02 9.838066995143890381e-02
1.160949468612670898e-01 5.414488911628723145e-02 9.690073877573013306e-02
1.234531924128532410e-01 5.527499690651893616e-02 1.021170243620872498e-01
1.336964070796966553e-01 5.680299550294876099e-02 1.094718202948570251e-01
1.406779140233993530e-01 5.785218626260757446e-02 1.144657135009765625e-01
1.589890122413635254e-01 6.032945215702056885e-02 1.274573951959609985e-01
1.432683765888214111e-01 5.810114741325378418e-02 1.162526011466979980e-01
1.255597621202468872e-01 5.568466335535049438e-02 1.035493686795234680e-01
1.276324838399887085e-01 5.594869330525398254e-02 1.050450354814529419e-01
1.376232355833053589e-01 5.757592990994453430e-02 1.123907342553138733e-01
1.431671828031539917e-01 5.832356214523315430e-02 1.164094209671020508e-01
1.434826403856277466e-01 5.817329883575439453e-02 1.165857687592506409e-01
1.586479097604751587e-01 6.007969751954078674e-02 1.273552179336547852e-01
1.555122882127761841e-01 5.967663228511810303e-02 1.251361519098281860e-01
1.351743042469024658e-01 5.702191963791847229e-02 1.106453165411949158e-01
1.179351881146430969e-01 5.447483062744140625e-02 9.809108078479766846e-02
1.298464238643646240e-01 5.601621791720390320e-02 1.065648868680000305e-01
1.239390820264816284e-01 5.517253279685974121e-02 1.024050116539001465e-01
1.255382001399993896e-01 5.563226714730262756e-02 1.036290749907493591e-01
1.347040385007858276e-01 5.689782276749610901e-02 1.102713122963905334e-01
1.219381093978881836e-01 5.535938963294029236e-02 1.010818779468536377e-01
1.141541227698326111e-01 5.419525504112243652e-02 9.540917724370956421e-02
1.094423234462738037e-01 5.336834862828254700e-02 9.194900095462799072e-02
1.150407195091247559e-01 5.418542400002479553e-02 9.597463905811309814e-02
1.212120205163955688e-01 5.513655766844749451e-02 1.005758047103881836e-01
1.322730481624603271e-01 5.707210302352905273e-02 1.085734814405441284e-01
1.316554844379425049e-01 5.634897202253341675e-02 1.080651283264160156e-01
1.228501126170158386e-01 5.518690124154090881e-02 1.017017662525177002e-01
1.225248426198959351e-01 5.501587688922882080e-02 1.014209985733032227e-01
1.189760044217109680e-01 5.467076972126960754e-02 9.888333827257156372e-02
1.199999526143074036e-01 5.485136434435844421e-02 9.966532140970230103e-02
1.137548238039016724e-01 5.392937734723091125e-02 9.518857300281524658e-02
1.194061189889907837e-01 5.469209700822830200e-02 9.932981431484222412e-02
1.218209937214851379e-01 5.502130836248397827e-02 1.009966805577278137e-01
1.186721399426460266e-01 5.463685467839241028e-02 9.874013066291809082e-02
1.168176308274269104e-01 5.447282642126083374e-02 9.739609807729721069e-02
1.114793196320533752e-01 5.361375585198402405e-02 9.353955835103988647e-02
1.148038655519485474e-01 5.406911298632621765e-02 9.596341103315353394e-02
1.192304119467735291e-01 5.465708673000335693e-02 9.921116381883621216e-02
1.252544969320297241e-01 5.555403232574462891e-02 1.035491004586219788e-01
1.340811103582382202e-01 5.662398040294647217e-02 1.099026799201965332e-01
1.423307508230209351e-01 5.784088373184204102e-02 1.157784685492515564e-01
1.521827578544616699e-01 5.900335684418678284e-02 1.227914988994598389e-01
1.603105515241622925e-01 6.012206524610519409e-02 1.286113262176513672e-01
1.643841266632080078e-01 6.074434146285057068e-02 1.315347254276275635e-01
1.611125618219375610e-01 6.059474498033523560e-02 1.292138099670410156e-01
1.593991816043853760e-01 6.029326841235160828e-02 1.279162317514419556e-01
1.684134155511856079e-01 6.162421032786369324e-02 1.343961507081985474e-01
1.661199480295181274e-01 6.130216270685195923e-02 1.326955705881118774e-01
1.725178658962249756e-01 6.236871704459190369e-02 1.371606886386871338e-01
1.721577495336532593e-01 6.214939057826995850e-02 1.365818679332733154e-01
1.734701395034790039e-01 6.226295977830886841e-02 1.375039666891098022e-01
1.675817966461181641e-01 6.165284663438796997e-02 1.334885060787200928e-01
1.678526550531387329e-01 6.155025959014892578e-02 1.338813751935958862e-01
1.714152246713638306e-01 6.186178326606750488e-02 1.363993138074874878e-01
1.726746112108230591e-01 6.204561889171600342e-02 1.372540146112442017e-01
1.780142784118652344e-01 6.294696778059005737e-02 1.410262733697891235e-01
1.764627844095230103e-01 6.295005977153778076e-02 1.399908810853958130e-01
1.761612743139266968e-01 6.274143606424331665e-02 1.398290693759918213e-01
1.852923035621643066e-01 6.365163624286651611e-02 1.462121009826660156e-01
1.729994267225265503e-01 6.209977343678474426e-02 1.375362426042556763e-01
1.673865616321563721e-01 6.146326661109924316e-02 1.335975974798202515e-01
1.653589010238647461e-01 6.149226054549217224e-02 1.322679966688156128e-01
1.709762513637542725e-01 6.187705323100090027e-02 1.360817551612854004e-01
1.815069317817687988e-01 6.311799585819244385e-02 1.435572057962417603e-01
1.735300272703170776e-01 6.198755279183387756e-02 1.379857063293457031e-01
1.630264818668365479e-01 6.087205931544303894e-02 1.305526047945022583e-01
1.704653948545455933e-01 6.174974888563156128e-02 1.357920765876770020e-01
1.660408079624176025e-01 6.114168092608451843e-02 1.327257305383682251e-01
1.564405560493469238e-01 6.022042036056518555e-02 1.258739829063415527e-01
1.694013029336929321e-01 6.184148043394088745e-02 1.351335942745208740e-01
1.820232123136520386e-01 6.327763944864273071e-02 1.440409719944000244e-01
1.868825405836105347e-01 6.403686851263046265e-02 1.472710371017456055e-01
1.811815053224563599e-01 6.387450546026229858e-02 1.431840956211090088e-01
1.779300123453140259e-01 6.311397999525070190e-02 1.409992426633834839e-01
1.598744988441467285e-01 6.040523946285247803e-02 1.282775253057479858e-01
1.657247543334960938e-01 6.121218577027320862e-02 1.325123310089111328e-01
1.784493029117584229e-01 6.317999213933944702e-02 1.415116488933563232e-01
1.910187304019927979e-01 6.465362012386322021e-02 1.503189057111740112e-01
1.678171008825302124e-01 6.181132793426513672e-02 1.341458857059478760e-01
1.636579483747482300e-01 6.110723316669464111e-02 1.311582475900650024e-01
1.450451165437698364e-01 5.844203382730484009e-02 1.178937181830406189e-01
1.463975459337234497e-01 5.871895328164100647e-02 1.188446208834648132e-01
1.469160616397857666e-01 5.891093239188194275e-02 1.191920787096023560e-01
1.579318046569824219e-01 6.045596674084663391e-02 1.270471066236495972e-01
1.518713384866714478e-01 5.952600389719009399e-02 1.227902472019195557e-01
1.500314921140670776e-01 5.932516977190971375e-02 1.214656159281730652e-01
1.444397270679473877e-01 5.865082889795303345e-02 1.174647435545921326e-01
1.362721920013427734e-01 5.737484619021415710e-02 1.115305125713348389e-01
1.345873773097991943e-01 5.732386186718940735e-02 1.103769317269325256e-01
1.355071663856506348e-01 5.730078741908073425e-02 1.110468506813049316e-01
1.376532912254333496e-01 5.761074274778366089e-02 1.125850901007652283e-01
1.340623050928115845e-01 5.704003199934959412e-02 1.099346950650215149e-01
1.376655399799346924e-01 5.760223045945167542e-02 1.125978901982307434e-01
1.548820734024047852e-01 5.988633632659912109e-02 1.248052865266799927e-01
1.579273492097854614e-01 6.033264473080635071e-02 1.268338859081268311e-01
1.457233428955078125e-01 5.880839377641677856e-02 1.182473227381706238e-01
1.524166613817214966e-01 5.956108495593070984e-02 1.230547279119491577e-01
1.265627294778823853e-01 5.601342394948005676e-02 1.044666692614555359e-01
1.303531080484390259e-01 5.652581900358200073e-02 1.073065325617790222e-01
1.283115148544311523e-01 5.638325586915016174e-02 1.057960912585258484e-01
1.431700289249420166e-01 5.851406604051589966e-02 1.163261011242866516e-01
1.545248180627822876e-01 5.991803109645843506e-02 1.243841275572776794e-01
1.645173579454421997e-01 6.114630028605461121e-02 1.313998997211456299e-01
1.499602198600769043e-01 5.928400531411170959e-02 1.211908757686614990e-01
1.663917750120162964e-01 6.150195002555847168e-02 1.329748034477233887e-01
1.668758839368820190e-01 6.132116168737411499e-02 1.331263035535812378e-01
2.407234460115432739e-01 7.026549428701400757e-02 1.842939406633377075e-01
2.454295307397842407e-01 7.096523046493530273e-02 1.877848803997039795e-01
2.026924788951873779e-01 6.594534963369369507e-02 1.584126651287078857e-01
1.845196038484573364e-01 6.340528279542922974e-02 1.457296460866928101e-01
1.769934594631195068e-01 6.266563385725021362e-02 1.405454874038696289e-01
1.777543872594833374e-01 6.288310140371322632e-02 1.411083042621612549e-01
1.755745559930801392e-01 6.245149299502372742e-02 1.394164115190505981e-01
1.750780493021011353e-01 6.223370879888534546e-02 1.390562653541564941e-01
1.602184474468231201e-01 6.008557602763175964e-02 1.287356466054916382e-01
1.670929342508316040e-01 6.113493070006370544e-02 1.334713548421859741e-01
1.898364871740341187e-01 6.404110789299011230e-02 1.494153738021850586e-01
1.920123100280761719e-01 6.415404379367828369e-02 1.507366746664047241e-01
1.902951598167419434e-01 6.423091143369674683e-02 1.496161222457885742e-01
1.798326671123504639e-01 6.295987218618392944e-02 1.423852890729904175e-01
1.747728288173675537e-01 6.227001920342445374e-02 1.388226002454757690e-01
1.765210926532745361e-01 6.255064159631729126e-02 1.400062739849090576e-01
1.755572557449340820e-01 6.236766651272773743e-02 1.392822861671447754e-01
1.709767431020736694e-01 6.166219338774681091e-02 1.360806077718734741e-01
1.709496825933456421e-01 6.181808561086654663e-02 1.360048502683639526e-01
1.679192334413528442e-01 6.170051917433738708e-02 1.339108049869537354e-01
1.621352285146713257e-01 6.073853000998497009e-02 1.297978460788726807e-01
1.615926474332809448e-01 6.078991293907165527e-02 1.293707340955734253e-01
1.635014116764068604e-01 6.121672317385673523e-02 1.307831704616546631e-01
1.701628118753433228e-01 6.181306764483451843e-02 1.355137676000595093e-01
1.621774286031723022e-01 6.095018982887268066e-02 1.298063844442367554e-01
1.558516025543212891e-01 5.991603061556816101e-02 1.254229843616485596e-01
1.459757387638092041e-01 5.856339260935783386e-02 1.183518394827842712e-01
1.506886333227157593e-01 5.905250459909439087e-02 1.217115968465805054e-01
1.624856293201446533e-01 6.058780476450920105e-02 1.301258057355880737e-01
1.533203274011611938e-01 5.932811647653579712e-02 1.235627532005310059e-01
1.631784737110137939e-01 6.089245900511741638e-02 1.305897682905197144e-01
1.722785681486129761e-01 6.208165362477302551e-02 1.369336843490600586e-01
1.713036000728607178e-01 6.216832250356674194e-02 1.362434178590774536e-01
1.770381480455398560e-01 6.267426908016204834e-02 1.404132544994354248e-01
1.777706146240234375e-01 6.281851232051849365e-02 1.408996582031250000e-01
1.624271124601364136e-01 6.064845994114875793e-02 1.300472766160964966e-01
1.546172350645065308e-01 5.955109000205993652e-02 1.245452463626861572e-01
1.420919299125671387e-01 5.782623216509819031e-02 1.156369894742965698e-01
1.370895951986312866e-01 5.705751478672027588e-02 1.120370328426361084e-01
1.313040852546691895e-01 5.617494136095046997e-02 1.078045517206192017e-01
1.470121294260025024e-01 5.847398936748504639e-02 1.190544664859771729e-01
1.463390588760375977e-01 5.849214643239974976e-02 1.185417100787162781e-01
1.441379040479660034e-01 5.831678211688995361e-02 1.170223131775856018e-01
1.643714755773544312e-01 6.111858785152435303e-02 1.314113140106201172e-01
1.546197682619094849e-01 5.986145511269569397e-02 1.244407221674919128e-01
1.607884466648101807e-01 6.063245981931686401e-02 1.288267225027084351e-01
1.576138883829116821e-01 6.014550849795341492e-02 1.265523582696914673e-01
1.521025300025939941e-01 5.950093641877174377e-02 1.227097213268280029e-01
1.554983705282211304e-01 5.997503921389579773e-02 1.251880377531051636e-01
1.633364111185073853e-01 6.107538938522338867e-02 1.307980269193649292e-01
1.463455557823181152e-01 5.855108425021171570e-02 1.186691895127296448e-01
1.537702530622482300e-01 5.955615267157554626e-02 1.239158511161804199e-01
1.509396433830261230e-01 5.921968072652816772e-02 1.219017282128334045e-01
1.569289565086364746e-01 6.004161387681961060e-02 1.261912137269973755e-01
1.465507894754409790e-01 5.865119025111198425e-02 1.187605112791061401e-01
1.393452882766723633e-01 5.760074034333229065e-02 1.136058121919631958e-01
1.260258555412292480e-01 5.573245882987976074e-02 1.040631905198097229e-01
1.243278831243515015e-01 5.546400696039199829e-02 1.027745231986045837e-01
1.199341416358947754e-01 5.480055510997772217e-02 9.957727789878845215e-02
1.267175078392028809e-01 5.581863224506378174e-02 1.044350937008857727e-01
1.316277831792831421e-01 5.644796788692474365e-02 1.080196350812911987e-01
1.305743455886840820e-01 5.627738311886787415e-02 1.072950512170791626e-01
1.332486718893051147e-01 5.676358938217163086e-02 1.092522814869880676e-01
1.266150623559951782e-01 5.585949867963790894e-02 1.044645681977272034e-01
1.348190456628799438e-01 5.707814544439315796e-02 1.103459820151329041e-01
1.325565129518508911e-01 5.672179535031318665e-02 1.088224649429321289e-01
1.211919188499450684e-01 5.506199225783348083e-02 1.006188318133354187e-01
1.164598613977432251e-01 5.441062524914741516e-02 9.721052646636962891e-02
1.100393608212471008e-01 5.337832495570182800e-02 9.254913032054901123e-02
1.148769855499267578e-01 5.399194732308387756e-02 9.608017653226852417e-02
1.133261322975158691e-01 5.372116342186927795e-02 9.493485838174819946e-02
1.220118403434753418e-01 5.506207048892974854e-02 1.012290641665458679e-01
1.312714219093322754e-01 5.652585998177528381e-02 1.079573854804039001e-01
1.147097572684288025e-01 5.386396870017051697e-02 9.599297493696212769e-02
1.191633939743041992e-01 5.458032339811325073e-02 9.914865344762802124e-02
1.203232258558273315e-01 5.483425781130790710e-02 9.989471733570098877e-02
1.187195554375648499e-01 5.471411719918251038e-02 9.883719682693481445e-02
1.196109205484390259e-01 5.490935966372489929e-02 9.946347773075103760e-02
1.322009414434432983e-01 5.682062730193138123e-02 1.084985136985778809e-01
1.423922181129455566e-01 5.831770226359367371e-02 1.159615218639373779e-01
1.300315111875534058e-01 5.649403110146522522e-02 1.070547699928283691e-01
1.266267001628875732e-01 5.603539571166038513e-02 1.045270338654518127e-01
1.264660954475402832e-01 5.604039877653121948e-02 1.044215187430381775e-01
1.337188780307769775e-01 5.674478039145469666e-02 1.097571328282356262e-01
1.264528185129165649e-01 5.576097220182418823e-02 1.044799238443374634e-01
1.194524243474006653e-01 5.477226153016090393e-02 9.936646372079849243e-02
1.326242238283157349e-01 5.665855854749679565e-02 1.089077815413475037e-01
1.354863643646240234e-01 5.704653635621070862e-02 1.108483150601387024e-01
1.304504424333572388e-01 5.626166611909866333e-02 1.071284189820289612e-01
1.225221306085586548e-01 5.533526837825775146e-02 1.015265062451362610e-01
1.250925958156585693e-01 5.578530952334403992e-02 1.034442856907844543e-01
1.352549344301223755e-01 5.716497451066970825e-02 1.106956452131271362e-01
1.389022320508956909e-01 5.756217241287231445e-02 1.132529452443122864e-01
1.522622406482696533e-01 5.951239168643951416e-02 1.227763816714286804e-01
1.554747074842453003e-01 6.004562228918075562e-02 1.249835342168807983e-01
1.626868247985839844e-01 6.120515987277030945e-02 1.303245276212692261e-01
1.646839380264282227e-01 6.127152219414710999e-02 1.317165344953536987e-01
1.589031666517257690e-01 6.044940277934074402e-02 1.275929510593414307e-01
1.572825312614440918e-01 6.024057790637016296e-02 1.263121813535690308e-01
1.678799539804458618e-01 6.157182157039642334e-02 1.338977813720703125e-01
1.691183745861053467e-01 6.182030215859413147e-02 1.348298192024230957e-01
1.619405895471572876e-01 6.101122871041297913e-02 1.297468692064285278e-01
1.612575799226760864e-01 6.080125644803047180e-02 1.292750090360641479e-01
1.534978002309799194e-01 5.976944416761398315e-02 1.237484514713287354e-01
1.448758989572525024e-01 5.875566229224205017e-02 1.175763458013534546e-01
1.406695693731307983e-01 5.798264220356941223e-02 1.145242080092430115e-01
1.432784795761108398e-01 5.827671661972999573e-02 1.164685264229774475e-01
1.306899338960647583e-01 5.638095363974571228e-02 1.074639633297920227e-01
1.282130330801010132e-01 5.583249032497406006e-02 1.055740490555763245e-01
1.172473207116127014e-01 5.427632480859756470e-02 9.780759364366531372e-02
1.205726563930511475e-01 5.491419881582260132e-02 1.001652032136917114e-01
1.200461685657501221e-01 5.487234145402908325e-02 9.975227713584899902e-02
1.172145679593086243e-01 5.449645966291427612e-02 9.775795787572860718e-02
1.192963272333145142e-01 5.485835671424865723e-02 9.920040518045425415e-02
1.271428912878036499e-01 5.602385476231575012e-02 1.049015298485755920e-01
1.396558880805969238e-01 5.748774856328964233e-02 1.137922853231430054e-01
1.316942572593688965e-01 5.647939443588256836e-02 1.080572307109832764e-01
1.634853184223175049e-01 6.101301684975624084e-02 1.307565718889236450e-01
1.740183234214782715e-01 6.233638897538185120e-02 1.382283121347427368e-01
1.598225235939025879e-01 6.052693352103233337e-02 1.282337754964828491e-01
1.687208265066146851e-01 6.178434565663337708e-02 1.345337629318237305e-01
1.578391045331954956e-01 6.059682369232177734e-02 1.267879605293273926e-01
1.565375328063964844e-01 6.015584617853164673e-02 1.258800327777862549e-01
1.423175334930419922e-01 5.824520811438560486e-02 1.156841367483139038e-01
1.392448097467422485e-01 5.770843848586082458e-02 1.136033609509468079e-01
1.254263371229171753e-01 5.572193488478660583e-02 1.037160307168960571e-01
1.233036890625953674e-01 5.518786609172821045e-02 1.020806506276130676e-01
1.227488964796066284e-01 5.512201786041259766e-02 1.016220599412918091e-01
1.326813399791717529e-01 5.636359006166458130e-02 1.087630167603492737e-01
1.452545225620269775e-01 5.834404006600379944e-02 1.177982911467552185e-01
1.550800800323486328e-01 5.969592183828353882e-02 1.248739063739776611e-01
1.524922549724578857e-01 5.962429195642471313e-02 1.229318603873252869e-01
1.474305540323257446e-01 5.882938951253890991e-02 1.193884536623954773e-01
1.786276102066040039e-01 6.331411004066467285e-02 1.416001766920089722e-01
2.082193344831466675e-01 6.690032035112380981e-02 1.623365134000778198e-01
1.913856565952301025e-01 6.484097242355346680e-02 1.505575180053710938e-01
1.647698581218719482e-01 6.143753975629806519e-02 1.317919194698333740e-01
1.540207266807556152e-01 5.998676270246505737e-02 1.241465732455253601e-01
1.640542894601821899e-01 6.150961667299270630e-02 1.312920302152633667e-01
1.455307453870773315e-01 5.880948528647422791e-02 1.181117221713066101e-01
1.191275343298912048e-01 5.483076721429824829e-02 9.918075054883956909e-02
1.334767043590545654e-01 5.676855146884918213e-02 1.094077005982398987e-01
1.687013953924179077e-01 6.182149425148963928e-02 1.344771087169647217e-01
1.788472980260848999e-01 6.338334083557128906e-02 1.417355239391326904e-01
1.650599390268325806e-01 6.119887903332710266e-02 1.318869292736053467e-01
1.727868616580963135e-01 6.235695630311965942e-02 1.373791247606277466e-01
1.617624312639236450e-01 6.115858629345893860e-02 1.295824944972991943e-01
1.568572074174880981e-01 6.061049178242683411e-02 1.261214613914489746e-01
1.563362479209899902e-01 6.044343858957290649e-02 1.258246898651123047e-01
1.572317630052566528e-01 6.051705777645111084e-02 1.263981163501739502e-01
1.594428122043609619e-01 6.087545678019523621e-02 1.279894560575485229e-01
1.485348641872406006e-01 5.929611623287200928e-02 1.201765537261962891e-01
1.427408456802368164e-01 5.853668972849845886e-02 1.160440221428871155e-01
1.427095085382461548e-01 5.848054960370063782e-02 1.160578280687332153e-01
1.357969045639038086e-01 5.739016830921173096e-02 1.110524535179138184e-01
1.297439038753509521e-01 5.635798722505569458e-02 1.067551523447036743e-01
1.193466261029243469e-01 5.474690720438957214e-02 9.923185408115386963e-02
1.260375827550888062e-01 5.581409856677055359e-02 1.041524633765220642e-01
1.320932507514953613e-01 5.653561651706695557e-02 1.085316538810729980e-01
1.386102437973022461e-01 5.767878890037536621e-02 1.131795793771743774e-01
1.466884166002273560e-01 5.872520804405212402e-02 1.189653947949409485e-01
1.492579877376556396e-01 5.922989174723625183e-02 1.206619217991828918e-01
1.421571671962738037e-01 5.811145529150962830e-02 1.155556440353393555e-01
1.312668621540069580e-01 5.643346160650253296e-02 1.078048795461654663e-01
1.175195351243019104e-01 5.447097122669219971e-02 9.790577739477157593e-02
1.080682054162025452e-01 5.296147242188453674e-02 9.104658663272857666e-02
1.146224811673164368e-01 5.402291938662528992e-02 9.581121057271957397e-02
1.159521415829658508e-01 5.416873469948768616e-02 9.661513566970825195e-02
1.256609708070755005e-01 5.579339712858200073e-02 1.036275401711463928e-01
1.372227072715759277e-01 5.732601508498191833e-02 1.119454130530357361e-01
1.322608888149261475e-01 5.672188848257064819e-02 1.084359660744667053e-01
1.151449829339981079e-01 5.416884273290634155e-02 9.608065336942672729e-02
1.040347740054130554e-01 5.239539965987205505e-02 8.805027604103088379e-02
1.122732758522033691e-01 5.373273417353630066e-02 9.402722865343093872e-02
1.371668130159378052e-01 5.747299641370773315e-02 1.120529323816299438e-01
1.369501203298568726e-01 5.741225928068161011e-02 1.119845882058143616e-01
1.359193176031112671e-01 5.736969411373138428e-02 1.111335903406143188e-01
1.324075162410736084e-01 5.694400519132614136e-02 1.086264401674270630e-01
1.266787648200988770e-01 5.599080398678779602e-02 1.045441478490829468e-01
1.145962700247764587e-01 5.401452630758285522e-02 9.579174965620040894e-02
1.142419055104255676e-01 5.407393351197242737e-02 9.554765373468399048e-02
1.156873852014541626e-01 5.431643500924110413e-02 9.673904627561569214e-02
1.306664496660232544e-01 5.663140490651130676e-02 1.073849946260452271e-01
1.079055368900299072e-01 5.313586071133613586e-02 9.093461185693740845e-02
1.217773929238319397e-01 5.529854074120521545e-02 1.009931340813636780e-01
1.382966339588165283e-01 5.782733485102653503e-02 1.128239929676055908e-01
1.418252438306808472e-01 5.805852636694908142e-02 1.152140870690345764e-01
1.301793307065963745e-01 5.650050938129425049e-02 1.069182157516479492e-01
1.122047826647758484e-01 5.375372990965843201e-02 9.402741491794586182e-02
9.453180432319641113e-02 5.097323656082153320e-02 8.108233660459518433e-02
1.050135642290115356e-01 5.259320139884948730e-02 8.869657665491104126e-02
1.220523193478584290e-01 5.525607988238334656e-02 1.010712087154388428e-01
1.394699364900588989e-01 5.787139758467674255e-02 1.136778667569160461e-01
1.441774070262908936e-01 5.854251608252525330e-02 1.170251667499542236e-01
1.348399668931961060e-01 5.733737722039222717e-02 1.103016734123229980e-01
1.442019194364547729e-01 5.868022888898849487e-02 1.170085296034812927e-01
1.444546133279800415e-01 5.863316357135772705e-02 1.172348335385322571e-01
1.404013484716415405e-01 5.806478857994079590e-02 1.143197640776634216e-01
1.371911317110061646e-01 5.747088044881820679e-02 1.120320037007331848e-01
1.406393945217132568e-01 5.800369009375572205e-02 1.145193278789520264e-01
1.315578371286392212e-01 5.689222365617752075e-02 1.081931516528129578e-01
1.323545128107070923e-01 5.708651244640350342e-02 1.088408082723617554e-01
1.239052787423133850e-01 5.585665255784988403e-02 1.026623845100402832e-01
1.182030364871025085e-01 5.497745797038078308e-02 9.850396215915679932e-02
1.167358458042144775e-01 5.468217283487319946e-02 9.745505452156066895e-02
1.326153725385665894e-01 5.695253983139991760e-02 1.089642196893692017e-01
1.446541547775268555e-01 5.874172598123550415e-02 1.175905093550682068e-01
1.498314142227172852e-01 5.931349843740463257e-02 1.211205497384071350e-01
1.408935338258743286e-01 5.814292654395103455e-02 1.148107349872589111e-01
1.268192380666732788e-01 5.619932711124420166e-02 1.046282276511192322e-01
1.200155243277549744e-01 5.502311140298843384e-02 9.981060028076171875e-02
1.377551257610321045e-01 5.749412253499031067e-02 1.125368922948837280e-01
1.263253837823867798e-01 5.597021430730819702e-02 1.042322665452957153e-01
1.182245165109634399e-01 5.475867539644241333e-02 9.839055687189102173e-02
1.125987470149993896e-01 5.390627309679985046e-02 9.433600306510925293e-02
1.114547029137611389e-01 5.369588360190391541e-02 9.340421110391616821e-02
1.089717969298362732e-01 5.341792479157447815e-02 9.169520437717437744e-02
1.194577589631080627e-01 5.504297465085983276e-02 9.927387535572052002e-02
1.419883519411087036e-01 5.824186652898788452e-02 1.154514402151107788e-01
1.454394012689590454e-01 5.863444134593009949e-02 1.180347725749015808e-01
1.304184943437576294e-01 5.681969597935676575e-02 1.072648912668228149e-01
1.197442039847373962e-01 5.517558753490447998e-02 9.954851865768432617e-02
1.056846827268600464e-01 5.301502719521522522e-02 8.929696679115295410e-02
1.070114746689796448e-01 5.309979990124702454e-02 9.035967290401458740e-02
1.262048929929733276e-01 5.619752779603004456e-02 1.043560206890106201e-01
1.256560236215591431e-01 5.611370503902435303e-02 1.039292737841606140e-01
1.279823780059814453e-01 5.654111504554748535e-02 1.056635826826095581e-01
1.217420771718025208e-01 5.552168190479278564e-02 1.010769531130790710e-01
1.248633265495300293e-01 5.601554736495018005e-02 1.032408177852630615e-01
1.373066604137420654e-01 5.774189159274101257e-02 1.120946928858757019e-01
1.337243169546127319e-01 5.724976956844329834e-02 1.095281541347503662e-01
1.270435899496078491e-01 5.623349919915199280e-02 1.047765240073204041e-01
1.172790825366973877e-01 5.472443997859954834e-02 9.775894880294799805e-02
1.175049096345901489e-01 5.470034107565879822e-02 9.793976694345474243e-02
1.113572418689727783e-01 5.376463383436203003e-02 9.345294535160064697e-02
1.201830431818962097e-01 5.519907549023628235e-02 9.987638890743255615e-02
1.182182207703590393e-01 5.491961166262626648e-02 9.841746091842651367e-02
1.234246715903282166e-01 5.567597970366477966e-02 1.021474301815032959e-01
1.288597434759140015e-01 5.661609396338462830e-02 1.060727164149284363e-01
1.269083172082901001e-01 5.620408430695533752e-02 1.047404706478118896e-01
1.376042068004608154e-01 5.776899307966232300e-02 1.124864295125007629e-01
1.396556645631790161e-01 5.800446122884750366e-02 1.139808818697929382e-01
1.359261721372604370e-01 5.763293802738189697e-02 1.112375780940055847e-01
1.324661225080490112e-01 5.697053670883178711e-02 1.087891384959220886e-01
1.396398991346359253e-01 5.811144039034843445e-02 1.138571575284004211e-01
1.508741080760955811e-01 5.944834277033805847e-02 1.218423023819923401e-01
1.471244990825653076e-01 5.895121768116950989e-02 1.190898418426513672e-01
1.522818207740783691e-01 5.980600789189338684e-02 1.227764189243316650e-01
1.493012607097625732e-01 5.932101607322692871e-02 1.206774264574050903e-01
1.551223099231719971e-01 6.008898839354515076e-02 1.248336732387542725e-01
1.551252454519271851e-01 6.014072895050048828e-02 1.248613074421882629e-01
1.520129293203353882e-01 5.956616997718811035e-02 1.225219666957855225e-01
1.440103203058242798e-01 5.833314359188079834e-02 1.166353896260261536e-01
1.556519865989685059e-01 6.002657860517501831e-02 1.251650303602218628e-01
1.442297250032424927e-01 5.824864655733108521e-02 1.168230846524238586e-01
1.426715701818466187e-01 5.801842734217643738e-02 1.158555075526237488e-01
1.416593194007873535e-01 5.791681632399559021e-02 1.151828095316886902e-01
1.369810402393341064e-01 5.769687518477439880e-02 1.120638623833656311e-01
1.355967968702316284e-01 5.723243579268455505e-02 1.108310297131538391e-01
1.389041841030120850e-01 5.779020488262176514e-02 1.131954193115234375e-01
1.311621665954589844e-01 5.669758096337318420e-02 1.076706722378730774e-01
1.269902288913726807e-01 5.612890422344207764e-02 1.046873331069946289e-01
1.141019091010093689e-01 5.419421195983886719e-02 9.538684040307998657e-02
1.124933511018753052e-01 5.386224016547203064e-02 9.423204511404037476e-02
1.069781333208084106e-01 5.314743891358375549e-02 9.023831039667129517e-02
1.094322428107261658e-01 5.357989296317100525e-02 9.203614294528961182e-02
1.033168062567710876e-01 5.270092189311981201e-02 8.758793771266937256e-02
9.745563566684722900e-02 5.174533650279045105e-02 8.329525589942932129e-02
1.030712947249412537e-01 5.256640538573265076e-02 8.731593936681747437e-02
1.117852702736854553e-01 5.393565446138381958e-02 9.364414960145950317e-02
1.137270629405975342e-01 5.416402965784072876e-02 9.506948292255401611e-02
1.112298592925071716e-01 5.382040143013000488e-02 9.326770901679992676e-02
1.105554029345512390e-01 5.370194092392921448e-02 9.279646724462509155e-02
1.121880859136581421e-01 5.396636202931404114e-02 9.394518285989761353e-02
1.132614091038703918e-01 5.410919338464736938e-02 9.470845758914947510e-02
1.166832745075225830e-01 5.464990809559822083e-02 9.721827507019042969e-02
1.142466217279434204e-01 5.431162938475608826e-02 9.540598839521408081e-02
1.136165186762809753e-01 5.414359271526336670e-02 9.491774439811706543e-02
1.197867989540100098e-01 5.513946339488029480e-02 9.938830137252807617e-02
1.194442287087440491e-01 5.506196618080139160e-02 9.910059720277786255e-02
1.192575842142105103e-01 5.495680496096611023e-02 9.893900901079177856e-02
1.214239075779914856e-01 5.523741245269775391e-02 1.005176305770874023e-01
1.220319122076034546e-01 5.532847717404365540e-02 1.009590849280357361e-01
1.252744942903518677e-01 5.580458417534828186e-02 1.032835468649864197e-01
1.266483664512634277e-01 5.603364855051040649e-02 1.042748764157295227e-01
1.256823390722274780e-01 5.586764216423034668e-02 1.035742461681365967e-01
1.282161176204681396e-01 5.624700710177421570e-02 1.053925231099128723e-01
1.338980346918106079e-01 5.696776136755943298e-02 1.095167100429534912e-01
1.440719813108444214e-01 5.829257518053054810e-02 1.167919784784317017e-01
1.502284556627273560e-01 5.897253006696701050e-02 1.211773678660392761e-01
1.539781540632247925e-01 5.945711582899093628e-02 1.238827258348464966e-01
1.543273329734802246e-01 5.945874750614166260e-02 1.241220831871032715e-01
1.736056208610534668e-01 6.196893006563186646e-02 1.378521174192428589e-01
1.994761675596237183e-01 6.502497941255569458e-02 1.559974402189254761e-01
2.125046402215957642e-01 6.633759289979934692e-02 1.650096178054809570e-01
2.137592583894729614e-01 6.660982966423034668e-02 1.660486161708831787e-01
2.150576561689376831e-01 6.674905866384506226e-02 1.669677197933197021e-01
2.122112661600112915e-01 6.647875159978866577e-02 1.649982929229736328e-01
2.079022228717803955e-01 6.639389693737030029e-02 1.622380912303924561e-01
1.847084462642669678e-01 6.320434063673019409e-02 1.457400321960449219e-01
1.055085659027099609e-01 5.247881636023521423e-02 8.892765641212463379e-02
9.800959378480911255e-02 5.156444758176803589e-02 8.345757424831390381e-02
9.895667433738708496e-02 5.205558985471725464e-02 8.418869227170944214e-02
1.183331161737442017e-01 5.479818955063819885e-02 9.820691496133804321e-02
1.893195956945419312e-01 6.451217085123062134e-02 1.482791602611541748e-01
2.254404127597808838e-01 6.927113980054855347e-02 1.731267273426055908e-01
2.948538959026336670e-01 7.793502509593963623e-02 2.203333824872970581e-01
2.742146253585815430e-01 7.516293972730636597e-02 2.064744085073471069e-01
2.713508605957031250e-01 7.467056810855865479e-02 2.044737637042999268e-01
2.802562713623046875e-01 7.593615353107452393e-02 2.104847729206085205e-01
2.756291031837463379e-01 7.556293904781341553e-02 2.073512077331542969e-01
2.890735268592834473e-01 7.726190984249114990e-02 2.165942639112472534e-01
2.668056190013885498e-01 7.463756203651428223e-02 2.016247659921646118e-01
2.350039184093475342e-01 7.052317261695861816e-02 1.800408214330673218e-01
1.967994719743728638e-01 6.551826000213623047e-02 1.539468616247177124e-01
1.777186095714569092e-01 6.312210112810134888e-02 1.406667083501815796e-01
1.751623153686523438e-01 6.283784657716751099e-02 1.388805210590362549e-01
1.526715308427810669e-01 5.980628728866577148e-02 1.230005398392677307e-01
1.203189641237258911e-01 5.510731041431427002e-02 9.985463321208953857e-02
1.055977419018745422e-01 5.278186872601509094e-02 8.902097493410110474e-02
1.073441803455352783e-01 5.308289453387260437e-02 9.029503911733627319e-02
1.220309734344482422e-01 5.522982403635978699e-02 1.009086146950721741e-01
1.447976380586624146e-01 5.837888643145561218e-02 1.173972189426422119e-01
1.740279942750930786e-01 6.210534274578094482e-02 1.382193714380264282e-01
1.783492863178253174e-01 6.264862418174743652e-02 1.413584202527999878e-01
1.845955401659011841e-01 6.335549056529998779e-02 1.456871628761291504e-01
1.904672682285308838e-01 6.414685398340225220e-02 1.498732715845108032e-01
1.883189231157302856e-01 6.382670253515243530e-02 1.483250111341476440e-01
1.762265712022781372e-01 6.231640279293060303e-02 1.398547589778900146e-01
1.810266375541687012e-01 6.280717998743057251e-02 1.433617174625396729e-01
1.950822025537490845e-01 6.406781822443008423e-02 1.530369371175765991e-01
1.941267102956771851e-01 6.403899192810058594e-02 1.522695869207382202e-01
2.071027159690856934e-01 6.560253351926803589e-02 1.610779166221618652e-01
1.951979547739028931e-01 6.418699026107788086e-02 1.526954323053359985e-01
1.806658208370208740e-01 6.243753433227539062e-02 1.424180567264556885e-01
1.835923194885253906e-01 6.277012079954147339e-02 1.444295346736907959e-01
1.770606786012649536e-01 6.195914372801780701e-02 1.398068666458129883e-01
1.789871305227279663e-01 6.224993988871574402e-02 1.410904824733734131e-01
1.753760129213333130e-01 6.195753440260887146e-02 1.385551393032073975e-01
1.736799329519271851e-01 6.175615638494491577e-02 1.374492943286895752e-01
1.802979707717895508e-01 6.216346472501754761e-02 1.420409232378005981e-01
1.902310401201248169e-01 6.316217780113220215e-02 1.488712579011917114e-01
1.896363347768783569e-01 6.334095448255538940e-02 1.485439985990524292e-01
1.894660741090774536e-01 6.408621370792388916e-02 1.485836803913116455e-01
1.897547245025634766e-01 6.447377055883407593e-02 1.487340480089187622e-01
1.873294115066528320e-01 6.432181596755981445e-02 1.471192836761474609e-01
1.914028823375701904e-01 6.458050012588500977e-02 1.499848216772079468e-01
1.999125182628631592e-01 6.504587084054946899e-02 1.558031141757965088e-01
2.027585804462432861e-01 6.531994044780731201e-02 1.577741354703903198e-01
2.031937688589096069e-01 6.554206460714340210e-02 1.581360995769500732e-01
