9.254271537065505981e-02 4.978175088763237000e-02 8.001300692558288574e-02
9.403238445520401001e-02 4.997868835926055908e-02 8.114986121654510498e-02
9.301758557558059692e-02 4.966153576970100403e-02 8.042640984058380127e-02
8.020478487014770508e-02 4.765659943222999573e-02 7.098622620105743408e-02
7.159419357776641846e-02 4.635230451822280884e-02 6.447679549455642700e-02
6.845299899578094482e-02 4.580135643482208252e-02 6.211514770984649658e-02
6.705439090728759766e-02 4.556813463568687439e-02 6.108761578798294067e-02
7.980308681726455688e-02 4.784778133034706116e-02 7.059732079505920410e-02
9.045306593179702759e-02 4.970312491059303284e-02 7.837355136871337891e-02
7.576695084571838379e-02 4.715870693325996399e-02 6.768818944692611694e-02
8.907060325145721436e-02 4.931505024433135986e-02 7.756878435611724854e-02
8.591805398464202881e-02 4.894428700208663940e-02 7.533967494964599609e-02
8.969844132661819458e-02 4.955539479851722717e-02 7.804974913597106934e-02
9.692816436290740967e-02 5.062890052795410156e-02 8.338970690965652466e-02
1.063767746090888977e-01 5.209392681717872620e-02 9.011621773242950439e-02
1.147060394287109375e-01 5.357588455080986023e-02 9.623249620199203491e-02
1.112749502062797546e-01 5.331459268927574158e-02 9.370744973421096802e-02
1.114140525460243225e-01 5.311059579253196716e-02 9.380412846803665161e-02
1.028661280870437622e-01 5.157260224223136902e-02 8.755793422460556030e-02
1.143025532364845276e-01 5.318140238523483276e-02 9.589054435491561890e-02
1.263045966625213623e-01 5.511400103569030762e-02 1.045457497239112854e-01
1.161802634596824646e-01 5.348218232393264771e-02 9.716199338436126709e-02
1.245118826627731323e-01 5.511362105607986450e-02 1.032846346497535706e-01
1.124656423926353455e-01 5.337730795145034790e-02 9.462600201368331909e-02
1.034946739673614502e-01 5.164963006973266602e-02 8.809465169906616211e-02
1.084034666419029236e-01 5.234414711594581604e-02 9.162971377372741699e-02
1.079114899039268494e-01 5.235775932669639587e-02 9.124089777469635010e-02
1.017898470163345337e-01 5.134600773453712463e-02 8.674411475658416748e-02
1.038856580853462219e-01 5.168829113245010376e-02 8.821579068899154663e-02
1.064928099513053894e-01 5.219307914376258850e-02 9.005273133516311646e-02
9.704950451850891113e-02 5.051675438880920410e-02 8.328756690025329590e-02
1.060410141944885254e-01 5.215159058570861816e-02 8.985622972249984741e-02
1.058019250631332397e-01 5.207535624504089355e-02 8.975896984338760376e-02
1.071180030703544617e-01 5.229614302515983582e-02 9.059378504753112793e-02
1.111260801553726196e-01 5.305069684982299805e-02 9.348383545875549316e-02
1.251141130924224854e-01 5.520763993263244629e-02 1.034495979547500610e-01
1.431970447301864624e-01 5.799517035484313965e-02 1.165494993329048157e-01
1.419617086648941040e-01 5.806983634829521179e-02 1.157922223210334778e-01
1.394460797309875488e-01 5.747779086232185364e-02 1.139588654041290283e-01
1.524671614170074463e-01 5.960775911808013916e-02 1.231877878308296204e-01
1.537040621042251587e-01 5.958238989114761353e-02 1.240734159946441650e-01
1.582852751016616821e-01 6.026199832558631897e-02 1.273633837699890137e-01
1.555978655815124512e-01 5.977961421012878418e-02 1.254000514745712280e-01
1.351049393415451050e-01 5.681642144918441772e-02 1.107818484306335449e-01
1.334013342857360840e-01 5.657858774065971375e-02 1.095731332898139954e-01
1.348631232976913452e-01 5.657994374632835388e-02 1.106428205966949463e-01
1.401344984769821167e-01 5.733496323227882385e-02 1.144202277064323425e-01
1.379945278167724609e-01 5.714364722371101379e-02 1.127537861466407776e-01
1.576343029737472534e-01 6.014290824532508850e-02 1.266533434391021729e-01
1.630193889141082764e-01 6.079820170998573303e-02 1.303866803646087646e-01
1.604131460189819336e-01 6.090165302157402039e-02 1.285038292407989502e-01
1.858188062906265259e-01 6.473337858915328979e-02 1.461876183748245239e-01
1.911268830299377441e-01 6.529515236616134644e-02 1.497468799352645874e-01
1.728915572166442871e-01 6.259966641664505005e-02 1.371450871229171753e-01
1.683517247438430786e-01 6.205232441425323486e-02 1.339289546012878418e-01
1.652758121490478516e-01 6.136448308825492859e-02 1.319953948259353638e-01
1.613349914550781250e-01 6.078136712312698364e-02 1.291609108448028564e-01
1.833279430866241455e-01 6.384768337011337280e-02 1.446823924779891968e-01
1.741582304239273071e-01 6.269001215696334839e-02 1.381452381610870361e-01
1.580367982387542725e-01 6.028328835964202881e-02 1.265921741724014282e-01
1.691319048404693604e-01 6.189745664596557617e-02 1.345530003309249878e-01
1.672678440809249878e-01 6.184223666787147522e-02 1.333963871002197266e-01
1.623164415359497070e-01 6.131578981876373291e-02 1.299723982810974121e-01
1.584064662456512451e-01 6.065973266959190369e-02 1.273895055055618286e-01
1.505446583032608032e-01 5.957523733377456665e-02 1.216160431504249573e-01
1.475623995065689087e-01 5.864777788519859314e-02 1.194826290011405945e-01
1.391255110502243042e-01 5.748194083571434021e-02 1.134520322084426880e-01
1.346376538276672363e-01 5.666682869195938110e-02 1.102043017745018005e-01
1.305661797523498535e-01 5.597605556249618530e-02 1.072741970419883728e-01
1.217740848660469055e-01 5.470102280378341675e-02 1.009570956230163574e-01
1.170752719044685364e-01 5.412085726857185364e-02 9.770280122756958008e-02
1.012021750211715698e-01 5.146519839763641357e-02 8.616618812084197998e-02
8.656681329011917114e-02 4.891742393374443054e-02 7.550770044326782227e-02
8.641053736209869385e-02 4.889380559325218201e-02 7.532339543104171753e-02
1.161013245582580566e-01 5.376442894339561462e-02 9.701759368181228638e-02
1.141028776764869690e-01 5.352825671434402466e-02 9.546320140361785889e-02
1.189503446221351624e-01 5.436027422547340393e-02 9.929735213518142700e-02
1.156147345900535583e-01 5.381130427122116089e-02 9.696401655673980713e-02
1.131757721304893494e-01 5.359796807169914246e-02 9.517715126276016235e-02
1.348681300878524780e-01 5.718062818050384521e-02 1.109001785516738892e-01
1.333876550197601318e-01 5.662255734205245972e-02 1.097363457083702087e-01
1.437305659055709839e-01 5.776159465312957764e-02 1.169611737132072449e-01
1.561815440654754639e-01 5.949126556515693665e-02 1.258108615875244141e-01
1.380486190319061279e-01 5.692460760474205017e-02 1.129510551691055298e-01
1.236851364374160767e-01 5.472668632864952087e-02 1.027049794793128967e-01
1.245858073234558105e-01 5.477564409375190735e-02 1.033267676830291748e-01
1.454717963933944702e-01 5.818621069192886353e-02 1.183379963040351868e-01
1.509722918272018433e-01 5.907928943634033203e-02 1.222011297941207886e-01
1.405363827943801880e-01 5.745366960763931274e-02 1.147988364100456238e-01
1.264681518077850342e-01 5.533311143517494202e-02 1.047639101743698120e-01
1.283757537603378296e-01 5.571472644805908203e-02 1.061473488807678223e-01
1.482595503330230713e-01 5.854320153594017029e-02 1.203253120183944702e-01
1.442957818508148193e-01 5.803070962429046631e-02 1.175146326422691345e-01
1.185270398855209351e-01 5.403739213943481445e-02 9.896732121706008911e-02
1.199598982930183411e-01 5.420371890068054199e-02 9.999726712703704834e-02
1.110626012086868286e-01 5.265868827700614929e-02 9.352660924196243286e-02
1.163181737065315247e-01 5.366657301783561707e-02 9.731787443161010742e-02
1.168301180005073547e-01 5.361163988709449768e-02 9.755870699882507324e-02
1.295110583305358887e-01 5.569031834602355957e-02 1.067250445485115051e-01
1.316733658313751221e-01 5.607184767723083496e-02 1.084022149443626404e-01
1.359555572271347046e-01 5.663411691784858704e-02 1.115181744098663330e-01
1.268084198236465454e-01 5.530929192900657654e-02 1.049224734306335449e-01
1.369566619396209717e-01 5.681851133704185486e-02 1.122272983193397522e-01
1.260051429271697998e-01 5.531756207346916199e-02 1.044403389096260071e-01
1.161386966705322266e-01 5.342172458767890930e-02 9.725003689527511597e-02
1.075353920459747314e-01 5.239624157547950745e-02 9.104061871767044067e-02
1.042276918888092041e-01 5.200137570500373840e-02 8.869796246290206909e-02
9.121274203062057495e-02 4.969584569334983826e-02 7.919249683618545532e-02
1.032840982079505920e-01 5.164990201592445374e-02 8.794169127941131592e-02
1.194501221179962158e-01 5.453177914023399353e-02 9.959615767002105713e-02
1.167541369795799255e-01 5.405254289507865906e-02 9.777761995792388916e-02
1.269514262676239014e-01 5.550369992852210999e-02 1.050504222512245178e-01
1.259849667549133301e-01 5.537933111190795898e-02 1.044412404298782349e-01
1.119984686374664307e-01 5.300905182957649231e-02 9.441052377223968506e-02
1.238124519586563110e-01 5.487802252173423767e-02 1.029147058725357056e-01
1.328200101852416992e-01 5.678703635931015015e-02 1.095275059342384338e-01
1.383818536996841431e-01 5.739548057317733765e-02 1.134121641516685486e-01
1.137387678027153015e-01 5.358892306685447693e-02 9.576325118541717529e-02
1.215888559818267822e-01 5.476815998554229736e-02 1.014202907681465149e-01
1.228652447462081909e-01 5.541375279426574707e-02 1.023971140384674072e-01
1.028998941183090210e-01 5.203243717551231384e-02 8.785303682088851929e-02
1.080549210309982300e-01 5.274303257465362549e-02 9.159150719642639160e-02
1.173825562000274658e-01 5.407823994755744934e-02 9.827966243028640747e-02
1.408868581056594849e-01 5.769671127200126648e-02 1.149479895830154419e-01
1.378713846206665039e-01 5.700275674462318420e-02 1.127767264842987061e-01
1.413082778453826904e-01 5.752428993582725525e-02 1.152921095490455627e-01
1.270476132631301880e-01 5.537370219826698303e-02 1.051293537020683289e-01
1.340961605310440063e-01 5.624543130397796631e-02 1.100909933447837830e-01
1.260030865669250488e-01 5.523023009300231934e-02 1.043489202857017517e-01
1.486358642578125000e-01 5.892359837889671326e-02 1.200617849826812744e-01
1.449783295392990112e-01 5.837386846542358398e-02 1.174722611904144287e-01
1.663571298122406006e-01 6.121309474110603333e-02 1.326015740633010864e-01
1.760559082031250000e-01 6.287147104740142822e-02 1.395657211542129517e-01
1.587461680173873901e-01 6.035150215029716492e-02 1.274306923151016235e-01
1.443404108285903931e-01 5.787757039070129395e-02 1.170871630311012268e-01
1.285685002803802490e-01 5.548911914229393005e-02 1.058534681797027588e-01
1.352908313274383545e-01 5.658819526433944702e-02 1.107603833079338074e-01
1.304076015949249268e-01 5.597143620252609253e-02 1.073045581579208374e-01
1.342974454164505005e-01 5.661052837967872620e-02 1.101652830839157104e-01
1.435779929161071777e-01 5.795468017458915710e-02 1.167801693081855774e-01
1.419725120067596436e-01 5.757220461964607239e-02 1.155808493494987488e-01
1.339929997920989990e-01 5.639109387993812561e-02 1.099406033754348755e-01
1.258186846971511841e-01 5.531588569283485413e-02 1.040606498718261719e-01
1.299136132001876831e-01 5.606653541326522827e-02 1.070739552378654480e-01
1.351618170738220215e-01 5.662827193737030029e-02 1.109083741903305054e-01
1.304969042539596558e-01 5.617056787014007568e-02 1.073383614420890808e-01
1.027595400810241699e-01 5.159833654761314392e-02 8.735809475183486938e-02
1.039131730794906616e-01 5.174247547984123230e-02 8.822115510702133179e-02
1.019783169031143188e-01 5.148364230990409851e-02 8.701240271329879761e-02
1.125966459512710571e-01 5.328015610575675964e-02 9.472966194152832031e-02
1.232284605503082275e-01 5.476655811071395874e-02 1.023061722517013550e-01
1.129025071859359741e-01 5.312517285346984863e-02 9.488268941640853882e-02
1.165559738874435425e-01 5.345679447054862976e-02 9.746709465980529785e-02
1.131381541490554810e-01 5.313375964760780334e-02 9.504239261150360107e-02
1.073382198810577393e-01 5.233591049909591675e-02 9.090587496757507324e-02
1.100758239626884460e-01 5.263856425881385803e-02 9.282717108726501465e-02
1.084479838609695435e-01 5.253877118229866028e-02 9.171146899461746216e-02
9.998972713947296143e-02 5.134719237685203552e-02 8.559315651655197144e-02
9.971300512552261353e-02 5.099137872457504272e-02 8.534315228462219238e-02
9.585202485322952271e-02 5.067565664649009705e-02 8.248949050903320312e-02
9.627325087785720825e-02 5.063313990831375122e-02 8.284610509872436523e-02
1.005930826067924500e-01 5.129810795187950134e-02 8.595184981822967529e-02
1.072950884699821472e-01 5.236313864588737488e-02 9.079471975564956665e-02
1.129925698041915894e-01 5.324999615550041199e-02 9.491711854934692383e-02
1.106951311230659485e-01 5.290040746331214905e-02 9.335075318813323975e-02
1.169784367084503174e-01 5.402310192584991455e-02 9.783887118101119995e-02
1.103902980685234070e-01 5.284941568970680237e-02 9.315428882837295532e-02
1.063711196184158325e-01 5.217755585908889771e-02 9.016559273004531860e-02
1.215593665838241577e-01 5.472982302308082581e-02 1.011466458439826965e-01
1.185551136732101440e-01 5.400781333446502686e-02 9.899020195007324219e-02
1.208014264702796936e-01 5.420257151126861572e-02 1.005911901593208313e-01
1.116279959678649902e-01 5.315010249614715576e-02 9.401774406433105469e-02
9.759385883808135986e-02 5.070700496435165405e-02 8.380006998777389526e-02
1.103113964200019836e-01 5.313292145729064941e-02 9.312286972999572754e-02
1.218976080417633057e-01 5.521685630083084106e-02 1.015906333923339844e-01
1.028077751398086548e-01 5.176695808768272400e-02 8.771155029535293579e-02
9.431454539299011230e-02 5.037161335349082947e-02 8.144541829824447632e-02
1.001024469733238220e-01 5.106311291456222534e-02 8.569216728210449219e-02
1.093248501420021057e-01 5.263831838965415955e-02 9.236789494752883911e-02
1.181697994470596313e-01 5.416704714298248291e-02 9.878493845462799072e-02
1.292793303728103638e-01 5.576529353857040405e-02 1.067322269082069397e-01
1.495615839958190918e-01 5.897339060902595520e-02 1.211129575967788696e-01
1.429746896028518677e-01 5.807327851653099060e-02 1.165540590882301331e-01
1.403689682483673096e-01 5.791480839252471924e-02 1.146544888615608215e-01
1.390115469694137573e-01 5.769649147987365723e-02 1.135929524898529053e-01
1.491329073905944824e-01 5.896757170557975769e-02 1.207770258188247681e-01
1.490298956632614136e-01 5.872787907719612122e-02 1.207405254244804382e-01
1.577749997377395630e-01 6.019992753863334656e-02 1.270384937524795532e-01
1.424084752798080444e-01 5.790913850069046021e-02 1.159757301211357117e-01
1.441552340984344482e-01 5.796353891491889954e-02 1.172505691647529602e-01
1.400033682584762573e-01 5.723847448825836182e-02 1.142965480685234070e-01
1.441299617290496826e-01 5.792399868369102478e-02 1.172521784901618958e-01
1.315953582525253296e-01 5.584376305341720581e-02 1.082919687032699585e-01
1.420574486255645752e-01 5.753805860877037048e-02 1.157733350992202759e-01
1.395585238933563232e-01 5.705101415514945984e-02 1.139668971300125122e-01
1.431093215942382812e-01 5.777805298566818237e-02 1.163393557071685791e-01
1.469109058380126953e-01 5.833012610673904419e-02 1.190200671553611755e-01
1.352738589048385620e-01 5.662064626812934875e-02 1.107337847352027893e-01
1.402583122253417969e-01 5.734125152230262756e-02 1.143066063523292542e-01
1.374646127223968506e-01 5.677957460284233093e-02 1.123532727360725403e-01
1.325669288635253906e-01 5.603829026222229004e-02 1.089250072836875916e-01
1.294422149658203125e-01 5.570852011442184448e-02 1.067489534616470337e-01
1.390366405248641968e-01 5.701663717627525330e-02 1.136005893349647522e-01
1.452801823616027832e-01 5.807222053408622742e-02 1.180717125535011292e-01
1.398354023694992065e-01 5.731315910816192627e-02 1.142027452588081360e-01
1.536860466003417969e-01 5.951506644487380981e-02 1.241092309355735779e-01
1.353882700204849243e-01 5.657511577010154724e-02 1.111665740609169006e-01
1.279127001762390137e-01 5.542188510298728943e-02 1.056508347392082214e-01
1.323857307434082031e-01 5.611659213900566101e-02 1.088640168309211731e-01
1.279957294464111328e-01 5.545686930418014526e-02 1.056697070598602295e-01
1.145058944821357727e-01 5.312025547027587891e-02 9.600502997636795044e-02
1.170648932456970215e-01 5.345375463366508484e-02 9.786747395992279053e-02
1.090103834867477417e-01 5.221533775329589844e-02 9.202912449836730957e-02
1.293099820613861084e-01 5.521662533283233643e-02 1.066949814558029175e-01
1.250429302453994751e-01 5.470437183976173401e-02 1.036245450377464294e-01
1.277527660131454468e-01 5.522547662258148193e-02 1.055425629019737244e-01
1.270340830087661743e-01 5.501202493906021118e-02 1.049858480691909790e-01
1.291335374116897583e-01 5.550286546349525452e-02 1.065360158681869507e-01
1.453583091497421265e-01 5.805619433522224426e-02 1.182363182306289673e-01
1.234802976250648499e-01 5.462694913148880005e-02 1.025624498724937439e-01
1.023363545536994934e-01 5.134694650769233704e-02 8.721334487199783325e-02
9.839261323213577271e-02 5.070361495018005371e-02 8.434273302555084229e-02
1.129773184657096863e-01 5.301993340253829956e-02 9.490786492824554443e-02
1.060244962573051453e-01 5.201731249690055847e-02 8.985908329486846924e-02
1.015007719397544861e-01 5.138326063752174377e-02 8.652951568365097046e-02
9.875038266181945801e-02 5.091556161642074585e-02 8.455128222703933716e-02
9.781978279352188110e-02 5.067691951990127563e-02 8.386495709419250488e-02
1.081947237253189087e-01 5.246241390705108643e-02 9.136788547039031982e-02
1.083695217967033386e-01 5.260779336094856262e-02 9.161634743213653564e-02
9.843084961175918579e-02 5.106323584914207458e-02 8.422285318374633789e-02
8.385123312473297119e-02 4.845841601490974426e-02 7.357213646173477173e-02
8.788349479436874390e-02 4.926216229796409607e-02 7.654944062232971191e-02
7.791820168495178223e-02 4.757981002330780029e-02 6.924530863761901855e-02
9.027315676212310791e-02 4.969829693436622620e-02 7.842398434877395630e-02
1.006412953138351440e-01 5.126823484897613525e-02 8.597451448440551758e-02
8.860675990581512451e-02 4.922807961702346802e-02 7.709147781133651733e-02
7.452190667390823364e-02 4.690141230821609497e-02 6.675747781991958618e-02
8.477374166250228882e-02 4.867278039455413818e-02 7.435621321201324463e-02
9.528908133506774902e-02 5.053541064262390137e-02 8.199492841958999634e-02
9.443849325180053711e-02 5.030887201428413391e-02 8.147995918989181519e-02
8.838994055986404419e-02 4.920870065689086914e-02 7.692099362611770630e-02
9.075833857059478760e-02 4.980776831507682800e-02 7.882401347160339355e-02
8.633227646350860596e-02 4.905276373028755188e-02 7.542256265878677368e-02
8.007516711950302124e-02 4.782723635435104370e-02 7.088091224431991577e-02
6.981349736452102661e-02 4.608314484357833862e-02 6.313885748386383057e-02
7.620179653167724609e-02 4.733215644955635071e-02 6.797289103269577026e-02
9.357898682355880737e-02 5.012404546141624451e-02 8.083824813365936279e-02
9.762460738420486450e-02 5.079964548349380493e-02 8.387237787246704102e-02
9.570713341236114502e-02 5.053742229938507080e-02 8.251164853572845459e-02
1.148052215576171875e-01 5.371635779738426208e-02 9.639264643192291260e-02
1.076054126024246216e-01 5.268682166934013367e-02 9.117328375577926636e-02
1.027492061257362366e-01 5.178042128682136536e-02 8.757003396749496460e-02
1.092081889510154724e-01 5.296007171273231506e-02 9.233561158180236816e-02
9.907639026641845703e-02 5.131645500659942627e-02 8.495648950338363647e-02
1.102124154567718506e-01 5.285245552659034729e-02 9.300079196691513062e-02
1.174761429429054260e-01 5.439967662096023560e-02 9.824743121862411499e-02
1.263659596443176270e-01 5.562888085842132568e-02 1.046257466077804565e-01
1.374034285545349121e-01 5.704179778695106506e-02 1.126183122396469116e-01
1.448517590761184692e-01 5.831942334771156311e-02 1.178314685821533203e-01
1.304681748151779175e-01 5.591380968689918518e-02 1.075915545225143433e-01
1.377014815807342529e-01 5.698499828577041626e-02 1.127811893820762634e-01
1.321564018726348877e-01 5.642832815647125244e-02 1.088294684886932373e-01
1.328588426113128662e-01 5.598939582705497742e-02 1.091669276356697083e-01
1.390520781278610229e-01 5.726096034049987793e-02 1.137192100286483765e-01
1.466398239135742188e-01 5.848224088549613953e-02 1.191428974270820618e-01
1.483355015516281128e-01 5.880730971693992615e-02 1.204012259840965271e-01
1.423535943031311035e-01 5.742684379220008850e-02 1.159792989492416382e-01
1.213938966393470764e-01 5.425235256552696228e-02 1.008688807487487793e-01
1.299695819616317749e-01 5.562547221779823303e-02 1.070962548255920410e-01
1.297117471694946289e-01 5.560099333524703979e-02 1.068552359938621521e-01
