9.536578506231307983e-02 5.034314841032028198e-02 8.221039921045303345e-02
1.025364175438880920e-01 5.151771008968353271e-02 8.744949847459793091e-02
1.087015122175216675e-01 5.243328958749771118e-02 9.191896766424179077e-02
1.076890528202056885e-01 5.220906063914299011e-02 9.112176299095153809e-02
1.351494044065475464e-01 5.624017864465713501e-02 1.109406575560569763e-01
1.190357506275177002e-01 5.418399348855018616e-02 9.930323064327239990e-02
1.218771710991859436e-01 5.418736487627029419e-02 1.013641133904457092e-01
1.153868883848190308e-01 5.356196686625480652e-02 9.679380059242248535e-02
9.823691844940185547e-02 5.052142217755317688e-02 8.428948372602462769e-02
9.182628989219665527e-02 4.995489493012428284e-02 7.958181947469711304e-02
9.917190670967102051e-02 5.122156441211700439e-02 8.487496525049209595e-02
1.175165772438049316e-01 5.386340618133544922e-02 9.812717139720916748e-02
1.194090694189071655e-01 5.442243069410324097e-02 9.963683038949966431e-02
1.020331755280494690e-01 5.147198587656021118e-02 8.712461590766906738e-02
1.046954318881034851e-01 5.181615054607391357e-02 8.911573886871337891e-02
9.614533185958862305e-02 5.069486796855926514e-02 8.280169218778610229e-02
1.211202591657638550e-01 5.429807305335998535e-02 1.007207632064819336e-01
1.174366101622581482e-01 5.408584326505661011e-02 9.811094403266906738e-02
1.300452500581741333e-01 5.566903948783874512e-02 1.073429659008979797e-01
1.163920983672142029e-01 5.366525426506996155e-02 9.755580127239227295e-02
1.019884198904037476e-01 5.148936435580253601e-02 8.705068379640579224e-02
9.363289922475814819e-02 5.011942237615585327e-02 8.089852333068847656e-02
9.869159013032913208e-02 5.095202103257179260e-02 8.454091846942901611e-02
1.020096316933631897e-01 5.144222453236579895e-02 8.700742572546005249e-02
9.762365370988845825e-02 5.084395408630371094e-02 8.385150879621505737e-02
9.344416856765747070e-02 5.022776126861572266e-02 8.079521358013153076e-02
9.006131440401077271e-02 4.957954958081245422e-02 7.833067327737808228e-02
9.394571185111999512e-02 5.030677095055580139e-02 8.121742308139801025e-02
1.100122332572937012e-01 5.273171141743659973e-02 9.289475530385971069e-02
1.153817027807235718e-01 5.363885685801506042e-02 9.679063409566879272e-02
1.131076216697692871e-01 5.324342101812362671e-02 9.516750276088714600e-02
9.642732888460159302e-02 5.054657906293869019e-02 8.305241167545318604e-02
9.447631984949111938e-02 5.026441439986228943e-02 8.161469548940658569e-02
8.800160884857177734e-02 4.933706298470497131e-02 7.688488066196441650e-02
9.133850783109664917e-02 5.003935098648071289e-02 7.927183806896209717e-02
7.983105629682540894e-02 4.798965528607368469e-02 7.069768011569976807e-02
1.101528853178024292e-01 5.304105952382087708e-02 9.317687898874282837e-02
1.317617595195770264e-01 5.553506687283515930e-02 1.086193248629570007e-01
8.671166002750396729e-02 4.892619326710700989e-02 7.589236646890640259e-02
9.335353970527648926e-02 4.996659234166145325e-02 8.073685318231582642e-02
1.180724948644638062e-01 5.419783294200897217e-02 9.875107556581497192e-02
1.262688934803009033e-01 5.545304715633392334e-02 1.046279445290565491e-01
1.048752963542938232e-01 5.194671079516410828e-02 8.911479264497756958e-02
1.044028922915458679e-01 5.174258351325988770e-02 8.876387029886245728e-02
1.004025787115097046e-01 5.133317410945892334e-02 8.581809699535369873e-02
1.016510576009750366e-01 5.143236368894577026e-02 8.677215129137039185e-02
1.021475419402122498e-01 5.153561383485794067e-02 8.716939389705657959e-02
1.030763685703277588e-01 5.172515660524368286e-02 8.788181841373443604e-02
1.018468663096427917e-01 5.134352296590805054e-02 8.694073557853698730e-02
1.112711355090141296e-01 5.278507247567176819e-02 9.378325939178466797e-02
1.075230389833450317e-01 5.223407596349716187e-02 9.105730801820755005e-02
1.133596375584602356e-01 5.337724462151527405e-02 9.534292668104171753e-02
1.265617311000823975e-01 5.539721623063087463e-02 1.048230454325675964e-01
1.263854950666427612e-01 5.551011115312576294e-02 1.047403737902641296e-01
1.225987151265144348e-01 5.463197827339172363e-02 1.019595488905906677e-01
1.111987754702568054e-01 5.274948105216026306e-02 9.375087916851043701e-02
1.102230623364448547e-01 5.278347805142402649e-02 9.305904060602188110e-02
1.000293642282485962e-01 5.121902748942375183e-02 8.556832373142242432e-02
9.363121539354324341e-02 5.002645775675773621e-02 8.088026940822601318e-02
1.057787835597991943e-01 5.208393931388854980e-02 8.983153849840164185e-02
1.278799623250961304e-01 5.539937689900398254e-02 1.057338714599609375e-01
1.151602566242218018e-01 5.236968025565147400e-02 9.630151093006134033e-02
1.096994206309318542e-01 5.273852869868278503e-02 9.250751882791519165e-02
1.193677335977554321e-01 5.466352403163909912e-02 9.957221895456314087e-02
1.133097186684608459e-01 5.329366773366928101e-02 9.517826139926910400e-02
1.242068558931350708e-01 5.448900163173675537e-02 1.029811650514602661e-01
1.278512030839920044e-01 5.555262789130210876e-02 1.056835427880287170e-01
1.246935874223709106e-01 5.523181334137916565e-02 1.033157706260681152e-01
1.112693026661872864e-01 5.304389446973800659e-02 9.363481402397155762e-02
1.027122735977172852e-01 5.153248459100723267e-02 8.741442114114761353e-02
1.122208312153816223e-01 5.291824415326118469e-02 9.429565817117691040e-02
1.105984523892402649e-01 5.260202288627624512e-02 9.309097379446029663e-02
1.059071347117424011e-01 5.195846781134605408e-02 8.970811218023300171e-02
1.346754729747772217e-01 5.624390393495559692e-02 1.103658005595207214e-01
1.381652057170867920e-01 5.669770762324333191e-02 1.127231717109680176e-01
1.171251833438873291e-01 5.376946553587913513e-02 9.768186509609222412e-02
1.503501981496810913e-01 5.812609940767288208e-02 1.209403052926063538e-01
1.267150789499282837e-01 5.488366633653640747e-02 1.045117750763893127e-01
1.649696677923202515e-01 6.109404191374778748e-02 1.309105008840560913e-01
1.559798121452331543e-01 6.009189039468765259e-02 1.248171254992485046e-01
2.018020302057266235e-01 6.701534986495971680e-02 1.565112173557281494e-01
1.976293474435806274e-01 6.613338738679885864e-02 1.541088372468948364e-01
2.335898131132125854e-01 7.084351778030395508e-02 1.788588911294937134e-01
1.783986985683441162e-01 6.217954680323600769e-02 1.410800963640213013e-01
1.037832871079444885e-01 5.133815482258796692e-02 8.806700259447097778e-02
1.033546999096870422e-01 5.141453072428703308e-02 8.776403963565826416e-02
1.110480278730392456e-01 5.253049731254577637e-02 9.337115287780761719e-02
1.122437939047813416e-01 5.276129022240638733e-02 9.424743056297302246e-02
1.156927570700645447e-01 5.335009098052978516e-02 9.670538455247879028e-02
1.197364106774330139e-01 5.399857461452484131e-02 9.962335973978042603e-02
1.206025034189224243e-01 5.412251874804496765e-02 1.002661883831024170e-01
1.236348152160644531e-01 5.446852371096611023e-02 1.024944335222244263e-01
1.154334992170333862e-01 5.327662825584411621e-02 9.665463864803314209e-02
1.160611212253570557e-01 5.328369140625000000e-02 9.708317369222640991e-02
1.154123991727828979e-01 5.320750921964645386e-02 9.663192182779312134e-02
1.107415780425071716e-01 5.260689184069633484e-02 9.325944632291793823e-02
1.080844476819038391e-01 5.220263823866844177e-02 9.126043319702148438e-02
1.112893894314765930e-01 5.261058360338211060e-02 9.364277869462966919e-02
1.167614683508872986e-01 5.336198210716247559e-02 9.754592180252075195e-02
1.119261533021926880e-01 5.275657400488853455e-02 9.413696080446243286e-02
1.015508174896240234e-01 5.126558989286422729e-02 8.663015067577362061e-02
9.409444779157638550e-02 5.009424686431884766e-02 8.126243948936462402e-02
9.702052175998687744e-02 5.050327256321907043e-02 8.341749012470245361e-02
9.100634604692459106e-02 4.939755424857139587e-02 7.899479568004608154e-02
1.003895848989486694e-01 5.085238069295883179e-02 8.590502291917800903e-02
9.363637864589691162e-02 4.972124844789505005e-02 8.096668869256973267e-02
9.823465347290039062e-02 5.044904351234436035e-02 8.442652225494384766e-02
8.389066159725189209e-02 4.890548065304756165e-02 7.383774966001510620e-02
7.498843222856521606e-02 4.701818898320198059e-02 6.715007126331329346e-02
7.895638793706893921e-02 4.756255820393562317e-02 7.016211003065109253e-02
8.859522640705108643e-02 4.926354810595512390e-02 7.721223682165145874e-02
8.791703730821609497e-02 4.941640421748161316e-02 7.679334282875061035e-02
1.366583555936813354e-01 5.574220418930053711e-02 1.119202077388763428e-01
1.128339245915412903e-01 5.259570851922035217e-02 9.505573660135269165e-02
1.084666103124618530e-01 5.233134329319000244e-02 9.178870171308517456e-02
1.220485940575599670e-01 5.439212173223495483e-02 1.016154289245605469e-01
1.408732980489730835e-01 5.732572451233863831e-02 1.151428818702697754e-01
1.372343152761459351e-01 5.650100111961364746e-02 1.123563870787620544e-01
1.210782751441001892e-01 5.405624955892562866e-02 1.008665487170219421e-01
1.128140017390251160e-01 5.289528518915176392e-02 9.481544792652130127e-02
1.223589926958084106e-01 5.478808283805847168e-02 1.016968414187431335e-01
1.183393895626068115e-01 5.413097888231277466e-02 9.880787134170532227e-02
1.048184782266616821e-01 5.183148384094238281e-02 8.901131898164749146e-02
1.076150536537170410e-01 5.219933763146400452e-02 9.105806797742843628e-02
8.911438286304473877e-02 4.931923002004623413e-02 7.747828960418701172e-02
9.405468404293060303e-02 5.011604726314544678e-02 8.123175799846649170e-02
9.543992578983306885e-02 5.033251643180847168e-02 8.224904537200927734e-02
9.887394309043884277e-02 5.080631747841835022e-02 8.473934978246688843e-02
1.109410151839256287e-01 5.255373939871788025e-02 9.338884055614471436e-02
1.162100285291671753e-01 5.324775353074073792e-02 9.720169752836227417e-02
1.054249778389930725e-01 5.183522403240203857e-02 8.957104384899139404e-02
9.240787476301193237e-02 4.986365884542465210e-02 7.994249463081359863e-02
9.630254656076431274e-02 5.050710216164588928e-02 8.281622081995010376e-02
1.118905395269393921e-01 5.285122990608215332e-02 9.415572881698608398e-02
1.128658950328826904e-01 5.350469425320625305e-02 9.476330876350402832e-02
1.151480600237846375e-01 5.562360957264900208e-02 9.666287153959274292e-02
1.361838728189468384e-01 5.546454340219497681e-02 1.115542203187942505e-01
9.331544488668441772e-02 5.004857107996940613e-02 8.073939383029937744e-02
9.360284358263015747e-02 5.010731518268585205e-02 8.102309703826904297e-02
1.039855256676673889e-01 5.161783471703529358e-02 8.865059167146682739e-02
1.103199496865272522e-01 5.255737155675888062e-02 9.316293150186538696e-02
1.164692640304565430e-01 5.347530171275138855e-02 9.748293459415435791e-02
1.191860660910606384e-01 5.414918810129165649e-02 9.962140768766403198e-02
1.082334890961647034e-01 5.223369225859642029e-02 9.154895693063735962e-02
1.114052236080169678e-01 5.300530418753623962e-02 9.377054125070571899e-02
1.082356646656990051e-01 5.233483389019966125e-02 9.151177108287811279e-02
1.103047654032707214e-01 5.267217755317687988e-02 9.309413284063339233e-02
1.147054955363273621e-01 5.302136763930320740e-02 9.624330699443817139e-02
1.086314916610717773e-01 5.225572362542152405e-02 9.187119454145431519e-02
9.944654256105422974e-02 5.069959163665771484e-02 8.511191606521606445e-02
9.447132050991058350e-02 5.036533623933792114e-02 8.164478838443756104e-02
1.121133342385292053e-01 5.287404730916023254e-02 9.446893632411956787e-02
1.260431408882141113e-01 5.511958897113800049e-02 1.044105216860771179e-01
1.239344254136085510e-01 5.458483099937438965e-02 1.028970405459403992e-01
1.053425297141075134e-01 5.181245505809783936e-02 8.958863466978073120e-02
9.831026941537857056e-02 5.080795660614967346e-02 8.438748866319656372e-02
9.392046928405761719e-02 5.021551623940467834e-02 8.126752078533172607e-02
1.012521088123321533e-01 5.121316015720367432e-02 8.644337952136993408e-02
1.132740452885627747e-01 5.283837020397186279e-02 9.505586326122283936e-02
1.085221543908119202e-01 5.243868008255958557e-02 9.182565659284591675e-02
1.225473135709762573e-01 5.427097156643867493e-02 1.019494831562042236e-01
8.749457448720932007e-02 4.913240298628807068e-02 7.638294249773025513e-02
9.385519474744796753e-02 5.027353018522262573e-02 8.109059929847717285e-02
1.111805066466331482e-01 5.276460945606231689e-02 9.369484335184097290e-02
1.145874932408332825e-01 5.324807018041610718e-02 9.608455747365951538e-02
1.132932826876640320e-01 5.312160030007362366e-02 9.526094794273376465e-02
1.069836318492889404e-01 5.207331106066703796e-02 9.066701680421829224e-02
1.049382686614990234e-01 5.182883888483047485e-02 8.911598473787307739e-02
8.840854465961456299e-02 4.942918568849563599e-02 7.698501646518707275e-02
9.000383317470550537e-02 4.964461550116539001e-02 7.817708700895309448e-02
8.704096078872680664e-02 4.906916618347167969e-02 7.598135620355606079e-02
8.912790566682815552e-02 4.930267855525016785e-02 7.760308682918548584e-02
8.577582985162734985e-02 4.863537475466728210e-02 7.514023780822753906e-02
8.531481027603149414e-02 4.867400974035263062e-02 7.468260824680328369e-02
7.511437684297561646e-02 4.708858951926231384e-02 6.715261936187744141e-02
8.738175779581069946e-02 4.916476458311080933e-02 7.625504583120346069e-02
9.155851602554321289e-02 4.977958276867866516e-02 7.930379360914230347e-02
9.542900323867797852e-02 5.012860149145126343e-02 8.215182274580001831e-02
1.057207286357879639e-01 5.179873853921890259e-02 8.967409282922744751e-02
1.079699248075485229e-01 5.214879289269447327e-02 9.139148890972137451e-02
9.848258644342422485e-02 5.072689056396484375e-02 8.447524905204772949e-02
9.343999624252319336e-02 5.017289146780967712e-02 8.071572333574295044e-02
9.352321922779083252e-02 5.028756335377693176e-02 8.080200850963592529e-02
9.863097220659255981e-02 5.108210071921348572e-02 8.450688421726226807e-02
9.799408912658691406e-02 5.084799975156784058e-02 8.400756120681762695e-02
1.070727854967117310e-01 5.237424746155738831e-02 9.073594957590103149e-02
1.137175187468528748e-01 5.331940203905105591e-02 9.566771239042282104e-02
1.032147109508514404e-01 5.163172632455825806e-02 8.800511062145233154e-02
9.439489990472793579e-02 5.028150230646133423e-02 8.156047016382217407e-02
8.220592141151428223e-02 4.853470996022224426e-02 7.243043929338455200e-02
8.097603917121887207e-02 4.825608059763908386e-02 7.148387283086776733e-02
8.080327510833740234e-02 4.816821590065956116e-02 7.134943455457687378e-02
8.523430675268173218e-02 4.881140589714050293e-02 7.452414929866790771e-02
8.547367900609970093e-02 4.876401647925376892e-02 7.479038089513778687e-02
8.911570161581039429e-02 4.934666305780410767e-02 7.753881067037582397e-02
9.712613373994827271e-02 5.065067112445831299e-02 8.336258679628372192e-02
9.378889948129653931e-02 5.010046064853668213e-02 8.093652129173278809e-02
9.686033427715301514e-02 5.029062554240226746e-02 8.319909125566482544e-02
8.036442101001739502e-02 4.783018678426742554e-02 7.089918106794357300e-02
7.909888029098510742e-02 4.760344326496124268e-02 6.999843567609786987e-02
8.348839730024337769e-02 4.827744513750076294e-02 7.329813390970230103e-02
7.993315905332565308e-02 4.779865220189094543e-02 7.064735889434814453e-02
7.758291065692901611e-02 4.737880080938339233e-02 6.893876194953918457e-02
7.795783877372741699e-02 4.746716096997261047e-02 6.917013227939605713e-02
7.469132542610168457e-02 4.678718373179435730e-02 6.679638475179672241e-02
7.093016058206558228e-02 4.615216329693794250e-02 6.395191699266433716e-02
7.437022030353546143e-02 4.673861712217330933e-02 6.654386222362518311e-02
7.910893857479095459e-02 4.765088111162185669e-02 7.005977630615234375e-02
9.744047373533248901e-02 5.062400549650192261e-02 8.352307230234146118e-02
9.645059704780578613e-02 5.059441179037094116e-02 8.285102993249893188e-02
9.845310449600219727e-02 5.097957327961921692e-02 8.431038260459899902e-02
9.803004562854766846e-02 5.077755451202392578e-02 8.405841141939163208e-02
9.610582143068313599e-02 5.053865909576416016e-02 8.263862878084182739e-02
1.008178517222404480e-01 5.138473957777023315e-02 8.606166392564773560e-02
1.139158681035041809e-01 5.316943302750587463e-02 9.563378989696502686e-02
1.401505172252655029e-01 5.712415277957916260e-02 1.144058555364608765e-01
1.475809961557388306e-01 5.838800221681594849e-02 1.197660267353057861e-01
1.348014771938323975e-01 5.618632212281227112e-02 1.105357855558395386e-01
1.541547626256942749e-01 5.909431353211402893e-02 1.242671906948089600e-01
1.394263803958892822e-01 5.687110498547554016e-02 1.137808635830879211e-01
1.347454488277435303e-01 5.584284290671348572e-02 1.102701649069786072e-01
1.267954260110855103e-01 5.522433295845985413e-02 1.048031300306320190e-01
1.445150822401046753e-01 5.906677246093750000e-02 1.175593435764312744e-01
1.251192837953567505e-01 5.555164441466331482e-02 1.036343127489089966e-01
1.222320944070816040e-01 5.461858958005905151e-02 1.015650853514671326e-01
1.370722949504852295e-01 5.664784833788871765e-02 1.121739521622657776e-01
1.405719369649887085e-01 5.755404382944107056e-02 1.147107854485511780e-01
1.167020052671432495e-01 5.347148329019546509e-02 9.750986099243164062e-02
1.212714016437530518e-01 5.351612344384193420e-02 1.006510481238365173e-01
1.122638061642646790e-01 5.186569318175315857e-02 9.406978636980056763e-02
1.078775376081466675e-01 5.224254727363586426e-02 9.123778343200683594e-02
1.113070845603942871e-01 5.251812189817428589e-02 9.373343735933303833e-02
1.063572242856025696e-01 5.231865867972373962e-02 9.020143002271652222e-02
1.062050536274909973e-01 5.211893469095230103e-02 9.011235833168029785e-02
1.206480860710144043e-01 5.397880449891090393e-02 1.004860699176788330e-01
1.307163983583450317e-01 5.539831891655921936e-02 1.075650826096534729e-01
1.236806958913803101e-01 5.448969453573226929e-02 1.025352925062179565e-01
1.233072280883789062e-01 5.463618412613868713e-02 1.022249385714530945e-01
1.252182424068450928e-01 5.490466207265853882e-02 1.036297678947448730e-01
1.339555680751800537e-01 5.642732232809066772e-02 1.099492758512496948e-01
1.222538501024246216e-01 5.477184429764747620e-02 1.014992967247962952e-01
1.385554075241088867e-01 5.713659524917602539e-02 1.131124347448348999e-01
1.320074796676635742e-01 5.601741001009941101e-02 1.083301603794097900e-01
1.246935874223709106e-01 5.490974336862564087e-02 1.030758917331695557e-01
1.281253695487976074e-01 5.548546090722084045e-02 1.056610271334648132e-01
1.259343624114990234e-01 5.513575300574302673e-02 1.041895896196365356e-01
1.199558973312377930e-01 5.418379232287406921e-02 9.984118491411209106e-02
1.166680008172988892e-01 5.357030034065246582e-02 9.745579957962036133e-02
1.085512116551399231e-01 5.247518420219421387e-02 9.162029623985290527e-02
1.116409972310066223e-01 5.284579098224639893e-02 9.398735314607620239e-02
1.104766577482223511e-01 5.269241705536842346e-02 9.321711212396621704e-02
1.158113256096839905e-01 5.346937477588653564e-02 9.707739949226379395e-02
1.129497960209846497e-01 5.299107730388641357e-02 9.494522958993911743e-02
1.116356775164604187e-01 5.270301550626754761e-02 9.396206587553024292e-02
1.113885939121246338e-01 5.257438123226165771e-02 9.368818253278732300e-02
1.062946021556854248e-01 5.197764560580253601e-02 9.007072448730468750e-02
1.196001395583152771e-01 5.400049313902854919e-02 9.970436990261077881e-02
1.086673811078071594e-01 5.243343859910964966e-02 9.183184802532196045e-02
1.137955784797668457e-01 5.308459699153900146e-02 9.551873058080673218e-02
1.245414167642593384e-01 5.457919836044311523e-02 1.032074764370918274e-01
1.255803406238555908e-01 5.462736636400222778e-02 1.039251014590263367e-01
1.255768984556198120e-01 5.431788042187690735e-02 1.039372831583023071e-01
1.226186230778694153e-01 5.430196225643157959e-02 1.019428223371505737e-01
1.189230903983116150e-01 5.376967415213584900e-02 9.918326139450073242e-02
1.181605830788612366e-01 5.369824543595314026e-02 9.861648082733154297e-02
1.242862045764923096e-01 5.448929220438003540e-02 1.029336377978324890e-01
1.221736222505569458e-01 5.418062210083007812e-02 1.014154329895973206e-01
1.250970512628555298e-01 5.469948425889015198e-02 1.036243736743927002e-01
1.238614916801452637e-01 5.447989329695701599e-02 1.027176454663276672e-01
1.252781450748443604e-01 5.469507351517677307e-02 1.037600710988044739e-01
1.271333247423171997e-01 5.488007515668869019e-02 1.051328703761100769e-01
1.488429307937622070e-01 5.764705687761306763e-02 1.204675436019897461e-01
1.736646741628646851e-01 6.066172942519187927e-02 1.378360539674758911e-01
2.025971561670303345e-01 6.422761827707290649e-02 1.579824984073638916e-01
2.147401720285415649e-01 6.599192321300506592e-02 1.665716916322708130e-01
2.078759372234344482e-01 6.514555215835571289e-02 1.618840843439102173e-01
2.012887001037597656e-01 6.457103043794631958e-02 1.574044376611709595e-01
2.055696845054626465e-01 6.513559073209762573e-02 1.604281812906265259e-01
2.218422442674636841e-01 6.745189428329467773e-02 1.718378663063049316e-01
2.263196259737014771e-01 6.790538877248764038e-02 1.749518364667892456e-01
2.288696318864822388e-01 6.833080947399139404e-02 1.766660809516906738e-01
2.117423266172409058e-01 6.597449630498886108e-02 1.649234592914581299e-01
2.223646491765975952e-01 6.718666851520538330e-02 1.724605858325958252e-01
2.135455012321472168e-01 6.581136584281921387e-02 1.663895845413208008e-01
2.214418500661849976e-01 6.668804585933685303e-02 1.719776540994644165e-01
2.329278439283370972e-01 6.813343614339828491e-02 1.799258738756179810e-01
2.459413260221481323e-01 6.945955008268356323e-02 1.888439953327178955e-01
2.435027658939361572e-01 6.933321803808212280e-02 1.873403489589691162e-01
2.453399747610092163e-01 6.931357085704803467e-02 1.885008513927459717e-01
2.395055294036865234e-01 6.858918070793151855e-02 1.845489442348480225e-01
2.528030276298522949e-01 6.959903985261917114e-02 1.935543715953826904e-01
2.539696991443634033e-01 6.978990882635116577e-02 1.945220530033111572e-01
2.489602118730545044e-01 6.939068436622619629e-02 1.912015974521636963e-01
2.397465705871582031e-01 6.873057037591934204e-02 1.851684451103210449e-01
2.299934476613998413e-01 6.755137443542480469e-02 1.785563826560974121e-01
2.240618169307708740e-01 6.662793457508087158e-02 1.744607836008071899e-01
2.116990834474563599e-01 6.513309478759765625e-02 1.658241301774978638e-01
2.224635630846023560e-01 6.631682068109512329e-02 1.734095662832260132e-01
2.195767164230346680e-01 6.586555391550064087e-02 1.716189235448837280e-01
2.202142924070358276e-01 6.613363325595855713e-02 1.721442937850952148e-01
2.302430570125579834e-01 6.752216070890426636e-02 1.790497153997421265e-01
2.323110699653625488e-01 6.791941076517105103e-02 1.804272681474685669e-01
2.372792214155197144e-01 6.844128668308258057e-02 1.839390546083450317e-01
2.463134080171585083e-01 6.958982348442077637e-02 1.902469843626022339e-01
2.630582153797149658e-01 7.142138481140136719e-02 2.016621530055999756e-01
2.586886286735534668e-01 7.077239453792572021e-02 1.984473019838333130e-01
2.694767713546752930e-01 7.187070697546005249e-02 2.058852910995483398e-01
2.812473773956298828e-01 7.299258559942245483e-02 2.136611938476562500e-01
2.832403182983398438e-01 7.289040088653564453e-02 2.148638814687728882e-01
2.909790873527526855e-01 7.410737127065658569e-02 2.201336026191711426e-01
3.098503649234771729e-01 7.550591975450515747e-02 2.323155701160430908e-01
3.150870501995086670e-01 7.657445967197418213e-02 2.361114770174026489e-01
3.042754232883453369e-01 7.584892958402633667e-02 2.291177809238433838e-01
3.133268356323242188e-01 7.671348750591278076e-02 2.353229075670242310e-01
3.412627279758453369e-01 7.930411398410797119e-02 2.546365559101104736e-01
2.926937937736511230e-01 7.458829134702682495e-02 2.207796424627304077e-01
3.194710314273834229e-01 7.741203904151916504e-02 2.390658557415008545e-01
3.641612529754638672e-01 8.111662417650222778e-02 2.682265043258666992e-01
3.722936809062957764e-01 8.069367706775665283e-02 2.723599970340728760e-01
3.105396926403045654e-01 7.642259448766708374e-02 2.324574589729309082e-01
2.897277772426605225e-01 7.384179532527923584e-02 2.182073295116424561e-01
2.738294005393981934e-01 7.217399030923843384e-02 2.071452587842941284e-01
2.629795968532562256e-01 7.092832028865814209e-02 1.996134072542190552e-01
2.788809239864349365e-01 7.280839979648590088e-02 2.106234282255172729e-01
2.775889933109283447e-01 7.258541882038116455e-02 2.095752209424972534e-01
2.683981060981750488e-01 7.153555005788803101e-02 2.033273875713348389e-01
2.771173715591430664e-01 7.255728542804718018e-02 2.093335539102554321e-01
2.996532917022705078e-01 7.465221732854843140e-02 2.241839170455932617e-01
2.963447272777557373e-01 7.453206181526184082e-02 2.218942195177078247e-01
3.131527006626129150e-01 7.567516714334487915e-02 2.324699610471725464e-01
3.211161792278289795e-01 7.581724971532821655e-02 2.370883524417877197e-01
3.492647409439086914e-01 7.845196127891540527e-02 2.556588053703308105e-01
3.293397724628448486e-01 7.659572362899780273e-02 2.423568814992904663e-01
3.525169193744659424e-01 7.859891653060913086e-02 2.576394379138946533e-01
3.218656182289123535e-01 7.636220008134841919e-02 2.379107326269149780e-01
2.813430428504943848e-01 7.274202257394790649e-02 2.114778161048889160e-01
3.004911541938781738e-01 7.387155294418334961e-02 2.236565947532653809e-01
2.637493312358856201e-01 6.970062851905822754e-02 1.988874822854995728e-01
2.567979097366333008e-01 6.891982257366180420e-02 1.939929574728012085e-01
2.569759786128997803e-01 6.892658770084381104e-02 1.941497772932052612e-01
2.458239197731018066e-01 6.769429892301559448e-02 1.866092085838317871e-01
2.331064343452453613e-01 6.632287055253982544e-02 1.782807409763336182e-01
2.307257801294326782e-01 6.642325222492218018e-02 1.769874542951583862e-01
2.359739243984222412e-01 6.718898564577102661e-02 1.806884407997131348e-01
2.434936761856079102e-01 6.805165112018585205e-02 1.859192699193954468e-01
2.159650474786758423e-01 6.488329917192459106e-02 1.669897437095642090e-01
2.280212342739105225e-01 6.675671041011810303e-02 1.753615140914916992e-01
2.222565114498138428e-01 6.573693454265594482e-02 1.713471263647079468e-01
2.282429933547973633e-01 6.647603213787078857e-02 1.755102276802062988e-01
2.262757718563079834e-01 6.618397682905197144e-02 1.741300821304321289e-01
2.086879462003707886e-01 6.413319706916809082e-02 1.620365083217620850e-01
2.075769454240798950e-01 6.367775797843933105e-02 1.611363142728805542e-01
2.541375756263732910e-01 6.909202784299850464e-02 1.931510120630264282e-01
2.483048588037490845e-01 6.853750348091125488e-02 1.891940385103225708e-01
2.337058931589126587e-01 6.711215525865554810e-02 1.793334782123565674e-01
2.229659855365753174e-01 6.591634452342987061e-02 1.719515472650527954e-01
2.078233063220977783e-01 6.362171471118927002e-02 1.612579971551895142e-01
2.397926300764083862e-01 6.769378483295440674e-02 1.835728585720062256e-01
2.201923429965972900e-01 6.531300395727157593e-02 1.698758006095886230e-01
2.243728488683700562e-01 6.590638309717178345e-02 1.727533340454101562e-01
2.379839718341827393e-01 6.779780983924865723e-02 1.823229491710662842e-01
2.374414056539535522e-01 6.736827641725540161e-02 1.816021651029586792e-01
2.118525803089141846e-01 6.397662311792373657e-02 1.639103293418884277e-01
2.150150388479232788e-01 6.476328521966934204e-02 1.663101464509963989e-01
2.301577478647232056e-01 6.686764210462570190e-02 1.769861429929733276e-01
2.441552877426147461e-01 6.816265732049942017e-02 1.862327009439468384e-01
2.450463324785232544e-01 6.841607391834259033e-02 1.870938986539840698e-01
2.170059978961944580e-01 6.488455832004547119e-02 1.676423400640487671e-01
2.206666767597198486e-01 6.537515670061111450e-02 1.701030731201171875e-01
2.111739218235015869e-01 6.426851451396942139e-02 1.635948270559310913e-01
2.590514421463012695e-01 6.982005387544631958e-02 1.965682208538055420e-01
2.371981590986251831e-01 6.710110604763031006e-02 1.814270913600921631e-01
2.300781756639480591e-01 6.643839925527572632e-02 1.766567826271057129e-01
2.190155684947967529e-01 6.508325040340423584e-02 1.690298020839691162e-01
2.281276732683181763e-01 6.636869907379150391e-02 1.754261404275894165e-01
2.534524500370025635e-01 6.933662295341491699e-02 1.928358972072601318e-01
2.452552169561386108e-01 6.840349733829498291e-02 1.872143149375915527e-01
2.461304813623428345e-01 6.824064254760742188e-02 1.876380741596221924e-01
2.449714839458465576e-01 6.791616231203079224e-02 1.867356002330780029e-01
2.153258323669433594e-01 6.453367322683334351e-02 1.664074808359146118e-01
2.042730897665023804e-01 6.310714036226272583e-02 1.586557477712631226e-01
1.963797360658645630e-01 6.257893890142440796e-02 1.533550918102264404e-01
2.095748335123062134e-01 6.401753425598144531e-02 1.623294949531555176e-01
1.995375901460647583e-01 6.273634731769561768e-02 1.554159820079803467e-01
2.140611559152603149e-01 6.456308066844940186e-02 1.655310243368148804e-01
2.367782145738601685e-01 6.743595004081726074e-02 1.812285184860229492e-01
2.502695918083190918e-01 6.898426264524459839e-02 1.905539631843566895e-01
2.503711283206939697e-01 6.877408176660537720e-02 1.905196458101272583e-01
2.419860959053039551e-01 6.776096671819686890e-02 1.848179548978805542e-01
2.023121714591979980e-01 6.287541240453720093e-02 1.574045866727828979e-01
1.867058724164962769e-01 6.100031733512878418e-02 1.465251445770263672e-01
2.020806521177291870e-01 6.312178820371627808e-02 1.573002636432647705e-01
2.012202441692352295e-01 6.304012238979339600e-02 1.566085666418075562e-01
2.058749645948410034e-01 6.365569680929183960e-02 1.598200201988220215e-01
2.036340534687042236e-01 6.345854699611663818e-02 1.583222150802612305e-01
2.134261131286621094e-01 6.452466547489166260e-02 1.649721413850784302e-01
2.348993569612503052e-01 6.667272746562957764e-02 1.797277033329010010e-01
2.521842420101165771e-01 6.923909485340118408e-02 1.919611990451812744e-01
2.432580888271331787e-01 6.802466511726379395e-02 1.858160793781280518e-01
2.012598961591720581e-01 6.263271719217300415e-02 1.565718650817871094e-01
1.967175602912902832e-01 6.221581622958183289e-02 1.533625274896621704e-01
1.869917660951614380e-01 6.114511564373970032e-02 1.466973721981048584e-01
2.085503339767456055e-01 6.385155022144317627e-02 1.617641001939773560e-01
2.034170478582382202e-01 6.329291313886642456e-02 1.582585275173187256e-01
2.141638994216918945e-01 6.473025679588317871e-02 1.657913327217102051e-01
2.408729642629623413e-01 6.816321611404418945e-02 1.842793524265289307e-01
2.508026957511901855e-01 6.881245970726013184e-02 1.908637881278991699e-01
2.543837726116180420e-01 6.908894330263137817e-02 1.932272464036941528e-01
2.708729207515716553e-01 7.119578123092651367e-02 2.046785652637481689e-01
2.540369629859924316e-01 6.959789246320724487e-02 1.933918446302413940e-01
2.220213413238525391e-01 6.589688360691070557e-02 1.713091284036636353e-01
2.247380763292312622e-01 6.584568321704864502e-02 1.730122715234756470e-01
2.316801548004150391e-01 6.668122857809066772e-02 1.777776628732681274e-01
2.317895889282226562e-01 6.642606109380722046e-02 1.777190566062927246e-01
2.031018882989883423e-01 6.326308101415634155e-02 1.580540686845779419e-01
1.889656484127044678e-01 6.141145527362823486e-02 1.482797563076019287e-01
2.155858129262924194e-01 6.522480398416519165e-02 1.669970899820327759e-01
2.353261113166809082e-01 6.725084781646728516e-02 1.803775578737258911e-01
2.186250537633895874e-01 6.515610963106155396e-02 1.688771694898605347e-01
2.112027704715728760e-01 6.422963738441467285e-02 1.636556088924407959e-01
2.050699740648269653e-01 6.337650120258331299e-02 1.593574285507202148e-01
2.074705362319946289e-01 6.385564804077148438e-02 1.610752344131469727e-01
2.110609859228134155e-01 6.429997831583023071e-02 1.635343432426452637e-01
2.262444645166397095e-01 6.595829874277114868e-02 1.740760058164596558e-01
2.275446951389312744e-01 6.624837964773178101e-02 1.749643534421920776e-01
2.187677770853042603e-01 6.512822210788726807e-02 1.688946485519409180e-01
2.129584401845932007e-01 6.439610570669174194e-02 1.648909002542495728e-01
2.007595598697662354e-01 6.298411637544631958e-02 1.564567983150482178e-01
2.119374126195907593e-01 6.453641504049301147e-02 1.642809063196182251e-01
2.076757550239562988e-01 6.404713541269302368e-02 1.612771749496459961e-01
2.912487089633941650e-01 7.574063539505004883e-02 2.202370017766952515e-01
2.469423562288284302e-01 6.887377798557281494e-02 1.885755509138107300e-01
2.272892743349075317e-01 6.641083955764770508e-02 1.749592572450637817e-01
1.994545906782150269e-01 6.263902783393859863e-02 1.553674638271331787e-01
2.205922007560729980e-01 6.532242149114608765e-02 1.702582240104675293e-01
2.171595245599746704e-01 6.498688459396362305e-02 1.680119633674621582e-01
2.038380950689315796e-01 6.334823369979858398e-02 1.587740480899810791e-01
2.207818180322647095e-01 6.573101878166198730e-02 1.707347929477691650e-01
2.069718390703201294e-01 6.408219784498214722e-02 1.611852943897247314e-01
2.110176682472229004e-01 6.448501348495483398e-02 1.639402061700820923e-01
2.054751664400100708e-01 6.367444992065429688e-02 1.600067019462585449e-01
2.471379488706588745e-01 6.836891174316406250e-02 1.885369569063186646e-01
2.332881987094879150e-01 6.698042899370193481e-02 1.791009306907653809e-01
2.138107120990753174e-01 6.428859382867813110e-02 1.656025797128677368e-01
2.067722976207733154e-01 6.337490677833557129e-02 1.606044620275497437e-01
1.918714344501495361e-01 6.169595941901206970e-02 1.502536833286285400e-01
2.197237759828567505e-01 6.527757644653320312e-02 1.696244329214096069e-01
2.162038832902908325e-01 6.481026113033294678e-02 1.672403663396835327e-01
2.103862017393112183e-01 6.414914876222610474e-02 1.632516980171203613e-01
2.052762955427169800e-01 6.360556185245513916e-02 1.597204804420471191e-01
2.024130374193191528e-01 6.323335319757461548e-02 1.577416509389877319e-01
1.916428655385971069e-01 6.183135136961936951e-02 1.502326130867004395e-01
1.913348585367202759e-01 6.186946108937263489e-02 1.500906944274902344e-01
1.931298375129699707e-01 6.215628609061241150e-02 1.513214111328125000e-01
1.950571238994598389e-01 6.235478445887565613e-02 1.526449173688888550e-01
1.895543336868286133e-01 6.163228303194046021e-02 1.488817930221557617e-01
1.970262974500656128e-01 6.259293109178543091e-02 1.540151834487915039e-01
1.934555917978286743e-01 6.214268878102302551e-02 1.514787077903747559e-01
1.824417561292648315e-01 6.107003614306449890e-02 1.438602656126022339e-01
1.802891641855239868e-01 6.103721633553504944e-02 1.423767209053039551e-01
1.860295534133911133e-01 6.150451675057411194e-02 1.464509218931198120e-01
1.905911415815353394e-01 6.183434277772903442e-02 1.496243327856063843e-01
1.976901888847351074e-01 6.267225742340087891e-02 1.545328348875045776e-01
1.957437396049499512e-01 6.251083314418792725e-02 1.531925946474075317e-01
1.922846883535385132e-01 6.211065873503684998e-02 1.507319509983062744e-01
1.835080236196517944e-01 6.095482409000396729e-02 1.445665210485458374e-01
1.830344349145889282e-01 6.085753068327903748e-02 1.441630423069000244e-01
1.901197433471679688e-01 6.176043674349784851e-02 1.491546630859375000e-01
1.889791786670684814e-01 6.146065145730972290e-02 1.482461094856262207e-01
1.678726971149444580e-01 5.882088094949722290e-02 1.334483176469802856e-01
1.823570430278778076e-01 6.057774275541305542e-02 1.435554027557373047e-01
1.931582093238830566e-01 6.202191114425659180e-02 1.511080116033554077e-01
2.029164880514144897e-01 6.314546614885330200e-02 1.577394455671310425e-01
2.031493335962295532e-01 6.318180263042449951e-02 1.580429822206497192e-01
1.917427927255630493e-01 6.173000857234001160e-02 1.501944214105606079e-01
2.021018713712692261e-01 6.387764215469360352e-02 1.576002985239028931e-01
1.781960427761077881e-01 5.984919145703315735e-02 1.406612992286682129e-01
1.619131118059158325e-01 5.842880532145500183e-02 1.294736117124557495e-01
1.668653190135955811e-01 5.890385806560516357e-02 1.329937428236007690e-01
1.961678564548492432e-01 6.214939057826995850e-02 1.531773805618286133e-01
2.036367207765579224e-01 6.328754872083663940e-02 1.583699584007263184e-01
1.870543211698532104e-01 6.131894886493682861e-02 1.469766050577163696e-01
1.707188338041305542e-01 5.907313153147697449e-02 1.355568468570709229e-01
1.746265292167663574e-01 5.996541306376457214e-02 1.385324895381927490e-01
1.944297850131988525e-01 6.243092939257621765e-02 1.523474752902984619e-01
1.921195536851882935e-01 6.207562983036041260e-02 1.506051570177078247e-01
1.906724721193313599e-01 6.188202649354934692e-02 1.496391296386718750e-01
1.863349378108978271e-01 6.100897490978240967e-02 1.464511603116989136e-01
1.931256502866744995e-01 6.167652085423469543e-02 1.510797291994094849e-01
2.051863223314285278e-01 6.322821229696273804e-02 1.595019847154617310e-01
2.053497582674026489e-01 6.336364150047302246e-02 1.595807373523712158e-01
1.859914958477020264e-01 6.087553873658180237e-02 1.460291445255279541e-01
1.769737601280212402e-01 5.967944487929344177e-02 1.398382037878036499e-01
1.936991512775421143e-01 6.201654672622680664e-02 1.514594107866287231e-01
2.154088616371154785e-01 6.465768069028854370e-02 1.665151715278625488e-01
2.054847776889801025e-01 6.342260539531707764e-02 1.595563590526580811e-01
1.826588064432144165e-01 6.055444851517677307e-02 1.438410431146621704e-01
1.889077723026275635e-01 6.131632998585700989e-02 1.482259631156921387e-01
2.038315832614898682e-01 6.313110142946243286e-02 1.585751324892044067e-01
2.125597149133682251e-01 6.428738683462142944e-02 1.646423339843750000e-01
2.205904126167297363e-01 6.553293764591217041e-02 1.702969372272491455e-01
2.381345778703689575e-01 6.750481575727462769e-02 1.823237240314483643e-01
2.340500652790069580e-01 6.647765636444091797e-02 1.791994422674179077e-01
2.171177119016647339e-01 6.472905725240707397e-02 1.676415354013442993e-01
1.997767388820648193e-01 6.280864030122756958e-02 1.557808369398117065e-01
2.129983603954315186e-01 6.459651142358779907e-02 1.649557203054428101e-01
3.319634497165679932e-01 7.891800254583358765e-02 2.470447421073913574e-01
2.316370904445648193e-01 6.728341430425643921e-02 1.778678894042968750e-01
2.482487708330154419e-01 6.876771897077560425e-02 1.891618967056274414e-01
2.964695990085601807e-01 7.402790337800979614e-02 2.219941765069961548e-01
2.763637304306030273e-01 7.164225727319717407e-02 2.083180844783782959e-01
2.507003545761108398e-01 6.882412731647491455e-02 1.908231228590011597e-01
2.469168305397033691e-01 6.826971471309661865e-02 1.881637573242187500e-01
2.445593774318695068e-01 6.828262656927108765e-02 1.867217868566513062e-01
2.518794536590576172e-01 6.927596032619476318e-02 1.918878555297851562e-01
2.487199902534484863e-01 6.878599524497985840e-02 1.895771175622940063e-01
2.438580840826034546e-01 6.816293299198150635e-02 1.861018538475036621e-01
2.289958596229553223e-01 6.619590520858764648e-02 1.759030371904373169e-01
2.468727529048919678e-01 6.881026923656463623e-02 1.885408610105514526e-01
2.364889830350875854e-01 6.700871139764785767e-02 1.810424625873565674e-01
2.257788926362991333e-01 6.562095135450363159e-02 1.735719442367553711e-01
2.651626169681549072e-01 7.000733166933059692e-02 2.004840970039367676e-01
2.438854575157165527e-01 6.805063039064407349e-02 1.862056404352188110e-01
2.404226958751678467e-01 6.780281662940979004e-02 1.838875561952590942e-01
2.411060184240341187e-01 6.795478612184524536e-02 1.844139695167541504e-01
2.747768461704254150e-01 7.223556935787200928e-02 2.079406231641769409e-01
2.269121110439300537e-01 6.591351330280303955e-02 1.743832230567932129e-01
2.244390845298767090e-01 6.576010584831237793e-02 1.728509068489074707e-01
2.167982161045074463e-01 6.468386203050613403e-02 1.675175130367279053e-01
2.295059561729431152e-01 6.642108410596847534e-02 1.762242764234542847e-01
2.427551448345184326e-01 6.788656115531921387e-02 1.853999197483062744e-01
2.389074563980102539e-01 6.777055561542510986e-02 1.830696314573287964e-01
2.410595417022705078e-01 6.806958466768264771e-02 1.843734234571456909e-01
2.216541320085525513e-01 6.594279408454895020e-02 1.708392947912216187e-01
2.066807895898818970e-01 6.347327679395675659e-02 1.603145152330398560e-01
1.976815164089202881e-01 6.238461285829544067e-02 1.542076915502548218e-01
2.370329052209854126e-01 6.763381510972976685e-02 1.816491037607192993e-01
2.351913154125213623e-01 6.678812950849533081e-02 1.800040006637573242e-01
2.442419081926345825e-01 6.773916631937026978e-02 1.861384063959121704e-01
2.459145039319992065e-01 6.781441718339920044e-02 1.872466504573822021e-01
2.430253475904464722e-01 6.804442405700683594e-02 1.855094432830810547e-01
2.267176061868667603e-01 6.583156436681747437e-02 1.742450594902038574e-01
2.508313953876495361e-01 6.954839825630187988e-02 1.912348568439483643e-01
2.473094761371612549e-01 6.889336556196212769e-02 1.887627542018890381e-01
2.641537785530090332e-01 7.001704722642898560e-02 1.997597962617874146e-01
2.470585703849792480e-01 6.816597282886505127e-02 1.881487667560577393e-01
2.355463802814483643e-01 6.717856973409652710e-02 1.806007921695709229e-01
2.329252809286117554e-01 6.677395850419998169e-02 1.786521971225738525e-01
2.220825701951980591e-01 6.563912332057952881e-02 1.712822467088699341e-01
2.100851684808731079e-01 6.378211081027984619e-02 1.626870781183242798e-01
2.005476653575897217e-01 6.263463199138641357e-02 1.561150103807449341e-01
1.900704652070999146e-01 6.135921925306320190e-02 1.488199830055236816e-01
2.098063528537750244e-01 6.399188190698623657e-02 1.626849621534347534e-01
2.226005047559738159e-01 6.575038284063339233e-02 1.715435683727264404e-01
2.440543919801712036e-01 6.804984807968139648e-02 1.862032711505889893e-01
2.136765420436859131e-01 6.452302634716033936e-02 1.653874516487121582e-01
2.151238322257995605e-01 6.469415128231048584e-02 1.663403809070587158e-01
2.295045554637908936e-01 6.667982786893844604e-02 1.765488684177398682e-01
2.421573698520660400e-01 6.797707080841064453e-02 1.850944608449935913e-01
2.640195488929748535e-01 7.004153728485107422e-02 1.997173875570297241e-01
2.402555942535400391e-01 6.786076724529266357e-02 1.839541643857955933e-01
2.348526567220687866e-01 6.712233275175094604e-02 1.800073385238647461e-01
2.377757579088211060e-01 6.829016655683517456e-02 1.822693347930908203e-01
2.281553745269775391e-01 6.613321602344512939e-02 1.753346621990203857e-01
2.390829026699066162e-01 6.760481745004653931e-02 1.829766333103179932e-01
2.165499925613403320e-01 6.466976553201675415e-02 1.672763973474502563e-01
2.112420499324798584e-01 6.417287141084671021e-02 1.636870503425598145e-01
2.119322866201400757e-01 6.423092633485794067e-02 1.642131954431533813e-01
2.204648405313491821e-01 6.532199680805206299e-02 1.701768785715103149e-01
2.405263185501098633e-01 6.774751842021942139e-02 1.839185804128646851e-01
2.379921972751617432e-01 6.730374693870544434e-02 1.820951700210571289e-01
2.323055267333984375e-01 6.654706597328186035e-02 1.781976073980331421e-01
2.308512777090072632e-01 6.673615425825119019e-02 1.773981451988220215e-01
2.198233604431152344e-01 6.508434563875198364e-02 1.695143729448318481e-01
2.281694412231445312e-01 6.607405096292495728e-02 1.752613335847854614e-01
2.508817315101623535e-01 6.884386390447616577e-02 1.909949183464050293e-01
2.325272411108016968e-01 6.669677048921585083e-02 1.782735437154769897e-01
2.449657618999481201e-01 6.846687942743301392e-02 1.871336698532104492e-01
2.221754938364028931e-01 6.576412171125411987e-02 1.714626103639602661e-01
2.318823188543319702e-01 6.667516380548477173e-02 1.779903024435043335e-01
2.351708114147186279e-01 6.704631447792053223e-02 1.801148802042007446e-01
2.207505106925964355e-01 6.519272178411483765e-02 1.700968444347381592e-01
2.261036336421966553e-01 6.709276884794235229e-02 1.744060665369033813e-01
2.404862940311431885e-01 6.752662360668182373e-02 1.836970448493957520e-01
2.875175178050994873e-01 7.303930819034576416e-02 2.161673307418823242e-01
2.326288223266601562e-01 6.687580794095993042e-02 1.785353273153305054e-01
2.427161782979965210e-01 6.804938614368438721e-02 1.854275465011596680e-01
2.572190761566162109e-01 6.966827809810638428e-02 1.953264027833938599e-01
2.671412527561187744e-01 7.028091698884963989e-02 2.016956657171249390e-01
2.434505671262741089e-01 6.791687756776809692e-02 1.858191043138504028e-01
2.419111281633377075e-01 6.768301129341125488e-02 1.846792399883270264e-01
2.287172675132751465e-01 6.586957722902297974e-02 1.755751073360443115e-01
2.296717464923858643e-01 6.614463776350021362e-02 1.762164086103439331e-01
2.488599270582199097e-01 6.865496188402175903e-02 1.896303147077560425e-01
2.494218647480010986e-01 6.890921294689178467e-02 1.901725530624389648e-01
2.395729869604110718e-01 6.765771657228469849e-02 1.832999140024185181e-01
2.189297974109649658e-01 6.498752534389495850e-02 1.688941121101379395e-01
2.414531707763671875e-01 6.800390779972076416e-02 1.847575753927230835e-01
2.486845254898071289e-01 6.875837594270706177e-02 1.894643902778625488e-01
2.423036396503448486e-01 6.778902560472488403e-02 1.850053071975708008e-01
2.362759858369827271e-01 6.699658185243606567e-02 1.808983385562896729e-01
2.469268143177032471e-01 6.837807595729827881e-02 1.882342398166656494e-01
2.660737931728363037e-01 7.101087272167205811e-02 2.014172375202178955e-01
2.388017326593399048e-01 6.702017784118652344e-02 1.823239028453826904e-01
3.148065209388732910e-01 7.601931691169738770e-02 2.346958816051483154e-01
2.380353212356567383e-01 6.747184693813323975e-02 1.821933388710021973e-01
2.269982099533081055e-01 6.592684239149093628e-02 1.744132339954376221e-01
2.437654137611389160e-01 6.815381348133087158e-02 1.861534565687179565e-01
2.484827488660812378e-01 6.883641332387924194e-02 1.894875317811965942e-01
2.417713999748229980e-01 6.797612458467483521e-02 1.847909986972808838e-01
2.365480363368988037e-01 6.729248166084289551e-02 1.811804622411727905e-01
2.188063561916351318e-01 6.502323597669601440e-02 1.688629537820816040e-01
2.243494689464569092e-01 6.586432456970214844e-02 1.728135943412780762e-01
2.267355173826217651e-01 6.614662706851959229e-02 1.742417216300964355e-01
2.116038203239440918e-01 6.406881660223007202e-02 1.637362390756607056e-01
2.186787873506546021e-01 6.508664786815643311e-02 1.687226891517639160e-01
2.318844348192214966e-01 6.645934283733367920e-02 1.777022480964660645e-01
2.359998375177383423e-01 6.747941672801971436e-02 1.810389757156372070e-01
2.305177897214889526e-01 6.635208427906036377e-02 1.768349260091781616e-01
2.518175244331359863e-01 6.860481947660446167e-02 1.912312060594558716e-01
2.261372208595275879e-01 6.587676703929901123e-02 1.740083247423171997e-01
2.016265541315078735e-01 6.301657110452651978e-02 1.570129543542861938e-01
2.117360532283782959e-01 6.431137025356292725e-02 1.641234606504440308e-01
2.229457944631576538e-01 6.573063880205154419e-02 1.718931943178176880e-01
2.929062545299530029e-01 7.410383224487304688e-02 2.201257199048995972e-01
2.530876994132995605e-01 6.934228539466857910e-02 1.925557255744934082e-01
2.277979552745819092e-01 6.641326844692230225e-02 1.751939207315444946e-01
2.358832210302352905e-01 6.716281175613403320e-02 1.807411462068557739e-01
2.551217377185821533e-01 6.935875117778778076e-02 1.939380168914794922e-01
2.554840445518493652e-01 6.920732557773590088e-02 1.940159052610397339e-01
2.651459872722625732e-01 7.032220065593719482e-02 2.007222771644592285e-01
2.515308260917663574e-01 6.889599561691284180e-02 1.915218979120254517e-01
2.370666712522506714e-01 6.738790869712829590e-02 1.815755665302276611e-01
2.487301528453826904e-01 6.867302954196929932e-02 1.894586086273193359e-01
2.368198633193969727e-01 6.705909967422485352e-02 1.812920272350311279e-01
2.291276007890701294e-01 6.661370396614074707e-02 1.762373298406600952e-01
2.158516347408294678e-01 6.444379687309265137e-02 1.668061912059783936e-01
2.233995944261550903e-01 6.568096578121185303e-02 1.721756458282470703e-01
2.318434268236160278e-01 6.711609661579132080e-02 1.781732439994812012e-01
2.403512448072433472e-01 6.792492419481277466e-02 1.839508861303329468e-01
2.431673556566238403e-01 6.799918413162231445e-02 1.857378780841827393e-01
2.342890352010726929e-01 6.680920720100402832e-02 1.794055700302124023e-01
2.309366613626480103e-01 6.656208634376525879e-02 1.773220598697662354e-01
2.140073329210281372e-01 6.470966339111328125e-02 1.657840609550476074e-01
2.301357686519622803e-01 6.651537865400314331e-02 1.767598092555999756e-01
2.752419710159301758e-01 7.190672308206558228e-02 2.079603523015975952e-01
2.287836670875549316e-01 6.637588143348693848e-02 1.758529394865036011e-01
2.375913560390472412e-01 6.737974286079406738e-02 1.818354725837707520e-01
2.360297590494155884e-01 6.738780438899993896e-02 1.808554083108901978e-01
2.446328103542327881e-01 6.822612881660461426e-02 1.867205500602722168e-01
2.473653554916381836e-01 6.867479532957077026e-02 1.886004507541656494e-01
2.641916573047637939e-01 7.025968283414840698e-02 2.000113278627395630e-01
2.284988611936569214e-01 6.635655462741851807e-02 1.757466346025466919e-01
2.289454638957977295e-01 6.636783480644226074e-02 1.759718209505081177e-01
2.098926305770874023e-01 6.410315632820129395e-02 1.628139019012451172e-01
2.237923443317413330e-01 6.566859781742095947e-02 1.722912490367889404e-01
2.197780609130859375e-01 6.528502702713012695e-02 1.696370393037796021e-01
2.320166081190109253e-01 6.671308726072311401e-02 1.780563294887542725e-01
2.093259692192077637e-01 6.415189802646636963e-02 1.624143719673156738e-01
2.177776098251342773e-01 6.492897123098373413e-02 1.682819426059722900e-01
2.863764464855194092e-01 7.493142783641815186e-02 2.165979743003845215e-01
2.442054748535156250e-01 6.804659962654113770e-02 1.863076537847518921e-01
2.665444910526275635e-01 7.139774411916732788e-02 2.022757679224014282e-01
2.896110117435455322e-01 7.456309348344802856e-02 2.183864116668701172e-01
3.378972411155700684e-01 8.134706318378448486e-02 2.515493631362915039e-01
2.945141494274139404e-01 7.560537010431289673e-02 2.216660678386688232e-01
2.904596924781799316e-01 7.487570494413375854e-02 2.186120450496673584e-01
2.774018645286560059e-01 7.263062894344329834e-02 2.096549272537231445e-01
3.065862953662872314e-01 7.666190713644027710e-02 2.299856096506118774e-01
2.521756291389465332e-01 6.958039104938507080e-02 1.923818290233612061e-01
2.203724384307861328e-01 6.530012190341949463e-02 1.701481044292449951e-01
2.105137556791305542e-01 6.404650211334228516e-02 1.632974892854690552e-01
2.156034111976623535e-01 6.470966339111328125e-02 1.667899191379547119e-01
2.318634539842605591e-01 6.668510288000106812e-02 1.778970956802368164e-01
2.566759586334228516e-01 6.911762803792953491e-02 1.943042278289794922e-01
2.573432624340057373e-01 6.955532729625701904e-02 1.949236243963241577e-01
2.663540244102478027e-01 7.057251781225204468e-02 2.008714675903320312e-01
2.594533264636993408e-01 6.977944076061248779e-02 1.963829696178436279e-01
2.483821213245391846e-01 6.854704022407531738e-02 1.889411211013793945e-01
2.658483684062957764e-01 7.055559754371643066e-02 2.007241994142532349e-01
2.554805576801300049e-01 6.921257823705673218e-02 1.936935782432556152e-01
2.484814673662185669e-01 6.842702627182006836e-02 1.889216154813766479e-01
2.481565028429031372e-01 6.858168542385101318e-02 1.889050304889678955e-01
2.762555778026580811e-01 7.197102159261703491e-02 2.079417854547500610e-01
2.795894742012023926e-01 7.248036563396453857e-02 2.100275009870529175e-01
3.066906630992889404e-01 7.571706920862197876e-02 2.286336719989776611e-01
2.860793173313140869e-01 7.332018017768859863e-02 2.144304662942886353e-01
2.887760996818542480e-01 7.399982959032058716e-02 2.163493782281875610e-01
3.014770746231079102e-01 7.595329731702804565e-02 2.252743989229202271e-01
2.692580521106719971e-01 7.252769917249679565e-02 2.036018669605255127e-01
2.584897875785827637e-01 7.145598530769348145e-02 1.963944286108016968e-01
2.583402395248413086e-01 7.145857065916061401e-02 1.961324512958526611e-01
2.507545650005340576e-01 7.080364972352981567e-02 1.912127584218978882e-01
2.452891618013381958e-01 7.014004141092300415e-02 1.874856501817703247e-01
2.166715413331985474e-01 6.676402688026428223e-02 1.677773445844650269e-01
2.131516635417938232e-01 6.641833484172821045e-02 1.653927117586135864e-01
1.850419193506240845e-01 6.281892955303192139e-02 1.456060707569122314e-01
1.772331744432449341e-01 6.211245059967041016e-02 1.403125673532485962e-01
1.718555688858032227e-01 6.140423193573951721e-02 1.368030309677124023e-01
1.844463497400283813e-01 6.303721666336059570e-02 1.457648128271102905e-01
2.294139117002487183e-01 6.891839951276779175e-02 1.772325783967971802e-01
2.265274077653884888e-01 6.877189129590988159e-02 1.751761585474014282e-01
2.185871601104736328e-01 6.766831129789352417e-02 1.693054437637329102e-01
2.516222000122070312e-01 7.158465683460235596e-02 1.922623217105865479e-01
2.401077747344970703e-01 7.080590724945068359e-02 1.839968562126159668e-01
2.336363643407821655e-01 6.966649740934371948e-02 1.798342019319534302e-01
2.460734397172927856e-01 7.094981521368026733e-02 1.885748207569122314e-01
2.574815452098846436e-01 7.261994481086730957e-02 1.963811665773391724e-01
2.769681215286254883e-01 7.513996213674545288e-02 2.093829810619354248e-01
2.983844280242919922e-01 7.870763540267944336e-02 2.240446954965591431e-01
2.693789899349212646e-01 7.489821314811706543e-02 2.044294178485870361e-01
2.379214316606521606e-01 7.057389616966247559e-02 1.826340705156326294e-01
2.249795198440551758e-01 6.853767484426498413e-02 1.734044104814529419e-01
2.316375225782394409e-01 6.974249333143234253e-02 1.778245270252227783e-01
2.408001273870468140e-01 7.119908928871154785e-02 1.840437203645706177e-01
2.516469061374664307e-01 7.259097695350646973e-02 1.918602585792541504e-01
2.509775161743164062e-01 7.310595363378524780e-02 1.915974915027618408e-01
2.518734037876129150e-01 7.292959094047546387e-02 1.921127736568450928e-01
2.279484122991561890e-01 6.948321312665939331e-02 1.754663288593292236e-01
2.235161215066909790e-01 6.914201378822326660e-02 1.723049730062484741e-01
2.118705213069915771e-01 6.720672547817230225e-02 1.641663759946823120e-01
1.923201978206634521e-01 6.439597159624099731e-02 1.510355323553085327e-01
1.845068484544754028e-01 6.400088220834732056e-02 1.458814293146133423e-01
1.726295948028564453e-01 6.202655285596847534e-02 1.375157237052917480e-01
1.730276197195053101e-01 6.200998649001121521e-02 1.378557980060577393e-01
1.750402897596359253e-01 6.195637211203575134e-02 1.392020881175994873e-01
1.791238337755203247e-01 6.244416907429695129e-02 1.420812606811523438e-01
2.113620340824127197e-01 6.655418127775192261e-02 1.643577963113784790e-01
2.284880876541137695e-01 6.815825402736663818e-02 1.758132129907608032e-01
1.853658109903335571e-01 6.328392028808593750e-02 1.462244540452957153e-01
1.431290954351425171e-01 5.740938335657119751e-02 1.165541633963584900e-01
1.204015389084815979e-01 5.403931066393852234e-02 1.002959683537483215e-01
1.123433634638786316e-01 5.283566936850547791e-02 9.431910514831542969e-02
1.021592020988464355e-01 5.132662877440452576e-02 8.708686381578445435e-02
9.501256048679351807e-02 5.031378567218780518e-02 8.185952156782150269e-02
8.562109619379043579e-02 4.881620779633522034e-02 7.493884116411209106e-02
8.794050663709640503e-02 4.914804175496101379e-02 7.664888352155685425e-02
8.179965615272521973e-02 4.824399575591087341e-02 7.212925702333450317e-02
8.964391052722930908e-02 4.939490184187889099e-02 7.798775285482406616e-02
1.047888770699501038e-01 5.181807279586791992e-02 8.902660012245178223e-02
1.061532944440841675e-01 5.204575136303901672e-02 9.008664637804031372e-02
1.040172427892684937e-01 5.175458639860153198e-02 8.853966742753982544e-02
1.130035892128944397e-01 5.293926596641540527e-02 9.502957016229629517e-02
1.150720566511154175e-01 5.324979498982429504e-02 9.641868621110916138e-02
1.079280748963356018e-01 5.223515257239341736e-02 9.131444245576858521e-02
1.035386249423027039e-01 5.160133168101310730e-02 8.806592971086502075e-02
1.015291661024093628e-01 5.112325772643089294e-02 8.653852343559265137e-02
1.042956635355949402e-01 5.179793015122413635e-02 8.867955207824707031e-02
1.033499687910079956e-01 5.143116787075996399e-02 8.792543411254882812e-02
9.175752103328704834e-02 4.985151439905166626e-02 7.954558730125427246e-02
1.030237525701522827e-01 5.168733745813369751e-02 8.784233033657073975e-02
1.184350848197937012e-01 5.387415736913681030e-02 9.891375899314880371e-02
1.200841516256332397e-01 5.405497550964355469e-02 1.001271381974220276e-01
1.062663048505783081e-01 5.222741886973381042e-02 9.028665721416473389e-02
9.144981205463409424e-02 4.991689324378967285e-02 7.934688776731491089e-02
8.956073224544525146e-02 4.956226795911788940e-02 7.796528190374374390e-02
9.602935612201690674e-02 5.073305591940879822e-02 8.269029855728149414e-02
9.674396365880966187e-02 5.078803747892379761e-02 8.324823528528213501e-02
1.055165007710456848e-01 5.210733413696289062e-02 8.967345207929611206e-02
1.130153536796569824e-01 5.305239185690879822e-02 9.504248946905136108e-02
1.180185154080390930e-01 5.401359871029853821e-02 9.872050583362579346e-02
1.419292688369750977e-01 5.773765221238136292e-02 1.157493293285369873e-01
1.403770893812179565e-01 5.680786818265914917e-02 1.145770624279975891e-01
1.219047456979751587e-01 5.402054265141487122e-02 1.013757660984992981e-01
1.169377118349075317e-01 5.337699130177497864e-02 9.776531904935836792e-02
1.138196289539337158e-01 5.313362926244735718e-02 9.558342397212982178e-02
1.180817335844039917e-01 5.381447821855545044e-02 9.855584800243377686e-02
1.410752534866333008e-01 5.748855695128440857e-02 1.153400614857673645e-01
1.320098638534545898e-01 5.568805336952209473e-02 1.086682453751564026e-01
1.211855858564376831e-01 5.397998914122581482e-02 1.008362248539924622e-01
1.329175829887390137e-01 5.601475760340690613e-02 1.092309802770614624e-01
1.329245120286941528e-01 5.622075870633125305e-02 1.093231961131095886e-01
1.274227797985076904e-01 5.543567240238189697e-02 1.052792817354202271e-01
1.149902865290641785e-01 5.311179161071777344e-02 9.631603211164474487e-02
1.276831328868865967e-01 5.539469420909881592e-02 1.056002378463745117e-01
1.233599781990051270e-01 5.468022823333740234e-02 1.024239137768745422e-01
1.219515949487686157e-01 5.448896065354347229e-02 1.013778373599052429e-01
1.194589361548423767e-01 5.397418141365051270e-02 9.956324100494384766e-02
1.085796877741813660e-01 5.231303349137306213e-02 9.180755913257598877e-02
1.308707445859909058e-01 5.600741505622863770e-02 1.079197674989700317e-01
1.330461055040359497e-01 5.658238008618354797e-02 1.095608025789260864e-01
1.215471848845481873e-01 5.402677133679389954e-02 1.012005433440208435e-01
1.235769167542457581e-01 5.471459776163101196e-02 1.025718450546264648e-01
1.105596050620079041e-01 5.284940823912620544e-02 9.315495938062667847e-02
9.828392416238784790e-02 5.083546042442321777e-02 8.431652933359146118e-02
9.150930494070053101e-02 4.965334013104438782e-02 7.928968220949172974e-02
1.130061522126197815e-01 5.309972539544105530e-02 9.505018591880798340e-02
1.273500621318817139e-01 5.513644218444824219e-02 1.052806898951530457e-01
1.112844198942184448e-01 5.304802581667900085e-02 9.374604374170303345e-02
1.354759633541107178e-01 5.710522830486297607e-02 1.111656650900840759e-01
1.406532377004623413e-01 5.735177919268608093e-02 1.149668619036674500e-01
1.130037456750869751e-01 5.313427373766899109e-02 9.504825621843338013e-02
9.837251901626586914e-02 5.098258703947067261e-02 8.438407629728317261e-02
9.479874372482299805e-02 5.035399645566940308e-02 8.171731978654861450e-02
9.998461604118347168e-02 5.108337476849555969e-02 8.555294573307037354e-02
1.097359061241149902e-01 5.268162861466407776e-02 9.261407703161239624e-02
1.202162131667137146e-01 5.439961701631546021e-02 1.000718995928764343e-01
1.356705874204635620e-01 5.654203891754150391e-02 1.111318022012710571e-01
1.521074920892715454e-01 5.923437327146530151e-02 1.227922514081001282e-01
1.534029543399810791e-01 5.920964851975440979e-02 1.238958612084388733e-01
1.318253874778747559e-01 5.590767413377761841e-02 1.085948497056961060e-01
1.299828439950942993e-01 5.580944940447807312e-02 1.072514802217483521e-01
1.113591939210891724e-01 5.288247764110565186e-02 9.383762627840042114e-02
1.071692779660224915e-01 5.209287628531455994e-02 9.078215062618255615e-02
1.030977591872215271e-01 5.169681087136268616e-02 8.778436481952667236e-02
8.891844749450683594e-02 4.911751672625541687e-02 7.740323245525360107e-02
1.508432775735855103e-01 5.930946767330169678e-02 1.219892129302024841e-01
1.611108779907226562e-01 5.974859744310379028e-02 1.293315887451171875e-01
1.300085037946701050e-01 5.604774504899978638e-02 1.072497218847274780e-01
1.395595967769622803e-01 5.742762237787246704e-02 1.141783744096755981e-01
1.115814372897148132e-01 5.261823162436485291e-02 9.397140145301818848e-02
1.030881777405738831e-01 5.158248543739318848e-02 8.775718510150909424e-02
1.026620045304298401e-01 5.166392400860786438e-02 8.748880773782730103e-02
9.665694087743759155e-02 5.063066259026527405e-02 8.315903693437576294e-02
1.071390882134437561e-01 5.211089923977851868e-02 9.065701812505722046e-02
1.024764552712440491e-01 5.155228823423385620e-02 8.730662614107131958e-02
1.117712259292602539e-01 5.285116657614707947e-02 9.392030537128448486e-02
1.168139427900314331e-01 5.349745601415634155e-02 9.757527709007263184e-02
1.414160877466201782e-01 5.737359076738357544e-02 1.152524873614311218e-01
1.341620087623596191e-01 5.625148117542266846e-02 1.101755723357200623e-01
1.219285577535629272e-01 5.424452573060989380e-02 1.014524176716804504e-01
1.119034215807914734e-01 5.273499712347984314e-02 9.415920078754425049e-02
1.015742421150207520e-01 5.145215615630149841e-02 8.673572540283203125e-02
1.024851799011230469e-01 5.177158489823341370e-02 8.733112365007400513e-02
9.084616601467132568e-02 4.970454052090644836e-02 7.885815203189849854e-02
1.181084811687469482e-01 5.396988615393638611e-02 9.884883463382720947e-02
9.406521171331405640e-02 5.026822537183761597e-02 8.136569708585739136e-02
1.030276343226432800e-01 5.162108689546585083e-02 8.794014155864715576e-02
1.001163646578788757e-01 5.116785690188407898e-02 8.573149889707565308e-02
1.081757098436355591e-01 5.224915593862533569e-02 9.154890477657318115e-02
9.215552359819412231e-02 4.985883459448814392e-02 7.999862730503082275e-02
9.485601633787155151e-02 5.016769841313362122e-02 8.185974508523941040e-02
9.284963458776473999e-02 4.991777241230010986e-02 8.043670654296875000e-02
9.918418526649475098e-02 5.103757977485656738e-02 8.502054214477539062e-02
1.039522364735603333e-01 5.188589543104171753e-02 8.853048086166381836e-02
1.117719411849975586e-01 5.301569402217864990e-02 9.416311234235763550e-02
1.109148263931274414e-01 5.288149788975715637e-02 9.348872303962707520e-02
1.241905912756919861e-01 5.459989234805107117e-02 1.030549556016921997e-01
1.409942209720611572e-01 5.761760845780372620e-02 1.151373386383056641e-01
1.130114421248435974e-01 5.306450650095939636e-02 9.489192068576812744e-02
1.137225627899169922e-01 5.372431501746177673e-02 9.564732015132904053e-02
1.022400334477424622e-01 5.113360658288002014e-02 8.724645525217056274e-02
9.001558274030685425e-02 4.969982430338859558e-02 7.816099375486373901e-02
1.014621928334236145e-01 5.151855945587158203e-02 8.660402894020080566e-02
1.162006855010986328e-01 5.374140292406082153e-02 9.730117768049240112e-02
1.045042797923088074e-01 5.203813686966896057e-02 8.893366158008575439e-02
9.822032600641250610e-02 5.096251890063285828e-02 8.435613662004470825e-02
1.002230867743492126e-01 5.137526988983154297e-02 8.572948724031448364e-02
1.336418241262435913e-01 5.645726993680000305e-02 1.096464842557907104e-01
1.277340352535247803e-01 5.588562786579132080e-02 1.055832132697105408e-01
1.187917962670326233e-01 5.405392125248908997e-02 9.926076978445053101e-02
1.075485423207283020e-01 5.229597911238670349e-02 9.109756350517272949e-02
1.012270748615264893e-01 5.138872563838958740e-02 8.645007014274597168e-02
1.016471982002258301e-01 5.131905525922775269e-02 8.667596429586410522e-02
9.911200404167175293e-02 5.099495872855186462e-02 8.492223918437957764e-02
1.038329079747200012e-01 5.211670696735382080e-02 8.841024339199066162e-02
9.675669670104980469e-02 5.066499859094619751e-02 8.318824321031570435e-02
9.400727599859237671e-02 5.016533657908439636e-02 8.116207271814346313e-02
1.089967861771583557e-01 5.256851017475128174e-02 9.213683754205703735e-02
1.441246569156646729e-01 5.790651217103004456e-02 1.172937378287315369e-01
1.178585216403007507e-01 5.412060022354125977e-02 9.858904778957366943e-02
1.074182018637657166e-01 5.240457504987716675e-02 9.103029966354370117e-02
1.016103327274322510e-01 5.143799260258674622e-02 8.680010586977005005e-02
9.040822088718414307e-02 4.977183043956756592e-02 7.868129760026931763e-02
9.368447959423065186e-02 5.027695745229721069e-02 8.095264434814453125e-02
8.767940849065780640e-02 4.934185743331909180e-02 7.652159035205841064e-02
9.856075048446655273e-02 5.119733884930610657e-02 8.463227003812789917e-02
1.232538595795631409e-01 5.423849076032638550e-02 1.024443656206130981e-01
8.636840432882308960e-02 4.897926747798919678e-02 7.566016912460327148e-02
9.912203997373580933e-02 5.100009962916374207e-02 8.495875447988510132e-02
1.352379322052001953e-01 5.714505910873413086e-02 1.111131235957145691e-01
1.194920688867568970e-01 5.425744131207466125e-02 9.977097064256668091e-02
1.015612259507179260e-01 5.141952261328697205e-02 8.677317202091217041e-02
1.027226895093917847e-01 5.157377943396568298e-02 8.760657906532287598e-02
1.063580363988876343e-01 5.217072740197181702e-02 9.021858125925064087e-02
1.029604896903038025e-01 5.167146772146224976e-02 8.778471499681472778e-02
1.037476286292076111e-01 5.185294896364212036e-02 8.836955577135086060e-02
1.082797273993492126e-01 5.237281695008277893e-02 9.166694432497024536e-02
1.127118021249771118e-01 5.297031998634338379e-02 9.489956498146057129e-02
1.187650710344314575e-01 5.384278297424316406e-02 9.925842285156250000e-02
1.208823770284652710e-01 5.451213940978050232e-02 1.007792279124259949e-01
1.327959895133972168e-01 5.659434944391250610e-02 1.093514412641525269e-01
1.338944882154464722e-01 5.651465803384780884e-02 1.101204603910446167e-01
1.284483671188354492e-01 5.558148771524429321e-02 1.061805188655853271e-01
1.104933619499206543e-01 5.268944054841995239e-02 9.325864911079406738e-02
1.066384911537170410e-01 5.218924582004547119e-02 9.050308912992477417e-02
9.698627144098281860e-02 5.081427097320556641e-02 8.337566256523132324e-02
9.594151377677917480e-02 5.033690854907035828e-02 8.263522386550903320e-02
9.907153248786926270e-02 5.105254799127578735e-02 8.494110405445098877e-02
1.378312110900878906e-01 5.660484358668327332e-02 1.129152253270149231e-01
1.017694845795631409e-01 5.119681358337402344e-02 8.681533485651016235e-02
1.186934337019920349e-01 5.434615537524223328e-02 9.910586476325988770e-02
1.190210282802581787e-01 5.456790328025817871e-02 9.941644966602325439e-02
1.221900433301925659e-01 5.455083027482032776e-02 1.016237661242485046e-01
1.299232989549636841e-01 5.546951293945312500e-02 1.071307957172393799e-01
1.345305740833282471e-01 5.658212676644325256e-02 1.105094328522682190e-01
1.295798867940902710e-01 5.584565177559852600e-02 1.068845838308334351e-01
1.075747385621070862e-01 5.233921110630035400e-02 9.097381681203842163e-02
1.003964766860008240e-01 5.119388550519943237e-02 8.570945262908935547e-02
1.067602336406707764e-01 5.214217677712440491e-02 9.034136682748794556e-02
1.065250262618064880e-01 5.217814818024635315e-02 9.019745141267776489e-02
1.040268540382385254e-01 5.164141580462455750e-02 8.843112736940383911e-02
9.836275875568389893e-02 5.088394507765769958e-02 8.432345092296600342e-02
9.276311099529266357e-02 5.010411888360977173e-02 8.016679435968399048e-02
1.089552864432334900e-01 5.249635130167007446e-02 9.212299436330795288e-02
1.406690627336502075e-01 5.715182796120643616e-02 1.142509728670120239e-01
1.537381410598754883e-01 5.853485688567161560e-02 1.236018463969230652e-01
1.120627075433731079e-01 5.298077315092086792e-02 9.424598515033721924e-02
1.434319466352462769e-01 5.696606636047363281e-02 1.162879019975662231e-01
1.373585462570190430e-01 5.626667663455009460e-02 1.118662580847740173e-01
1.667004823684692383e-01 6.166878715157508850e-02 1.323562860488891602e-01
2.159468233585357666e-01 6.840971857309341431e-02 1.663822978734970093e-01
1.454299837350845337e-01 5.845444649457931519e-02 1.174088567495346069e-01
2.412659078836441040e-01 7.154766470193862915e-02 1.843038201332092285e-01
2.182048112154006958e-01 6.727556139230728149e-02 1.683239936828613281e-01
1.350186318159103394e-01 5.616508051753044128e-02 1.105854511260986328e-01
1.281672716140747070e-01 5.510985106229782104e-02 1.056354567408561707e-01
1.255774199962615967e-01 5.476786196231842041e-02 1.038424968719482422e-01
1.201254427433013916e-01 5.393955111503601074e-02 1.000354215502738953e-01
1.087900623679161072e-01 5.229416862130165100e-02 9.191659837961196899e-02
1.098296567797660828e-01 5.241666734218597412e-02 9.268154948949813843e-02
1.177352890372276306e-01 5.342113971710205078e-02 9.833309054374694824e-02
1.192516535520553589e-01 5.359872803092002869e-02 9.941802918910980225e-02
1.211626604199409485e-01 5.403744056820869446e-02 1.008046194911003113e-01
1.222886741161346436e-01 5.424158647656440735e-02 1.015865653753280640e-01
1.173952966928482056e-01 5.339617282152175903e-02 9.802749007940292358e-02
1.086943447589874268e-01 5.208989232778549194e-02 9.183434396982192993e-02
1.058465465903282166e-01 5.167855694890022278e-02 8.976466208696365356e-02
9.851431101560592651e-02 5.070105940103530884e-02 8.444437384605407715e-02
1.026177033782005310e-01 5.135432258248329163e-02 8.738258481025695801e-02
1.030929237604141235e-01 5.140605568885803223e-02 8.769988268613815308e-02
1.017773747444152832e-01 5.111509934067726135e-02 8.669181168079376221e-02
9.245470166206359863e-02 4.973336681723594666e-02 7.991527765989303589e-02
8.979268372058868408e-02 4.923641681671142578e-02 7.794449478387832642e-02
9.919443726539611816e-02 5.071426182985305786e-02 8.493255823850631714e-02
8.864144980907440186e-02 4.903529956936836243e-02 7.720247656106948853e-02
1.011671200394630432e-01 5.075484514236450195e-02 8.639661222696304321e-02
8.985804766416549683e-02 4.915273934602737427e-02 7.814791053533554077e-02
7.599814981222152710e-02 4.717957228422164917e-02 6.780297309160232544e-02
7.838796824216842651e-02 4.770480468869209290e-02 6.948593258857727051e-02
7.432139664888381958e-02 4.696060344576835632e-02 6.659687310457229614e-02
7.832006365060806274e-02 4.744523763656616211e-02 6.960457563400268555e-02
9.047364443540573120e-02 4.973778873682022095e-02 7.851865887641906738e-02
1.030409112572669983e-01 5.202577635645866394e-02 8.780758827924728394e-02
1.505213230848312378e-01 5.774413421750068665e-02 1.218070983886718750e-01
1.141246631741523743e-01 5.336691811680793762e-02 9.588360786437988281e-02
1.142862513661384583e-01 5.332627519965171814e-02 9.591389447450637817e-02
1.320923417806625366e-01 5.588148906826972961e-02 1.087656095623970032e-01
1.469912379980087280e-01 5.808899179100990295e-02 1.193392723798751831e-01
1.302905082702636719e-01 5.560659989714622498e-02 1.073623001575469971e-01
1.237672194838523865e-01 5.464037135243415833e-02 1.027531772851943970e-01
1.232381686568260193e-01 5.491925030946731567e-02 1.022810339927673340e-01
1.160891428589820862e-01 5.369149893522262573e-02 9.721017628908157349e-02
1.056529507040977478e-01 5.201673135161399841e-02 8.967739343643188477e-02
1.063955798745155334e-01 5.200766772031784058e-02 9.025292098522186279e-02
9.059526026248931885e-02 4.953308030962944031e-02 7.868251949548721313e-02
9.862475842237472534e-02 5.083220079541206360e-02 8.459600061178207397e-02
1.010054722428321838e-01 5.124754086136817932e-02 8.621700108051300049e-02
1.143164560198783875e-01 5.320733040571212769e-02 9.585411101579666138e-02
1.143935322761535645e-01 5.322890728712081909e-02 9.596281498670578003e-02
1.107121855020523071e-01 5.278564244508743286e-02 9.344192594289779663e-02
9.873975813388824463e-02 5.079229176044464111e-02 8.475796133279800415e-02
9.961079806089401245e-02 5.098449811339378357e-02 8.530680090188980103e-02
1.035873442888259888e-01 5.159143358469009399e-02 8.814970403909683228e-02
1.128862425684928894e-01 5.317754298448562622e-02 9.487149119377136230e-02
1.065707281231880188e-01 5.531232059001922607e-02 9.075543284416198730e-02
1.499887704849243164e-01 5.754694342613220215e-02 1.214828565716743469e-01
1.098444312810897827e-01 5.258088558912277222e-02 9.275767207145690918e-02
1.105554029345512390e-01 5.269949138164520264e-02 9.336423128843307495e-02
1.133482828736305237e-01 5.300791934132575989e-02 9.541961550712585449e-02
1.251584589481353760e-01 5.517942458391189575e-02 1.038614735007286072e-01
1.039667874574661255e-01 5.156203359365463257e-02 8.847092092037200928e-02
1.126205697655677795e-01 5.306593701243400574e-02 9.471317380666732788e-02
1.012673377990722656e-01 5.152340978384017944e-02 8.642548322677612305e-02
1.092646494507789612e-01 5.258987843990325928e-02 9.230549633502960205e-02
1.152073889970779419e-01 5.313128605484962463e-02 9.660857915878295898e-02
1.069874539971351624e-01 5.178276449441909790e-02 9.063855558633804321e-02
9.599880874156951904e-02 5.022205039858818054e-02 8.259458094835281372e-02
9.721459448337554932e-02 5.073213949799537659e-02 8.359786123037338257e-02
1.282119452953338623e-01 5.573884025216102600e-02 1.060376614332199097e-01
1.398673653602600098e-01 5.720711499452590942e-02 1.142271012067794800e-01
1.204417645931243896e-01 5.399633198976516724e-02 1.003388240933418274e-01
9.916573017835617065e-02 5.092889815568923950e-02 8.494606614112854004e-02
9.595290571451187134e-02 5.051749199628829956e-02 8.270470052957534790e-02
9.376840293407440186e-02 4.999244958162307739e-02 8.097832649946212769e-02
1.101627573370933533e-01 5.237832665443420410e-02 9.277934581041336060e-02
1.099327355623245239e-01 5.287145823240280151e-02 9.268441796302795410e-02
1.143507212400436401e-01 5.328379571437835693e-02 9.611221402883529663e-02
1.075732558965682983e-01 5.246345698833465576e-02 9.102928638458251953e-02
1.220644786953926086e-01 5.455803126096725464e-02 1.014669761061668396e-01
1.200278699398040771e-01 5.425572022795677185e-02 9.999119490385055542e-02
1.255013942718505859e-01 5.498925223946571350e-02 1.040256991982460022e-01
1.108394488692283630e-01 5.261319503188133240e-02 9.345708787441253662e-02
1.027397438883781433e-01 5.138928070664405823e-02 8.752734959125518799e-02
9.141962230205535889e-02 4.981078580021858215e-02 7.922321557998657227e-02
8.716265112161636353e-02 4.906513914465904236e-02 7.607174664735794067e-02
8.658169955015182495e-02 4.882013052701950073e-02 7.567851245403289795e-02
8.657282590866088867e-02 4.875200614333152771e-02 7.572635263204574585e-02
8.164817839860916138e-02 4.794711619615554810e-02 7.197663933038711548e-02
8.756558597087860107e-02 4.932348057627677917e-02 7.642546296119689941e-02
1.000630408525466919e-01 5.104088038206100464e-02 8.556860685348510742e-02
1.023945435881614685e-01 5.128653720021247864e-02 8.739209920167922974e-02
1.077335029840469360e-01 5.208941549062728882e-02 9.120538085699081421e-02
1.129843965172767639e-01 5.285257101058959961e-02 9.501112252473831177e-02
9.537951648235321045e-02 5.024434626102447510e-02 8.226847648620605469e-02
8.504367619752883911e-02 4.880145937204360962e-02 7.458195835351943970e-02
8.926726132631301880e-02 4.958996549248695374e-02 7.764317095279693604e-02
8.892381191253662109e-02 4.944543540477752686e-02 7.741427421569824219e-02
1.012164130806922913e-01 5.151767656207084656e-02 8.648065477609634399e-02
1.134822517633438110e-01 5.336196720600128174e-02 9.557887166738510132e-02
1.065458357334136963e-01 5.217859148979187012e-02 9.034398198127746582e-02
8.082216978073120117e-02 4.838924109935760498e-02 7.149071246385574341e-02
8.067220449447631836e-02 4.815215244889259338e-02 7.134121656417846680e-02
8.235944062471389771e-02 4.827134311199188232e-02 7.261525839567184448e-02
8.335587382316589355e-02 4.854999110102653503e-02 7.333413511514663696e-02
7.857007533311843872e-02 4.763012379407882690e-02 6.978395581245422363e-02
8.962275087833404541e-02 4.945670068264007568e-02 7.793684303760528564e-02
8.522992581129074097e-02 4.872949793934822083e-02 7.465273886919021606e-02
9.168841689825057983e-02 4.968024045228958130e-02 7.940457016229629517e-02
8.538099378347396851e-02 4.883085936307907104e-02 7.463686168193817139e-02
9.042187780141830444e-02 4.944040998816490173e-02 7.839903235435485840e-02
9.052664786577224731e-02 4.953872039914131165e-02 7.858290523290634155e-02
7.868800312280654907e-02 4.759662970900535583e-02 6.979403644800186157e-02
7.469109445810317993e-02 4.682966694235801697e-02 6.684532016515731812e-02
7.598165422677993774e-02 4.713170975446701050e-02 6.776592880487442017e-02
7.533369958400726318e-02 4.684586450457572937e-02 6.726648658514022827e-02
7.622276991605758667e-02 4.700203612446784973e-02 6.787209212779998779e-02
7.839082181453704834e-02 4.751816391944885254e-02 6.934933364391326904e-02
9.419671446084976196e-02 5.019368231296539307e-02 8.122193813323974609e-02
9.687524288892745972e-02 5.054017528891563416e-02 8.322420716285705566e-02
9.293427318334579468e-02 5.008224025368690491e-02 8.030985295772552490e-02
8.989035338163375854e-02 4.951608926057815552e-02 7.815527915954589844e-02
9.794028848409652710e-02 5.094434693455696106e-02 8.401931077241897583e-02
1.174750775098800659e-01 5.384137481451034546e-02 9.823362529277801514e-02
1.277789026498794556e-01 5.527370795607566833e-02 1.055221185088157654e-01
1.544730365276336670e-01 5.919942632317543030e-02 1.246029287576675415e-01
1.243144273757934570e-01 5.455208197236061096e-02 1.030193492770195007e-01
1.481498777866363525e-01 5.833636596798896790e-02 1.201235428452491760e-01
1.445143967866897583e-01 5.761791765689849854e-02 1.174128800630569458e-01
1.420310884714126587e-01 5.706001445651054382e-02 1.156238988041877747e-01
1.263394057750701904e-01 5.489877983927726746e-02 1.044120043516159058e-01
1.401565372943878174e-01 5.743729695677757263e-02 1.142630577087402344e-01
1.318542510271072388e-01 5.670906230807304382e-02 1.084428355097770691e-01
1.295584291219711304e-01 5.586968362331390381e-02 1.068090423941612244e-01
1.302552670240402222e-01 5.555131286382675171e-02 1.072606295347213745e-01
1.487507820129394531e-01 5.873230099678039551e-02 1.202933266758918762e-01
1.225584149360656738e-01 5.446022376418113708e-02 1.017315164208412170e-01
1.283095628023147583e-01 5.476810038089752197e-02 1.058147251605987549e-01
1.150997653603553772e-01 5.261192843317985535e-02 9.628012776374816895e-02
1.119724586606025696e-01 5.278025940060615540e-02 9.421775490045547485e-02
1.095203608274459839e-01 5.243977159261703491e-02 9.241113811731338501e-02
1.075168997049331665e-01 5.231553688645362854e-02 9.103801101446151733e-02
1.168213933706283569e-01 5.348066613078117371e-02 9.754387289285659790e-02
1.131849363446235657e-01 5.310948565602302551e-02 9.510911256074905396e-02
1.370564997196197510e-01 5.629298463463783264e-02 1.120672971010208130e-01
1.294547468423843384e-01 5.521562322974205017e-02 1.066133826971054077e-01
1.329240798950195312e-01 5.598470568656921387e-02 1.090984642505645752e-01
1.393705308437347412e-01 5.695232748985290527e-02 1.136387586593627930e-01
1.395014226436614990e-01 5.738617852330207825e-02 1.138565093278884888e-01
1.400507837533950806e-01 5.717901140451431274e-02 1.142570525407791138e-01
1.320086568593978882e-01 5.587121844291687012e-02 1.084499061107635498e-01
1.220577731728553772e-01 5.438424646854400635e-02 1.012636795639991760e-01
1.431224048137664795e-01 5.765060707926750183e-02 1.163243949413299561e-01
1.316116452217102051e-01 5.590343847870826721e-02 1.081309765577316284e-01
1.233919486403465271e-01 5.465980246663093567e-02 1.022679507732391357e-01
1.205279380083084106e-01 5.408864095807075500e-02 1.001884043216705322e-01
1.188429966568946838e-01 5.395806953310966492e-02 9.890866279602050781e-02
1.097678765654563904e-01 5.264391750097274780e-02 9.257061779499053955e-02
1.089298278093338013e-01 5.250126868486404419e-02 9.202404320240020752e-02
1.162191554903984070e-01 5.358023196458816528e-02 9.714842587709426880e-02
1.199632883071899414e-01 5.404871329665184021e-02 9.995026141405105591e-02
1.065538004040718079e-01 5.198082700371742249e-02 9.036558866500854492e-02
1.135949417948722839e-01 5.304016172885894775e-02 9.529366344213485718e-02
1.081054583191871643e-01 5.228734388947486877e-02 9.140704572200775146e-02
1.087455600500106812e-01 5.230537056922912598e-02 9.193082153797149658e-02
1.080219075083732605e-01 5.214899778366088867e-02 9.138383716344833374e-02
1.078498587012290955e-01 5.208776891231536865e-02 9.113293886184692383e-02
1.109527274966239929e-01 5.252506211400032043e-02 9.344299882650375366e-02
1.263062506914138794e-01 5.461867526173591614e-02 1.044340729713439941e-01
1.160028055310249329e-01 5.302502587437629700e-02 9.709413349628448486e-02
1.169885918498039246e-01 5.347159504890441895e-02 9.768445044755935669e-02
1.136119589209556580e-01 5.303525179624557495e-02 9.530957788228988647e-02
1.101291254162788391e-01 5.252240970730781555e-02 9.278564155101776123e-02
1.046970933675765991e-01 5.175630003213882446e-02 8.888233453035354614e-02
1.019023805856704712e-01 5.132636055350303650e-02 8.680567145347595215e-02
9.954142570495605469e-02 5.099933221936225891e-02 8.514326810836791992e-02
8.702076971530914307e-02 4.911209270358085632e-02 7.588940858840942383e-02
8.571934700012207031e-02 4.881614819169044495e-02 7.481534034013748169e-02
8.086490631103515625e-02 4.798338189721107483e-02 7.114876061677932739e-02
8.270721882581710815e-02 4.829398542642593384e-02 7.251214236021041870e-02
9.581529349088668823e-02 5.038332566618919373e-02 8.222129940986633301e-02
9.833130240440368652e-02 5.074758827686309814e-02 8.416705578565597534e-02
9.767139703035354614e-02 5.055507645010948181e-02 8.371078222990036011e-02
1.049057394266128540e-01 5.161724239587783813e-02 8.897938579320907593e-02
1.116421297192573547e-01 5.254955589771270752e-02 9.381555765867233276e-02
1.030777618288993835e-01 5.133340135216712952e-02 8.766092360019683838e-02
9.350778162479400635e-02 4.977948963642120361e-02 8.057682216167449951e-02
8.988381922245025635e-02 4.923371225595474243e-02 7.790479809045791626e-02
9.115643799304962158e-02 4.940246790647506714e-02 7.888130843639373779e-02
8.568602055311203003e-02 4.868631809949874878e-02 7.481724768877029419e-02
