1.587949097156524658e-01 5.928680300712585449e-02 1.269504129886627197e-01
1.553108990192413330e-01 5.881590023636817932e-02 1.245319917798042297e-01
1.532855033874511719e-01 5.861808732151985168e-02 1.231782287359237671e-01
1.526106595993041992e-01 5.831314995884895325e-02 1.226184144616127014e-01
1.522076576948165894e-01 5.809572339057922363e-02 1.224960312247276306e-01
1.592893302440643311e-01 5.882893502712249756e-02 1.276623606681823730e-01
1.801365315914154053e-01 6.151634827256202698e-02 1.423257589340209961e-01
1.872875690460205078e-01 6.241064891219139099e-02 1.474202275276184082e-01
1.793704330921173096e-01 6.129834055900573730e-02 1.419012993574142456e-01
1.822631210088729858e-01 6.174055859446525574e-02 1.440012753009796143e-01
1.779445260763168335e-01 6.122021004557609558e-02 1.411131769418716431e-01
1.819908916950225830e-01 6.172861531376838684e-02 1.440327763557434082e-01
1.891519725322723389e-01 6.261371821165084839e-02 1.491456776857376099e-01
1.882788240909576416e-01 6.267885118722915649e-02 1.486407816410064697e-01
1.864815205335617065e-01 6.252247095108032227e-02 1.474920362234115601e-01
2.007726430892944336e-01 6.447390466928482056e-02 1.577007472515106201e-01
2.070176601409912109e-01 6.534770876169204712e-02 1.623275279998779297e-01
2.183538824319839478e-01 6.668881326913833618e-02 1.701619178056716919e-01
2.217983156442642212e-01 6.691697239875793457e-02 1.725353747606277466e-01
2.207734435796737671e-01 6.688200682401657104e-02 1.718981713056564331e-01
2.026437520980834961e-01 6.464330106973648071e-02 1.592461764812469482e-01
2.007189691066741943e-01 6.438980251550674438e-02 1.578680127859115601e-01
2.486861944198608398e-01 7.027842104434967041e-02 1.913003325462341309e-01
2.509300410747528076e-01 7.041191309690475464e-02 1.929141730070114136e-01
2.253480702638626099e-01 6.703095883131027222e-02 1.752306520938873291e-01
2.322449982166290283e-01 6.810884177684783936e-02 1.801299005746841431e-01
2.293735742568969727e-01 6.769592314958572388e-02 1.780797988176345825e-01
2.333635836839675903e-01 6.791203469038009644e-02 1.808574348688125610e-01
2.316217422485351562e-01 6.755927205085754395e-02 1.796137541532516479e-01
2.279947400093078613e-01 6.726195663213729858e-02 1.772439330816268921e-01
2.186685353517532349e-01 6.610697507858276367e-02 1.707846820354461670e-01
2.086908668279647827e-01 6.487110257148742676e-02 1.638250201940536499e-01
2.231088578701019287e-01 6.663353741168975830e-02 1.741334646940231323e-01
2.383244335651397705e-01 6.861200183629989624e-02 1.847493648529052734e-01
2.567600309848785400e-01 7.036801427602767944e-02 1.972296535968780518e-01
2.615473866462707520e-01 7.096999883651733398e-02 2.005908042192459106e-01
2.558518052101135254e-01 7.043942064046859741e-02 1.966146230697631836e-01
2.521880865097045898e-01 7.020310312509536743e-02 1.940923333168029785e-01
2.545813918113708496e-01 7.058773934841156006e-02 1.956931650638580322e-01
2.443768084049224854e-01 6.928761303424835205e-02 1.885592937469482422e-01
2.547785341739654541e-01 7.045479863882064819e-02 1.956072896718978882e-01
2.548713982105255127e-01 7.051450014114379883e-02 1.956685930490493774e-01
2.548512816429138184e-01 7.045860588550567627e-02 1.956310421228408813e-01
2.625005245208740234e-01 7.107900083065032959e-02 2.008275389671325684e-01
2.383002936840057373e-01 6.852319836616516113e-02 1.844179183244705200e-01
2.157560735940933228e-01 6.573534756898880005e-02 1.687199473381042480e-01
2.140395939350128174e-01 6.545409560203552246e-02 1.674118191003799438e-01
2.021937370300292969e-01 6.389739364385604858e-02 1.592101752758026123e-01
1.937104761600494385e-01 6.278787553310394287e-02 1.533190906047821045e-01
1.692735850811004639e-01 5.985843017697334290e-02 1.361373066902160645e-01
1.851648539304733276e-01 6.169923022389411926e-02 1.473032683134078979e-01
1.892834007740020752e-01 6.236162409186363220e-02 1.501899212598800659e-01
1.716968715190887451e-01 6.019159406423568726e-02 1.378461420536041260e-01
1.651274114847183228e-01 5.943411588668823242e-02 1.332737058401107788e-01
1.687669605016708374e-01 5.967653915286064148e-02 1.357654929161071777e-01
1.764812320470809937e-01 6.071288511157035828e-02 1.412385106086730957e-01
1.778844892978668213e-01 6.082270294427871704e-02 1.422061324119567871e-01
1.933855265378952026e-01 6.310221552848815918e-02 1.531294286251068115e-01
2.129109948873519897e-01 6.539218127727508545e-02 1.668086200952529907e-01
1.991679668426513672e-01 6.390880048274993896e-02 1.573159396648406982e-01
1.804223060607910156e-01 6.129085645079612732e-02 1.440182179212570190e-01
1.772065311670303345e-01 6.077641621232032776e-02 1.417290568351745605e-01
1.680864393711090088e-01 5.971833318471908569e-02 1.352753937244415283e-01
1.770458519458770752e-01 6.081031262874603271e-02 1.416258513927459717e-01
1.943747252225875854e-01 6.316929310560226440e-02 1.538161337375640869e-01
1.954195648431777954e-01 6.333535909652709961e-02 1.545122414827346802e-01
1.755845546722412109e-01 6.081406772136688232e-02 1.404722034931182861e-01
1.770871430635452271e-01 6.095379218459129333e-02 1.416777819395065308e-01
1.811353564262390137e-01 6.120906025171279907e-02 1.444716751575469971e-01
1.808105111122131348e-01 6.113917380571365356e-02 1.442269831895828247e-01
1.828539073467254639e-01 6.149675324559211731e-02 1.457163244485855103e-01
1.867572367191314697e-01 6.212188303470611572e-02 1.484309285879135132e-01
2.214144766330718994e-01 6.628034263849258423e-02 1.726016849279403687e-01
2.096333652734756470e-01 6.484013795852661133e-02 1.643332242965698242e-01
2.081169784069061279e-01 6.463737785816192627e-02 1.633312553167343140e-01
2.065065503120422363e-01 6.445818394422531128e-02 1.622825711965560913e-01
2.099572122097015381e-01 6.494513154029846191e-02 1.646563857793807983e-01
2.155460417270660400e-01 6.562534719705581665e-02 1.685542166233062744e-01
2.081939280033111572e-01 6.477426737546920776e-02 1.633745282888412476e-01
2.058497816324234009e-01 6.443554908037185669e-02 1.618548333644866943e-01
1.557566523551940918e-01 5.787533521652221680e-02 1.263024061918258667e-01
1.736972630023956299e-01 6.044743955135345459e-02 1.391104608774185181e-01
1.855588704347610474e-01 6.181620433926582336e-02 1.475613564252853394e-01
1.932144612073898315e-01 6.285642087459564209e-02 1.530244350433349609e-01
1.824424862861633301e-01 6.163426488637924194e-02 1.454679518938064575e-01
1.926325708627700806e-01 6.299414485692977905e-02 1.526077091693878174e-01
1.871274411678314209e-01 6.226451694965362549e-02 1.487408727407455444e-01
1.813920140266418457e-01 6.170372292399406433e-02 1.447503268718719482e-01
1.836405545473098755e-01 6.175975501537322998e-02 1.462807953357696533e-01
1.744216084480285645e-01 6.053245440125465393e-02 1.397606879472732544e-01
1.790540367364883423e-01 6.121998280286788940e-02 1.430438756942749023e-01
1.851756274700164795e-01 6.193868815898895264e-02 1.473231613636016846e-01
1.918907761573791504e-01 6.267593055963516235e-02 1.520589888095855713e-01
1.722812652587890625e-01 6.009846553206443787e-02 1.382617056369781494e-01
1.664234399795532227e-01 5.943808332085609436e-02 1.341399699449539185e-01
1.615667194128036499e-01 5.894736573100090027e-02 1.306817978620529175e-01
1.842290014028549194e-01 6.196288391947746277e-02 1.467133909463882446e-01
1.996842473745346069e-01 6.400590389966964722e-02 1.575088351964950562e-01
1.941668391227722168e-01 6.333708763122558594e-02 1.535716503858566284e-01
1.997256875038146973e-01 6.398301571607589722e-02 1.575512290000915527e-01
1.999269574880599976e-01 6.372958421707153320e-02 1.576108038425445557e-01
2.022880464792251587e-01 6.404606997966766357e-02 1.593404859304428101e-01
1.993793398141860962e-01 6.386254727840423584e-02 1.573181152343750000e-01
1.756956577301025391e-01 6.078467890620231628e-02 1.407024860382080078e-01
1.774802803993225098e-01 6.094723194837570190e-02 1.419540345668792725e-01
1.681644469499588013e-01 5.977786704897880554e-02 1.353172659873962402e-01
1.731417924165725708e-01 6.022793799638748169e-02 1.388437002897262573e-01
1.822437644004821777e-01 6.147640198469161987e-02 1.452757418155670166e-01
1.828358620405197144e-01 6.142969802021980286e-02 1.457081586122512817e-01
1.779877394437789917e-01 6.084151193499565125e-02 1.422567367553710938e-01
1.633135229349136353e-01 5.899206176400184631e-02 1.319294869899749756e-01
1.514632552862167358e-01 5.759526789188385010e-02 1.234909817576408386e-01
1.633569896221160889e-01 5.907674133777618408e-02 1.319549977779388428e-01
1.716147065162658691e-01 6.023140624165534973e-02 1.378141492605209351e-01
1.646480858325958252e-01 5.939236283302307129e-02 1.329039782285690308e-01
1.798827350139617920e-01 6.147513911128044128e-02 1.436713486909866333e-01
1.956408023834228516e-01 6.345888972282409668e-02 1.547393798828125000e-01
1.972683519124984741e-01 6.371670216321945190e-02 1.558910757303237915e-01
2.267307788133621216e-01 6.714806705713272095e-02 1.762609332799911499e-01
2.562443017959594727e-01 7.048884779214859009e-02 1.964879930019378662e-01
3.070670664310455322e-01 7.475129514932632446e-02 2.304190695285797119e-01
3.556343317031860352e-01 7.942587137222290039e-02 2.631301283836364746e-01
3.061352372169494629e-01 7.501887530088424683e-02 2.300389558076858521e-01
2.861621975898742676e-01 7.281570136547088623e-02 2.162916064262390137e-01
2.852738201618194580e-01 7.272641360759735107e-02 2.158101797103881836e-01
2.844620347023010254e-01 7.252430915832519531e-02 2.151362746953964233e-01
2.711602449417114258e-01 7.134862244129180908e-02 2.062887102365493774e-01
2.696681320667266846e-01 7.134331762790679932e-02 2.054076790809631348e-01
2.650013267993927002e-01 7.058902084827423096e-02 2.020838111639022827e-01
2.506105303764343262e-01 6.892276555299758911e-02 1.922451257705688477e-01
2.381779551506042480e-01 6.804268062114715576e-02 1.839627325534820557e-01
2.359063029289245605e-01 6.802450865507125854e-02 1.822347342967987061e-01
2.425351440906524658e-01 6.843098253011703491e-02 1.864243298768997192e-01
2.448759675025939941e-01 6.862408667802810669e-02 1.880171298980712891e-01
2.557552754878997803e-01 6.932833790779113770e-02 1.951830834150314331e-01
2.560816407203674316e-01 6.946510076522827148e-02 1.953286528587341309e-01
2.558375000953674316e-01 6.936148554086685181e-02 1.949111521244049072e-01
2.406156957149505615e-01 6.865711510181427002e-02 1.850485652685165405e-01
2.541737556457519531e-01 6.937481462955474854e-02 1.937464177608489990e-01
2.636702358722686768e-01 7.063896209001541138e-02 2.002989798784255981e-01
2.858365774154663086e-01 7.425687462091445923e-02 2.155961692333221436e-01
2.689336538314819336e-01 7.159398496150970459e-02 2.038993984460830688e-01
2.507799267768859863e-01 7.016133517026901245e-02 1.914576739072799683e-01
2.293638288974761963e-01 6.762691587209701538e-02 1.767893582582473755e-01
2.288460433483123779e-01 6.773870438337326050e-02 1.765498220920562744e-01
2.010738551616668701e-01 6.489276885986328125e-02 1.571144610643386841e-01
1.707482933998107910e-01 6.109891831874847412e-02 1.359327286481857300e-01
1.738457232713699341e-01 6.177056953310966492e-02 1.378900557756423950e-01
1.561557203531265259e-01 5.907533690333366394e-02 1.253786981105804443e-01
1.713796406984329224e-01 6.114956736564636230e-02 1.358789503574371338e-01
1.528971493244171143e-01 5.840222164988517761e-02 1.231061518192291260e-01
1.410584896802902222e-01 5.650638416409492493e-02 1.149004027247428894e-01
1.310788393020629883e-01 5.529556050896644592e-02 1.078289747238159180e-01
1.376245617866516113e-01 5.629822611808776855e-02 1.122281998395919800e-01
1.345416754484176636e-01 5.581845343112945557e-02 1.099999397993087769e-01
1.512562036514282227e-01 5.816105008125305176e-02 1.218498349189758301e-01
1.340924650430679321e-01 5.543449893593788147e-02 1.099200844764709473e-01
1.165547147393226624e-01 5.316687747836112976e-02 9.753208607435226440e-02
1.230026707053184509e-01 5.410209670662879944e-02 1.021629124879837036e-01
1.130720004439353943e-01 5.265317857265472412e-02 9.492960572242736816e-02
1.188951358199119568e-01 5.334971472620964050e-02 9.908888489007949829e-02
1.162115111947059631e-01 5.319920554757118225e-02 9.717784076929092407e-02
1.056090518832206726e-01 5.169472098350524902e-02 8.966504037380218506e-02
1.003751158714294434e-01 5.075011774897575378e-02 8.585428446531295776e-02
1.048057600855827332e-01 5.142340809106826782e-02 8.904738724231719971e-02
9.762691706418991089e-02 5.047286301851272583e-02 8.366867154836654663e-02
1.014100834727287292e-01 5.096862092614173889e-02 8.661004900932312012e-02
1.003710180521011353e-01 5.069609358906745911e-02 8.591776341199874878e-02
1.127221882343292236e-01 5.264321342110633850e-02 9.488116204738616943e-02
1.046385243535041809e-01 5.156186968088150024e-02 8.894512802362442017e-02
9.496048092842102051e-02 4.995127022266387939e-02 8.180125802755355835e-02
9.384012967348098755e-02 4.985562711954116821e-02 8.090133965015411377e-02
9.080510586500167847e-02 4.937539994716644287e-02 7.887395471334457397e-02
9.115421026945114136e-02 4.953204095363616943e-02 7.910166680812835693e-02
9.691303968429565430e-02 5.035141482949256897e-02 8.339936286211013794e-02
9.761936962604522705e-02 5.050079897046089172e-02 8.391488343477249146e-02
1.054219231009483337e-01 5.174648389220237732e-02 8.945905417203903198e-02
9.790607541799545288e-02 5.075067654252052307e-02 8.400519192218780518e-02
9.970477968454360962e-02 5.090729519724845886e-02 8.524546027183532715e-02
1.067434623837471008e-01 5.225392431020736694e-02 9.041801840066909790e-02
1.261620819568634033e-01 5.488587170839309692e-02 1.042350009083747864e-01
1.337437033653259277e-01 5.593461543321609497e-02 1.097967103123664856e-01
1.351065784692764282e-01 5.604856088757514954e-02 1.106643527746200562e-01
1.211137846112251282e-01 5.412491783499717712e-02 1.007796376943588257e-01
1.395041495561599731e-01 5.677636340260505676e-02 1.140709891915321350e-01
1.282287836074829102e-01 5.535351112484931946e-02 1.059789732098579407e-01
1.347460895776748657e-01 5.605458840727806091e-02 1.104814931750297546e-01
1.218061223626136780e-01 5.413563922047615051e-02 1.013522520661354065e-01
1.140401661396026611e-01 5.292922630906105042e-02 9.577371180057525635e-02
1.058608740568161011e-01 5.180492624640464783e-02 8.977091312408447266e-02
9.676298499107360840e-02 5.033840611577033997e-02 8.306435495615005493e-02
1.040699928998947144e-01 5.143994092941284180e-02 8.844443410634994507e-02
1.138903424143791199e-01 5.280322581529617310e-02 9.569451957941055298e-02
1.109177470207214355e-01 5.231718346476554871e-02 9.358697384595870972e-02
1.062525138258934021e-01 5.172462761402130127e-02 9.014576673507690430e-02
9.381650388240814209e-02 4.984316602349281311e-02 8.105078339576721191e-02
9.952510893344879150e-02 5.066699534654617310e-02 8.527459949254989624e-02
1.126559004187583923e-01 5.261171609163284302e-02 9.468681365251541138e-02
1.014781817793846130e-01 5.106227844953536987e-02 8.670723438262939453e-02
9.559959918260574341e-02 5.008686333894729614e-02 8.234209567308425903e-02
8.723617345094680786e-02 4.886985942721366882e-02 7.613434642553329468e-02
8.871793001890182495e-02 4.912221059203147888e-02 7.738530635833740234e-02
8.732235431671142578e-02 4.884241521358489990e-02 7.636223733425140381e-02
9.356429427862167358e-02 4.984306544065475464e-02 8.092582225799560547e-02
1.028782650828361511e-01 5.135848373174667358e-02 8.770863711833953857e-02
1.134847179055213928e-01 5.272068828344345093e-02 9.533040970563888550e-02
1.187449246644973755e-01 5.365727469325065613e-02 9.920568019151687622e-02
9.976066648960113525e-02 5.085824802517890930e-02 8.546510338783264160e-02
9.952104836702346802e-02 5.070361495018005371e-02 8.521275222301483154e-02
1.012842208147048950e-01 5.101885274052619934e-02 8.653140813112258911e-02
1.018497049808502197e-01 5.113354697823524475e-02 8.692764490842819214e-02
8.797098696231842041e-02 4.883515834808349609e-02 7.685419172048568726e-02
9.252240508794784546e-02 4.961383715271949768e-02 7.978821545839309692e-02
1.152365803718566895e-01 5.328308790922164917e-02 9.656690061092376709e-02
1.123703941702842712e-01 5.293001607060432434e-02 9.461539238691329956e-02
1.218177303671836853e-01 5.433453992009162903e-02 1.013742461800575256e-01
1.298290193080902100e-01 5.545176193118095398e-02 1.070967391133308411e-01
1.418339610099792480e-01 5.720289424061775208e-02 1.157617196440696716e-01
1.351713240146636963e-01 5.607898160815238953e-02 1.109058782458305359e-01
1.316806823015213013e-01 5.555800721049308777e-02 1.083593368530273438e-01
1.239319667220115662e-01 5.471005663275718689e-02 1.029356122016906738e-01
1.223622038960456848e-01 5.442478880286216736e-02 1.018548607826232910e-01
1.219060122966766357e-01 5.447798967361450195e-02 1.015399768948554993e-01
1.342479288578033447e-01 5.647972971200942993e-02 1.104366481304168701e-01
1.355668902397155762e-01 5.597998946905136108e-02 1.112289503216743469e-01
1.233313158154487610e-01 5.433706566691398621e-02 1.025286689400672913e-01
1.215240806341171265e-01 5.402150005102157593e-02 1.011901125311851501e-01
1.286892294883728027e-01 5.484466999769210815e-02 1.063500493764877319e-01
1.288998574018478394e-01 5.504088848829269409e-02 1.063887178897857666e-01
1.316654533147811890e-01 5.548803508281707764e-02 1.084822565317153931e-01
1.179556548595428467e-01 5.355068296194076538e-02 9.876499325037002563e-02
1.106880679726600647e-01 5.244012922048568726e-02 9.342230111360549927e-02
1.041830480098724365e-01 5.154126510024070740e-02 8.870483189821243286e-02
1.141011640429496765e-01 5.300721153616905212e-02 9.600292891263961792e-02
1.223501116037368774e-01 5.408178642392158508e-02 1.018472313880920410e-01
1.404011845588684082e-01 5.628933012485504150e-02 1.145356222987174988e-01
1.189471781253814697e-01 5.361126735806465149e-02 9.935205429792404175e-02
1.257433742284774780e-01 5.440739542245864868e-02 1.043588519096374512e-01
1.263871043920516968e-01 5.447480827569961548e-02 1.047178059816360474e-01
1.169906705617904663e-01 5.315278843045234680e-02 9.795875102281570435e-02
1.479689180850982666e-01 5.722679570317268372e-02 1.199179366230964661e-01
1.680931299924850464e-01 5.971617251634597778e-02 1.341787129640579224e-01
2.107241451740264893e-01 6.535097211599349976e-02 1.635102182626724243e-01
2.066665291786193848e-01 6.461279839277267456e-02 1.608496308326721191e-01
1.658523529767990112e-01 5.972262471914291382e-02 1.327001303434371948e-01
1.483025252819061279e-01 5.729864910244941711e-02 1.202866286039352417e-01
1.394485235214233398e-01 5.612140521407127380e-02 1.139866560697555542e-01
1.530097872018814087e-01 5.789609253406524658e-02 1.236341819167137146e-01
1.496309936046600342e-01 5.780806019902229309e-02 1.212726905941963196e-01
1.603243649005889893e-01 5.909723415970802307e-02 1.288644522428512573e-01
1.439806967973709106e-01 5.675266310572624207e-02 1.173679530620574951e-01
1.311031877994537354e-01 5.504403635859489441e-02 1.082271561026573181e-01
1.301168799400329590e-01 5.496686324477195740e-02 1.075897514820098877e-01
1.096969991922378540e-01 5.207822844386100769e-02 9.285023808479309082e-02
1.042390242218971252e-01 5.129150673747062683e-02 8.891206979751586914e-02
1.043232753872871399e-01 5.127452686429023743e-02 8.902718126773834229e-02
1.064044833183288574e-01 5.141390860080718994e-02 9.055104106664657593e-02
1.132810637354850769e-01 5.253529176115989685e-02 9.546362608671188354e-02
1.185878291726112366e-01 5.334576219320297241e-02 9.925267845392227173e-02
1.213717162609100342e-01 5.375119671225547791e-02 1.013502627611160278e-01
1.065048873424530029e-01 5.162727460265159607e-02 9.056498110294342041e-02
1.214839592576026917e-01 5.373512580990791321e-02 1.014712080359458923e-01
1.200531870126724243e-01 5.337958410382270813e-02 1.003731936216354370e-01
1.334174871444702148e-01 5.519055575132369995e-02 1.100803092122077942e-01
1.318655461072921753e-01 5.492620542645454407e-02 1.088445708155632019e-01
1.164820343255996704e-01 5.298582836985588074e-02 9.782181680202484131e-02
1.286864578723907471e-01 5.491154640913009644e-02 1.067297980189323425e-01
1.356094330549240112e-01 5.538610741496086121e-02 1.113505214452743530e-01
1.368243545293807983e-01 5.576201528310775757e-02 1.123248040676116943e-01
1.196115761995315552e-01 5.354884266853332520e-02 9.993028640747070312e-02
1.382203251123428345e-01 5.662536993622779846e-02 1.133725047111511230e-01
1.212623119354248047e-01 5.365757271647453308e-02 1.011552140116691589e-01
1.258303970098495483e-01 5.422746390104293823e-02 1.045235097408294678e-01
1.270644962787628174e-01 5.444183573126792908e-02 1.054525226354598999e-01
1.471218019723892212e-01 5.706784501671791077e-02 1.198277771472930908e-01
1.498137265443801880e-01 5.747298896312713623e-02 1.216554120182991028e-01
1.540068984031677246e-01 5.801427736878395081e-02 1.246420219540596008e-01
1.446589529514312744e-01 5.677340179681777954e-02 1.179415360093116760e-01
1.247316822409629822e-01 5.404924601316452026e-02 1.037808060646057129e-01
1.187773570418357849e-01 5.327997729182243347e-02 9.963416308164596558e-02
1.125837489962577820e-01 5.247424170374870300e-02 9.525434672832489014e-02
1.188033670186996460e-01 5.350381880998611450e-02 9.974867850542068481e-02
1.149695739150047302e-01 5.287368968129158020e-02 9.660274535417556763e-02
1.198884397745132446e-01 5.353367701172828674e-02 1.002002134919166565e-01
1.050450727343559265e-01 5.121563002467155457e-02 8.950056135654449463e-02
1.076190024614334106e-01 5.161183699965476990e-02 9.138569235801696777e-02
9.360150992870330811e-02 4.976594075560569763e-02 8.111203461885452271e-02
1.041069924831390381e-01 5.122268572449684143e-02 8.894690871238708496e-02
9.798192232847213745e-02 5.030087754130363464e-02 8.427162468433380127e-02
7.532676309347152710e-02 4.657205194234848022e-02 6.756915897130966187e-02
6.693963706493377686e-02 4.502552002668380737e-02 6.117483973503112793e-02
7.514815032482147217e-02 4.650479555130004883e-02 6.739013642072677612e-02
8.083049207925796509e-02 4.755993187427520752e-02 7.164301723241806030e-02
7.477667182683944702e-02 4.655254632234573364e-02 6.700699776411056519e-02
6.906058639287948608e-02 4.566827416419982910e-02 6.262590736150741577e-02
6.714040040969848633e-02 4.531447589397430420e-02 6.119769066572189331e-02
8.528634905815124512e-02 4.837154969573020935e-02 7.493984699249267578e-02
9.276469051837921143e-02 4.957208409905433655e-02 8.047222346067428589e-02
9.281504154205322266e-02 4.955675825476646423e-02 8.049710094928741455e-02
1.011437997221946716e-01 5.079759657382965088e-02 8.662600815296173096e-02
1.161600723862648010e-01 5.294827744364738464e-02 9.767241775989532471e-02
1.263845860958099365e-01 5.440338328480720520e-02 1.050723344087600708e-01
1.536630392074584961e-01 5.810047313570976257e-02 1.245546266436576843e-01
1.888594329357147217e-01 6.239479780197143555e-02 1.492126584053039551e-01
2.334803789854049683e-01 6.727676838636398315e-02 1.801454424858093262e-01
2.553892135620117188e-01 6.909666210412979126e-02 1.946490406990051270e-01
2.403335720300674438e-01 6.733689457178115845e-02 1.843045353889465332e-01
2.314228564500808716e-01 6.677570194005966187e-02 1.785055547952651978e-01
2.289098352193832397e-01 6.631832569837570190e-02 1.766642779111862183e-01
2.196950167417526245e-01 6.539047509431838989e-02 1.703699976205825806e-01
2.297412455081939697e-01 6.703139096498489380e-02 1.777312159538269043e-01
2.402256429195404053e-01 6.828851252794265747e-02 1.850947141647338867e-01
2.464195936918258667e-01 6.889384984970092773e-02 1.893336027860641479e-01
2.419703602790832520e-01 6.822765618562698364e-02 1.862473636865615845e-01
2.348958998918533325e-01 6.760796159505844116e-02 1.814258247613906860e-01
2.381881326436996460e-01 6.794950366020202637e-02 1.837292164564132690e-01
2.562808692455291748e-01 6.978090107440948486e-02 1.960836499929428101e-01
2.533025741577148438e-01 6.961403787136077881e-02 1.941929459571838379e-01
2.567265629768371582e-01 6.968506425619125366e-02 1.963020116090774536e-01
2.750617563724517822e-01 7.147582620382308960e-02 2.087121605873107910e-01
2.782211899757385254e-01 7.163304835557937622e-02 2.107414603233337402e-01
2.635661661624908447e-01 7.033243775367736816e-02 2.008748650550842285e-01
2.504343390464782715e-01 6.918184459209442139e-02 1.920698583126068115e-01
2.423142194747924805e-01 6.836918741464614868e-02 1.865781992673873901e-01
2.689267694950103760e-01 7.102650403976440430e-02 2.045044004917144775e-01
3.030367195606231689e-01 7.416117191314697266e-02 2.275832444429397583e-01
2.913963198661804199e-01 7.304290682077407837e-02 2.199794948101043701e-01
2.921485602855682373e-01 7.322803139686584473e-02 2.204756140708923340e-01
3.053233921527862549e-01 7.404984533786773682e-02 2.291309088468551636e-01
3.016222715377807617e-01 7.416771352291107178e-02 2.269447445869445801e-01
3.310176730155944824e-01 7.691720873117446899e-02 2.466783374547958374e-01
3.441705405712127686e-01 7.855687290430068970e-02 2.557074725627899170e-01
3.872340321540832520e-01 8.196605741977691650e-02 2.835820019245147705e-01
3.367500007152557373e-01 7.808992266654968262e-02 2.508291304111480713e-01
3.460718989372253418e-01 7.876627147197723389e-02 2.568567991256713867e-01
3.420303761959075928e-01 7.879024744033813477e-02 2.548079490661621094e-01
3.689325749874114990e-01 8.098319172859191895e-02 2.725105285644531250e-01
3.376999199390411377e-01 7.839958369731903076e-02 2.521064281463623047e-01
3.203617036342620850e-01 7.761573791503906250e-02 2.405251711606979370e-01
2.875515222549438477e-01 7.405133545398712158e-02 2.180126309394836426e-01
2.857407331466674805e-01 7.319696992635726929e-02 2.162685692310333252e-01
2.921695411205291748e-01 7.403825223445892334e-02 2.205265909433364868e-01
2.935586273670196533e-01 7.414034754037857056e-02 2.213384360074996948e-01
3.167444467544555664e-01 7.525786012411117554e-02 2.358936220407485962e-01
2.751877307891845703e-01 7.204367220401763916e-02 2.087975293397903442e-01
2.641056180000305176e-01 7.075817137956619263e-02 2.011544257402420044e-01
2.385758012533187866e-01 6.821878254413604736e-02 1.839801371097564697e-01
2.603815495967864990e-01 7.083794474601745605e-02 1.989491581916809082e-01
2.373614162206649780e-01 6.831935793161392212e-02 1.832164227962493896e-01
2.365222573280334473e-01 6.812108308076858521e-02 1.826954185962677002e-01
2.506275475025177002e-01 7.004453986883163452e-02 1.924505382776260376e-01
2.414688915014266968e-01 6.894082576036453247e-02 1.862054914236068726e-01
2.662781774997711182e-01 7.197714596986770630e-02 2.033452093601226807e-01
2.264581620693206787e-01 6.721813976764678955e-02 1.759828180074691772e-01
2.178872227668762207e-01 6.603201478719711304e-02 1.699352860450744629e-01
2.185702323913574219e-01 6.613773852586746216e-02 1.704481393098831177e-01
2.126014381647109985e-01 6.542316824197769165e-02 1.662992537021636963e-01
2.145417034626007080e-01 6.566734611988067627e-02 1.675906777381896973e-01
2.216822355985641479e-01 6.643287092447280884e-02 1.725431978702545166e-01
2.159633338451385498e-01 6.573849171400070190e-02 1.685474812984466553e-01
2.045735716819763184e-01 6.451486796140670776e-02 1.606898903846740723e-01
1.981022059917449951e-01 6.373798102140426636e-02 1.561824083328247070e-01
1.955765932798385620e-01 6.334449350833892822e-02 1.543925106525421143e-01
2.008380293846130371e-01 6.394515931606292725e-02 1.579749584197998047e-01
1.915589869022369385e-01 6.286946684122085571e-02 1.515761315822601318e-01
2.078953087329864502e-01 6.493029743432998657e-02 1.630237847566604614e-01
2.064040154218673706e-01 6.465339660644531250e-02 1.617850065231323242e-01
2.216875553131103516e-01 6.654883176088333130e-02 1.724887043237686157e-01
2.145818024873733521e-01 6.563667953014373779e-02 1.675344705581665039e-01
2.123397886753082275e-01 6.528778374195098877e-02 1.659807860851287842e-01
2.153259664773941040e-01 6.583728641271591187e-02 1.681528538465499878e-01
2.180823534727096558e-01 6.631984561681747437e-02 1.701871454715728760e-01
2.099489420652389526e-01 6.523491442203521729e-02 1.644461452960968018e-01
1.990682333707809448e-01 6.374053657054901123e-02 1.567225158214569092e-01
1.952566355466842651e-01 6.309640407562255859e-02 1.539507955312728882e-01
2.004242092370986938e-01 6.379593908786773682e-02 1.575970798730850220e-01
2.010712921619415283e-01 6.399723142385482788e-02 1.579609364271163940e-01
2.012685388326644897e-01 6.406659632921218872e-02 1.581295579671859741e-01
2.176507711410522461e-01 6.616093218326568604e-02 1.696860939264297485e-01
2.350593656301498413e-01 6.831677258014678955e-02 1.818095892667770386e-01
2.298513948917388916e-01 6.762522459030151367e-02 1.782702803611755371e-01
2.386106103658676147e-01 6.863167881965637207e-02 1.843531876802444458e-01
2.480415999889373779e-01 6.984789669513702393e-02 1.909064650535583496e-01
2.317524254322052002e-01 6.803692877292633057e-02 1.795885264873504639e-01
2.356174290180206299e-01 6.835155189037322998e-02 1.822203844785690308e-01
2.270136624574661255e-01 6.729371845722198486e-02 1.761851906776428223e-01
2.335382699966430664e-01 6.811765581369400024e-02 1.806953400373458862e-01
2.242938578128814697e-01 6.675610691308975220e-02 1.743201464414596558e-01
2.203784883022308350e-01 6.643167138099670410e-02 1.716257929801940918e-01
1.997587531805038452e-01 6.379935890436172485e-02 1.572221517562866211e-01
2.141724377870559692e-01 6.557684391736984253e-02 1.673491746187210083e-01
2.157873958349227905e-01 6.590022146701812744e-02 1.685158014297485352e-01
2.238177508115768433e-01 6.647437065839767456e-02 1.740406751632690430e-01
1.940480470657348633e-01 6.305294483900070190e-02 1.532646864652633667e-01
1.819417774677276611e-01 6.162837520241737366e-02 1.447428464889526367e-01
2.118962556123733521e-01 6.529338657855987549e-02 1.657557636499404907e-01
2.200868278741836548e-01 6.648770719766616821e-02 1.715757250785827637e-01
2.351041585206985474e-01 6.813592463731765747e-02 1.820159703493118286e-01
2.441979646682739258e-01 6.941050291061401367e-02 1.883509904146194458e-01
2.374632507562637329e-01 6.875487416982650757e-02 1.836667060852050781e-01
2.171662747859954834e-01 6.581968069076538086e-02 1.692248880863189697e-01
2.155630141496658325e-01 6.560903787612915039e-02 1.681555956602096558e-01
2.263796627521514893e-01 6.695536524057388306e-02 1.758443415164947510e-01
2.413275092840194702e-01 6.939241290092468262e-02 1.864494979381561279e-01
2.737928032875061035e-01 7.321143895387649536e-02 2.083541750907897949e-01
2.101136296987533569e-01 6.523640453815460205e-02 1.645801365375518799e-01
2.674536705017089844e-01 7.246328145265579224e-02 2.040071487426757812e-01
2.107908576726913452e-01 6.522439420223236084e-02 1.650359332561492920e-01
2.158130854368209839e-01 6.568918377161026001e-02 1.685463637113571167e-01
2.112669795751571655e-01 6.519237160682678223e-02 1.653479933738708496e-01
2.230694293975830078e-01 6.657249480485916138e-02 1.735601425170898438e-01
2.179175168275833130e-01 6.578090786933898926e-02 1.700464785099029541e-01
2.201261669397354126e-01 6.620564311742782593e-02 1.715616434812545776e-01
2.212368249893188477e-01 6.606249511241912842e-02 1.723574250936508179e-01
2.257624119520187378e-01 6.667254120111465454e-02 1.755005866289138794e-01
2.303770482540130615e-01 6.733636558055877686e-02 1.786382943391799927e-01
2.101227045059204102e-01 6.491953134536743164e-02 1.645896136760711670e-01
2.152341306209564209e-01 6.553415954113006592e-02 1.681708991527557373e-01
2.057513296604156494e-01 6.445758044719696045e-02 1.614792495965957642e-01
2.137103825807571411e-01 6.548134237527847290e-02 1.670511811971664429e-01
2.067972421646118164e-01 6.463126838207244873e-02 1.622510254383087158e-01
2.104583531618118286e-01 6.504153460264205933e-02 1.648094505071640015e-01
2.229729890823364258e-01 6.656529754400253296e-02 1.736609488725662231e-01
2.161734253168106079e-01 6.565509736537933350e-02 1.688338667154312134e-01
2.215761393308639526e-01 6.631755828857421875e-02 1.725104451179504395e-01
2.121811509132385254e-01 6.516948342323303223e-02 1.660404801368713379e-01
2.205291688442230225e-01 6.623540073633193970e-02 1.719014942646026611e-01
2.261082828044891357e-01 6.689684838056564331e-02 1.757755130529403687e-01
2.168753743171691895e-01 6.571369618177413940e-02 1.692756265401840210e-01
2.100353389978408813e-01 6.481490284204483032e-02 1.644563078880310059e-01
2.019450962543487549e-01 6.396362930536270142e-02 1.588252633810043335e-01
2.093557566404342651e-01 6.491946429014205933e-02 1.640009284019470215e-01
1.994894295930862427e-01 6.376291811466217041e-02 1.572058796882629395e-01
1.937105059623718262e-01 6.293983012437820435e-02 1.531357169151306152e-01
1.934497058391571045e-01 6.298474967479705811e-02 1.529980599880218506e-01
1.982979923486709595e-01 6.373277306556701660e-02 1.564614176750183105e-01
1.987800598144531250e-01 6.361010670661926270e-02 1.566952019929885864e-01
1.940513551235198975e-01 6.307563930749893188e-02 1.534091681241989136e-01
1.902150362730026245e-01 6.248338520526885986e-02 1.505767554044723511e-01
2.005236446857452393e-01 6.387053430080413818e-02 1.577879041433334351e-01
1.939268857240676880e-01 6.311666220426559448e-02 1.533415615558624268e-01
1.879094988107681274e-01 6.234604492783546448e-02 1.490493118762969971e-01
1.847542524337768555e-01 6.174971163272857666e-02 1.466945856809616089e-01
1.644484698772430420e-01 5.912230536341667175e-02 1.322685480117797852e-01
1.622125506401062012e-01 5.865588411688804626e-02 1.306405961513519287e-01
1.897521764039993286e-01 6.207399070262908936e-02 1.499956250190734863e-01
2.031777054071426392e-01 6.388580799102783203e-02 1.593023687601089478e-01
2.264243662357330322e-01 6.675695627927780151e-02 1.753259897232055664e-01
2.403103709220886230e-01 6.820499151945114136e-02 1.846990734338760376e-01
2.565786540508270264e-01 6.968704611063003540e-02 1.955665200948715210e-01
2.784703671932220459e-01 7.222687453031539917e-02 2.103439271450042725e-01
2.958200871944427490e-01 7.403507083654403687e-02 2.220591157674789429e-01
2.645134329795837402e-01 7.057711482048034668e-02 2.010061144828796387e-01
2.473849803209304810e-01 6.881971657276153564e-02 1.893340200185775757e-01
2.454301714897155762e-01 6.862478703260421753e-02 1.879660487174987793e-01
2.498917430639266968e-01 6.909158825874328613e-02 1.910841315984725952e-01
2.529330551624298096e-01 6.919727474451065063e-02 1.929301023483276367e-01
2.624107003211975098e-01 7.032646238803863525e-02 1.994588524103164673e-01
2.622684240341186523e-01 7.030656933784484863e-02 1.991729736328125000e-01
2.632025182247161865e-01 7.054380327463150024e-02 1.999288499355316162e-01
2.711727917194366455e-01 7.143040001392364502e-02 2.053004503250122070e-01
2.610850334167480469e-01 7.016742974519729614e-02 1.982363462448120117e-01
2.699989378452301025e-01 7.100347429513931274e-02 2.040393203496932983e-01
2.787487506866455078e-01 7.216366380453109741e-02 2.099165171384811401e-01
2.762770056724548340e-01 7.208618521690368652e-02 2.082702815532684326e-01
2.975277602672576904e-01 7.418546825647354126e-02 2.222348898649215698e-01
2.990418970584869385e-01 7.452484965324401855e-02 2.236491292715072632e-01
2.813419103622436523e-01 7.265198230743408203e-02 2.115513980388641357e-01
2.770373225212097168e-01 7.232943177223205566e-02 2.087841331958770752e-01
2.850409746170043945e-01 7.349361479282379150e-02 2.142056077718734741e-01
2.878126502037048340e-01 7.405709475278854370e-02 2.162221223115921021e-01
3.085680902004241943e-01 7.612811774015426636e-02 2.298736274242401123e-01
3.280313313007354736e-01 7.802888751029968262e-02 2.429545670747756958e-01
3.434342443943023682e-01 7.963368296623229980e-02 2.532695531845092773e-01
3.291450440883636475e-01 7.845149189233779907e-02 2.437784075736999512e-01
3.086905479431152344e-01 7.654558122158050537e-02 2.300312966108322144e-01
3.493721187114715576e-01 8.057858049869537354e-02 2.568725049495697021e-01
3.066178560256958008e-01 7.628478854894638062e-02 2.285495251417160034e-01
2.917967140674591064e-01 7.455249875783920288e-02 2.185215950012207031e-01
2.756535112857818604e-01 7.228961586952209473e-02 2.070706039667129517e-01
2.752726078033447266e-01 7.228549569845199585e-02 2.067540287971496582e-01
2.835132479667663574e-01 7.336952537298202515e-02 2.123658359050750732e-01
2.621429860591888428e-01 7.125435024499893188e-02 1.981638967990875244e-01
2.355494797229766846e-01 6.820693612098693848e-02 1.802517026662826538e-01
2.272026687860488892e-01 6.694884598255157471e-02 1.744483411312103271e-01
2.176459282636642456e-01 6.590437889099121094e-02 1.680121272802352905e-01
2.014476209878921509e-01 6.393945217132568359e-02 1.567851454019546509e-01
1.906826645135879517e-01 6.256158649921417236e-02 1.493861675262451172e-01
1.999390572309494019e-01 6.372967362403869629e-02 1.558093577623367310e-01
2.026254832744598389e-01 6.421697884798049927e-02 1.577203720808029175e-01
2.121376693248748779e-01 6.518447399139404297e-02 1.641736626625061035e-01
2.178529649972915649e-01 6.602248549461364746e-02 1.681890338659286499e-01
2.213993817567825317e-01 6.638503819704055786e-02 1.706370413303375244e-01
2.093759179115295410e-01 6.493014097213745117e-02 1.624671369791030884e-01
2.063751220703125000e-01 6.458224356174468994e-02 1.603639423847198486e-01
2.090188264846801758e-01 6.482918560504913330e-02 1.621302664279937744e-01
2.038128226995468140e-01 6.433647125959396362e-02 1.584860384464263916e-01
2.109527289867401123e-01 6.538794189691543579e-02 1.635504662990570068e-01
2.141963094472885132e-01 6.568437814712524414e-02 1.658462584018707275e-01
2.206771224737167358e-01 6.640865653753280640e-02 1.702516078948974609e-01
2.057779878377914429e-01 6.449259817600250244e-02 1.599076241254806519e-01
1.940757930278778076e-01 6.285249441862106323e-02 1.516896933317184448e-01
1.940246969461441040e-01 6.319038569927215576e-02 1.516792774200439453e-01
1.951065808534622192e-01 6.312415003776550293e-02 1.524779051542282104e-01
1.949854195117950439e-01 6.291762739419937134e-02 1.523750126361846924e-01
1.834328472614288330e-01 6.177594512701034546e-02 1.444350183010101318e-01
1.873791962862014771e-01 6.179729476571083069e-02 1.469342410564422607e-01
1.918406486511230469e-01 6.291197985410690308e-02 1.502074301242828369e-01
2.010844349861145020e-01 6.393370777368545532e-02 1.566795706748962402e-01
1.931105107069015503e-01 6.276543438434600830e-02 1.511189043521881104e-01
1.796901077032089233e-01 6.088647991418838501e-02 1.416410654783248901e-01
1.934788525104522705e-01 6.275644153356552124e-02 1.512904465198516846e-01
2.304722964763641357e-01 6.708385795354843140e-02 1.765703856945037842e-01
2.299567759037017822e-01 6.741785258054733276e-02 1.765659302473068237e-01
2.123091369867324829e-01 6.523468345403671265e-02 1.643749922513961792e-01
2.056356072425842285e-01 6.450393795967102051e-02 1.597902178764343262e-01
2.032003253698348999e-01 6.413624435663223267e-02 1.580340713262557983e-01
2.085921764373779297e-01 6.469356268644332886e-02 1.617584079504013062e-01
2.213659733533859253e-01 6.602212041616439819e-02 1.702926307916641235e-01
2.394260168075561523e-01 6.803371012210845947e-02 1.826359331607818604e-01
2.151770591735839844e-01 6.531478464603424072e-02 1.661284863948822021e-01
2.059190422296524048e-01 6.420287489891052246e-02 1.598646342754364014e-01
1.906172484159469604e-01 6.224231049418449402e-02 1.491433084011077881e-01
1.891234368085861206e-01 6.210954487323760986e-02 1.481082737445831299e-01
1.976490616798400879e-01 6.322938203811645508e-02 1.541467010974884033e-01
2.331275343894958496e-01 6.757498532533645630e-02 1.786612719297409058e-01
2.474600225687026978e-01 6.986352801322937012e-02 1.888149380683898926e-01
2.594388723373413086e-01 7.168704271316528320e-02 1.972607225179672241e-01
2.413664013147354126e-01 6.881847977638244629e-02 1.843450665473937988e-01
2.304429113864898682e-01 6.743207573890686035e-02 1.768138110637664795e-01
2.406679689884185791e-01 6.847558170557022095e-02 1.836517304182052612e-01
2.327485531568527222e-01 6.776209920644760132e-02 1.783847957849502563e-01
2.364467233419418335e-01 6.827471405267715454e-02 1.810631453990936279e-01
2.367332279682159424e-01 6.837922334671020508e-02 1.812905669212341309e-01
2.367573827505111694e-01 6.855391710996627808e-02 1.814593374729156494e-01
2.296404093503952026e-01 6.794695556163787842e-02 1.766669750213623047e-01
2.408576011657714844e-01 6.942154467105865479e-02 1.845185756683349609e-01
2.504335045814514160e-01 7.050193101167678833e-02 1.912119239568710327e-01
2.553128302097320557e-01 7.083553820848464966e-02 1.943771988153457642e-01
2.937517762184143066e-01 7.490111887454986572e-02 2.199385017156600952e-01
2.968048155307769775e-01 7.542203366756439209e-02 2.221800237894058228e-01
2.887325286865234375e-01 7.438408583402633667e-02 2.165780812501907349e-01
2.711011469364166260e-01 7.244465500116348267e-02 2.047350853681564331e-01
2.779512703418731689e-01 7.310651242733001709e-02 2.092908769845962524e-01
2.611896395683288574e-01 7.118436694145202637e-02 1.981212347745895386e-01
2.502070367336273193e-01 6.976082921028137207e-02 1.905352473258972168e-01
2.554431855678558350e-01 7.053262740373611450e-02 1.942773312330245972e-01
2.487154453992843628e-01 6.985674053430557251e-02 1.898036897182464600e-01
2.604118585586547852e-01 7.086987048387527466e-02 1.975464224815368652e-01
2.658204734325408936e-01 7.180485129356384277e-02 2.015354335308074951e-01
2.425177097320556641e-01 6.900224834680557251e-02 1.855761557817459106e-01
2.469231337308883667e-01 6.919050216674804688e-02 1.885647773742675781e-01
2.505712211132049561e-01 6.938961893320083618e-02 1.910484284162521362e-01
2.532132863998413086e-01 6.990496814250946045e-02 1.928728520870208740e-01
2.555535435676574707e-01 7.031328231096267700e-02 1.945364773273468018e-01
2.345667183399200439e-01 6.780691444873809814e-02 1.800331771373748779e-01
2.327457666397094727e-01 6.750547885894775391e-02 1.786866188049316406e-01
2.186793237924575806e-01 6.543710827827453613e-02 1.688580363988876343e-01
2.143149077892303467e-01 6.471086293458938599e-02 1.657225638628005981e-01
2.026891559362411499e-01 6.305710971355438232e-02 1.575895845890045166e-01
2.135738730430603027e-01 6.437548249959945679e-02 1.652147173881530762e-01
2.018251717090606689e-01 6.302303075790405273e-02 1.570068001747131348e-01
2.291865497827529907e-01 6.643851846456527710e-02 1.760264486074447632e-01
2.302550971508026123e-01 6.640521436929702759e-02 1.766541302204132080e-01
2.383700907230377197e-01 6.710992008447647095e-02 1.821125596761703491e-01
2.360393106937408447e-01 6.676906347274780273e-02 1.804932057857513428e-01
2.220374345779418945e-01 6.516349315643310547e-02 1.708931177854537964e-01
2.214970439672470093e-01 6.525921821594238281e-02 1.706471294164657593e-01
2.244015634059906006e-01 6.570553034543991089e-02 1.727175712585449219e-01
2.088698744773864746e-01 6.368041783571243286e-02 1.618852168321609497e-01
2.073388844728469849e-01 6.327302008867263794e-02 1.606359928846359253e-01
1.995181292295455933e-01 6.243970990180969238e-02 1.552131623029708862e-01
2.277895957231521606e-01 6.665308028459548950e-02 1.753297150135040283e-01
2.478058189153671265e-01 6.883922964334487915e-02 1.889848262071609497e-01
2.419729977846145630e-01 6.781009584665298462e-02 1.846727430820465088e-01
2.443350553512573242e-01 6.775850057601928711e-02 1.862285286188125610e-01
2.150153964757919312e-01 6.471193581819534302e-02 1.661354899406433105e-01
2.391914725303649902e-01 6.737971305847167969e-02 1.827997267246246338e-01
2.368501126766204834e-01 6.716525554656982422e-02 1.811164021492004395e-01
2.524789869785308838e-01 6.895346939563751221e-02 1.919966787099838257e-01
2.537344694137573242e-01 6.913246959447860718e-02 1.928748935461044312e-01
2.558255195617675781e-01 6.936641037464141846e-02 1.943091154098510742e-01
2.475772500038146973e-01 6.842818856239318848e-02 1.886038035154342651e-01
2.652991414070129395e-01 7.028809189796447754e-02 2.005209326744079590e-01
2.842188775539398193e-01 7.248006016016006470e-02 2.134723812341690063e-01
3.063982129096984863e-01 7.525394856929779053e-02 2.290561348199844360e-01
2.942958474159240723e-01 7.397413253784179688e-02 2.205067425966262817e-01
2.833413183689117432e-01 7.273062318563461304e-02 2.128282189369201660e-01
2.772659957408905029e-01 7.159648835659027100e-02 2.087215036153793335e-01
2.610037326812744141e-01 6.983813643455505371e-02 1.977745294570922852e-01
2.488940954208374023e-01 6.866680085659027100e-02 1.895670890808105469e-01
2.468267679214477539e-01 6.824596971273422241e-02 1.879889070987701416e-01
2.488752752542495728e-01 6.877389550209045410e-02 1.895948648452758789e-01
2.491268068552017212e-01 6.851890683174133301e-02 1.895927935838699341e-01
2.457803338766098022e-01 6.818713992834091187e-02 1.872673928737640381e-01
2.398531287908554077e-01 6.745495647192001343e-02 1.832085698843002319e-01
2.488344162702560425e-01 6.862931698560714722e-02 1.895112842321395874e-01
2.503887712955474854e-01 6.922236084938049316e-02 1.909242570400238037e-01
2.414292991161346436e-01 6.786364316940307617e-02 1.845523715019226074e-01
2.337668985128402710e-01 6.700459122657775879e-02 1.792049109935760498e-01
2.242201864719390869e-01 6.551609188318252563e-02 1.724503934383392334e-01
2.221685349941253662e-01 6.535950303077697754e-02 1.711305081844329834e-01
2.245174199342727661e-01 6.569178402423858643e-02 1.728109121322631836e-01
2.165399938821792603e-01 6.458727270364761353e-02 1.672439128160476685e-01
2.011211663484573364e-01 6.269068270921707153e-02 1.564452946186065674e-01
2.182846218347549438e-01 6.468661874532699585e-02 1.683316081762313843e-01
2.388186901807785034e-01 6.707923859357833862e-02 1.823820769786834717e-01
2.436868697404861450e-01 6.767835468053817749e-02 1.856398582458496094e-01
2.408064156770706177e-01 6.719425320625305176e-02 1.836450994014739990e-01
2.441225945949554443e-01 6.734332442283630371e-02 1.857631802558898926e-01
2.368191033601760864e-01 6.631189584732055664e-02 1.807374060153961182e-01
2.178820222616195679e-01 6.465043872594833374e-02 1.680628359317779541e-01
2.048162221908569336e-01 6.309597194194793701e-02 1.590752005577087402e-01
2.047602236270904541e-01 6.291703134775161743e-02 1.589659601449966431e-01
2.304566651582717896e-01 6.674953550100326538e-02 1.770644932985305786e-01
2.125225365161895752e-01 6.394767761230468750e-02 1.641059070825576782e-01
1.906564831733703613e-01 6.090629473328590393e-02 1.486315429210662842e-01
1.692298650741577148e-01 5.854779481887817383e-02 1.337505280971527100e-01
1.855839043855667114e-01 6.058375537395477295e-02 1.453274041414260864e-01
2.327302843332290649e-01 6.664758175611495972e-02 1.785166859626770020e-01
2.476399540901184082e-01 6.889975070953369141e-02 1.889998018741607666e-01
2.408017963171005249e-01 6.800349056720733643e-02 1.843609958887100220e-01
2.322493642568588257e-01 6.705790758132934570e-02 1.784554421901702881e-01
2.344076484441757202e-01 6.739267706871032715e-02 1.799788177013397217e-01
2.296557277441024780e-01 6.670517474412918091e-02 1.766382902860641479e-01
2.343636453151702881e-01 6.739478558301925659e-02 1.799502223730087280e-01
2.309785336256027222e-01 6.702703982591629028e-02 1.776472926139831543e-01
2.289089262485504150e-01 6.657175719738006592e-02 1.761701554059982300e-01
2.241474539041519165e-01 6.616286188364028931e-02 1.728122085332870483e-01
2.349512726068496704e-01 6.723263859748840332e-02 1.802953928709030151e-01
2.454232126474380493e-01 6.869418174028396606e-02 1.875482052564620972e-01
2.419595122337341309e-01 6.809900701045989990e-02 1.849696487188339233e-01
2.452570199966430664e-01 6.840731948614120483e-02 1.871343255043029785e-01
2.300798594951629639e-01 6.649367511272430420e-02 1.766733378171920776e-01
2.217079102993011475e-01 6.556583940982818604e-02 1.710577309131622314e-01
2.324383854866027832e-01 6.666729599237442017e-02 1.784888356924057007e-01
2.250488400459289551e-01 6.568087637424468994e-02 1.733592450618743896e-01
2.152517139911651611e-01 6.483378261327743530e-02 1.667205989360809326e-01
2.216013818979263306e-01 6.576337665319442749e-02 1.710493713617324829e-01
2.313478440046310425e-01 6.775275617837905884e-02 1.781605631113052368e-01
2.124807089567184448e-01 6.491406261920928955e-02 1.647706329822540283e-01
2.295157313346862793e-01 6.694802641868591309e-02 1.767152845859527588e-01
2.758221626281738281e-01 7.156401872634887695e-02 2.076163589954376221e-01
2.771136164665222168e-01 7.146790623664855957e-02 2.082648724317550659e-01
2.754136025905609131e-01 7.154878228902816772e-02 2.073817700147628784e-01
2.577133178710937500e-01 6.951390206813812256e-02 1.953892707824707031e-01
2.466126829385757446e-01 6.831753253936767578e-02 1.879614740610122681e-01
2.549539506435394287e-01 6.931879371404647827e-02 1.935885101556777954e-01
2.619750499725341797e-01 6.984574347734451294e-02 1.981602907180786133e-01
2.689696848392486572e-01 7.062023878097534180e-02 2.028328776359558105e-01
2.646218240261077881e-01 7.034794986248016357e-02 2.000980973243713379e-01
2.636612951755523682e-01 7.010086625814437866e-02 1.993532627820968628e-01
2.639325857162475586e-01 7.007504999637603760e-02 1.994539201259613037e-01
2.596144378185272217e-01 6.943490356206893921e-02 1.964231431484222412e-01
2.535738348960876465e-01 6.884749233722686768e-02 1.925200819969177246e-01
2.518546879291534424e-01 6.828705221414566040e-02 1.910286545753479004e-01
2.627566158771514893e-01 6.962015479803085327e-02 1.983756870031356812e-01
2.464352995157241821e-01 6.783774495124816895e-02 1.874981075525283813e-01
2.586597204208374023e-01 6.914273649454116821e-02 1.955680698156356812e-01
2.835819125175476074e-01 7.219815254211425781e-02 2.124987095594406128e-01
2.948507964611053467e-01 7.350429892539978027e-02 2.201113551855087280e-01
3.035782873630523682e-01 7.473302632570266724e-02 2.261298000812530518e-01
3.093189597129821777e-01 7.525472342967987061e-02 2.298928946256637573e-01
3.349535763263702393e-01 7.824841886758804321e-02 2.474136203527450562e-01
3.387511372566223145e-01 7.868031412363052368e-02 2.500813603401184082e-01
3.382946252822875977e-01 7.891391962766647339e-02 2.499819993972778320e-01
3.382920622825622559e-01 7.877805083990097046e-02 2.497543692588806152e-01
3.462193310260772705e-01 7.961471378803253174e-02 2.552097141742706299e-01
3.551538586616516113e-01 8.030897378921508789e-02 2.610656023025512695e-01
3.490527272224426270e-01 7.969079911708831787e-02 2.569121420383453369e-01
3.400042355060577393e-01 7.884196937084197998e-02 2.508613169193267822e-01
3.509936332702636719e-01 7.998662441968917847e-02 2.582263946533203125e-01
3.430444002151489258e-01 7.894715666770935059e-02 2.525953352451324463e-01
3.461107015609741211e-01 7.939279824495315552e-02 2.548715174198150635e-01
3.493068814277648926e-01 7.962635159492492676e-02 2.569556534290313721e-01
3.468348383903503418e-01 7.954780757427215576e-02 2.554094493389129639e-01
3.511454164981842041e-01 7.996667921543121338e-02 2.582672834396362305e-01
3.349325358867645264e-01 7.816334068775177002e-02 2.473703175783157349e-01
3.366412520408630371e-01 7.848545908927917480e-02 2.486217617988586426e-01
3.444090783596038818e-01 7.931363582611083984e-02 2.538469135761260986e-01
3.417650759220123291e-01 7.901559025049209595e-02 2.520721256732940674e-01
3.383679091930389404e-01 7.853662967681884766e-02 2.496848553419113159e-01
3.397537767887115479e-01 7.873636484146118164e-02 2.506410479545593262e-01
3.381188213825225830e-01 7.858564704656600952e-02 2.495549172163009644e-01
3.398076295852661133e-01 7.871990650892257690e-02 2.506487965583801270e-01
3.385919332504272461e-01 7.859406620264053345e-02 2.498242855072021484e-01
3.391798734664916992e-01 7.865849882364273071e-02 2.502326369285583496e-01
3.391514718532562256e-01 7.867161929607391357e-02 2.502264380455017090e-01
3.392215073108673096e-01 7.876265794038772583e-02 2.503828108310699463e-01
3.420282006263732910e-01 7.908357679843902588e-02 2.523566782474517822e-01
3.477486073970794678e-01 7.957083731889724731e-02 2.560340464115142822e-01
3.584635853767395020e-01 8.083670586347579956e-02 2.634163200855255127e-01
3.320285677909851074e-01 7.805333286523818970e-02 2.456272691488265991e-01
3.506476581096649170e-01 7.990392297506332397e-02 2.580483257770538330e-01
3.290066421031951904e-01 7.759921997785568237e-02 2.432924807071685791e-01
3.503530919551849365e-01 7.977128028869628906e-02 2.578136026859283447e-01
3.577941358089447021e-01 8.058067411184310913e-02 2.627161741256713867e-01
3.511396348476409912e-01 7.966345548629760742e-02 2.579932808876037598e-01
3.502087295055389404e-01 7.991964370012283325e-02 2.578373849391937256e-01
3.407566845417022705e-01 7.877858728170394897e-02 2.512528002262115479e-01
3.512990772724151611e-01 7.973453402519226074e-02 2.581907212734222412e-01
3.463533222675323486e-01 7.931660115718841553e-02 2.549215853214263916e-01
3.527902960777282715e-01 8.006091415882110596e-02 2.593655884265899658e-01
3.496572673320770264e-01 7.976000010967254639e-02 2.572663426399230957e-01
3.486081659793853760e-01 7.959653437137603760e-02 2.565001249313354492e-01
3.461089432239532471e-01 7.948938012123107910e-02 2.550313770771026611e-01
3.501860201358795166e-01 8.007973432540893555e-02 2.579756081104278564e-01
3.521559536457061768e-01 8.026202023029327393e-02 2.591695487499237061e-01
3.531315922737121582e-01 8.014807850122451782e-02 2.595970928668975830e-01
3.476377427577972412e-01 7.957848906517028809e-02 2.558962404727935791e-01
3.504401445388793945e-01 7.981663942337036133e-02 2.576436698436737061e-01
3.503095507621765137e-01 7.987164705991744995e-02 2.576735615730285645e-01
3.521451950073242188e-01 8.010748773813247681e-02 2.589693069458007812e-01
3.452996611595153809e-01 7.944411784410476685e-02 2.544405460357666016e-01
3.433040976524353027e-01 7.926752418279647827e-02 2.530822455883026123e-01
3.432051241397857666e-01 7.933542132377624512e-02 2.531058192253112793e-01
3.376160860061645508e-01 7.851996272802352905e-02 2.491173744201660156e-01
3.356399834156036377e-01 7.803191989660263062e-02 2.474910467863082886e-01
3.344307541847229004e-01 7.792892307043075562e-02 2.466388195753097534e-01
3.342984020709991455e-01 7.768783718347549438e-02 2.462786436080932617e-01
3.176333308219909668e-01 7.559531927108764648e-02 2.349095344543457031e-01
3.169041275978088379e-01 7.575733959674835205e-02 2.346532940864562988e-01
3.174987733364105225e-01 7.541966438293457031e-02 2.346372753381729126e-01
3.212492763996124268e-01 7.497957348823547363e-02 2.361898869276046753e-01
3.041678667068481445e-01 7.376980036497116089e-02 2.254501730203628540e-01
3.037995398044586182e-01 7.344634830951690674e-02 2.248552143573760986e-01
2.924376726150512695e-01 7.271021604537963867e-02 2.178639024496078491e-01
2.880249023437500000e-01 7.229614257812500000e-02 2.151978164911270142e-01
3.082228600978851318e-01 7.376524060964584351e-02 2.278664112091064453e-01
2.736661732196807861e-01 7.097739726305007935e-02 2.057175338268280029e-01
2.498269379138946533e-01 6.871046125888824463e-02 1.899556070566177368e-01
2.497747093439102173e-01 6.870242953300476074e-02 1.898486763238906860e-01
2.631712257862091064e-01 7.070099562406539917e-02 1.989969909191131592e-01
2.894136011600494385e-01 7.284685969352722168e-02 2.157843708992004395e-01
3.136638998985290527e-01 7.470803707838058472e-02 2.311287820339202881e-01
2.960422635078430176e-01 7.476599514484405518e-02 2.210395634174346924e-01
2.820034325122833252e-01 7.337722182273864746e-02 2.118763327598571777e-01
2.862549424171447754e-01 7.368829846382141113e-02 2.147632688283920288e-01
2.585410773754119873e-01 7.075253129005432129e-02 1.959685087203979492e-01
2.618631422519683838e-01 7.151574641466140747e-02 1.986918449401855469e-01
2.449320703744888306e-01 6.937118619680404663e-02 1.870019733905792236e-01
2.715550661087036133e-01 7.246977835893630981e-02 2.053009569644927979e-01
2.659103870391845703e-01 7.176437228918075562e-02 2.014537304639816284e-01
2.443832904100418091e-01 6.943248957395553589e-02 1.867224127054214478e-01
2.515712678432464600e-01 7.032335549592971802e-02 1.916077286005020142e-01
2.556189298629760742e-01 7.095656543970108032e-02 1.946531981229782104e-01
2.590793669223785400e-01 7.188115268945693970e-02 1.973700672388076782e-01
2.578432559967041016e-01 7.171666622161865234e-02 1.964708268642425537e-01
2.578705549240112305e-01 7.208956032991409302e-02 1.966769546270370483e-01
2.654167413711547852e-01 7.322940230369567871e-02 2.020865529775619507e-01
2.760165333747863770e-01 7.477535307407379150e-02 2.095623612403869629e-01
2.799687087535858154e-01 7.571664452552795410e-02 2.124761343002319336e-01
2.928398251533508301e-01 7.759380340576171875e-02 2.212016135454177856e-01
3.269710540771484375e-01 8.207658678293228149e-02 2.446001470088958740e-01
3.415869772434234619e-01 8.342792093753814697e-02 2.539735436439514160e-01
3.279474973678588867e-01 8.057641237974166870e-02 2.436306774616241455e-01
2.891608476638793945e-01 7.688598334789276123e-02 2.182155996561050415e-01
2.748230993747711182e-01 7.523405551910400391e-02 2.086650580167770386e-01
2.838623225688934326e-01 7.682717591524124146e-02 2.151222079992294312e-01
2.763332724571228027e-01 7.617065310478210449e-02 2.102160155773162842e-01
2.676784992218017578e-01 7.455318421125411987e-02 2.041350752115249634e-01
2.667678892612457275e-01 7.471082359552383423e-02 2.035285830497741699e-01
2.658041119575500488e-01 7.359464466571807861e-02 2.024673819541931152e-01
2.493933886289596558e-01 7.156170904636383057e-02 1.911437511444091797e-01
2.387869656085968018e-01 7.075028121471405029e-02 1.837858408689498901e-01
2.176057398319244385e-01 6.827759742736816406e-02 1.690826863050460815e-01
2.054274529218673706e-01 6.670716404914855957e-02 1.605556458234786987e-01
2.127413451671600342e-01 6.730552762746810913e-02 1.656355112791061401e-01
2.227856963872909546e-01 6.850935518741607666e-02 1.725827902555465698e-01
2.167106419801712036e-01 6.778813898563385010e-02 1.684182137250900269e-01
1.990830153226852417e-01 6.591010093688964844e-02 1.562737822532653809e-01
1.934693604707717896e-01 6.504683941602706909e-02 1.522525697946548462e-01
1.806189268827438354e-01 6.347094476222991943e-02 1.429654955863952637e-01
1.685476750135421753e-01 6.193600222468376160e-02 1.345348209142684937e-01
1.658092290163040161e-01 6.135147809982299805e-02 1.327147185802459717e-01
1.649391204118728638e-01 6.136043742299079895e-02 1.321233212947845459e-01
1.644854545593261719e-01 6.133081018924713135e-02 1.316990554332733154e-01
1.682495474815368652e-01 6.184282153844833374e-02 1.343362927436828613e-01
1.620743870735168457e-01 6.085731089115142822e-02 1.299374550580978394e-01
1.615615487098693848e-01 6.089584901928901672e-02 1.295858919620513916e-01
1.618686020374298096e-01 6.087494269013404846e-02 1.297125220298767090e-01
1.674610227346420288e-01 6.156853213906288147e-02 1.336831897497177124e-01
1.700496524572372437e-01 6.196943670511245728e-02 1.354836076498031616e-01
1.587574928998947144e-01 6.052110716700553894e-02 1.274704933166503906e-01
1.750306189060211182e-01 6.287284195423126221e-02 1.390750706195831299e-01
1.846427172422409058e-01 6.420245021581649780e-02 1.459217667579650879e-01
1.976208090782165527e-01 6.585103273391723633e-02 1.550357341766357422e-01
2.119097560644149780e-01 6.755466014146804810e-02 1.649473011493682861e-01
1.967560499906539917e-01 6.580270826816558838e-02 1.544042676687240601e-01
1.996911764144897461e-01 6.624513119459152222e-02 1.565187573432922363e-01
1.985756903886795044e-01 6.586038321256637573e-02 1.556020081043243408e-01
1.941488236188888550e-01 6.543961912393569946e-02 1.524223536252975464e-01
1.976963877677917480e-01 6.583069264888763428e-02 1.549365222454071045e-01
1.895125955343246460e-01 6.487763673067092896e-02 1.493142545223236084e-01
1.699353307485580444e-01 6.241180002689361572e-02 1.354811936616897583e-01
1.590737402439117432e-01 6.076516583561897278e-02 1.277956068515777588e-01
1.519273519515991211e-01 5.975701287388801575e-02 1.225544065237045288e-01
1.665832251310348511e-01 6.167712807655334473e-02 1.329972296953201294e-01
1.760700643062591553e-01 6.319116801023483276e-02 1.398270130157470703e-01
1.686042398214340210e-01 6.223367899656295776e-02 1.346461325883865356e-01
1.656518727540969849e-01 6.187023222446441650e-02 1.326107680797576904e-01
1.767831146717071533e-01 6.317427009344100952e-02 1.404429823160171509e-01
1.788811832666397095e-01 6.369411945343017578e-02 1.419052630662918091e-01
1.918726414442062378e-01 6.511278450489044189e-02 1.509493142366409302e-01
1.776919215917587280e-01 6.334548443555831909e-02 1.409398466348648071e-01
1.776540875434875488e-01 6.367331743240356445e-02 1.410875171422958374e-01
1.815037578344345093e-01 6.384903937578201294e-02 1.437225639820098877e-01
1.844779700040817261e-01 6.456498801708221436e-02 1.458711177110671997e-01
1.773667484521865845e-01 6.342843919992446899e-02 1.407956779003143311e-01
2.034433484077453613e-01 6.658013910055160522e-02 1.591257303953170776e-01
1.917596757411956787e-01 6.516414135694503784e-02 1.508675813674926758e-01
1.885649114847183228e-01 6.490069627761840820e-02 1.486154943704605103e-01
1.862659305334091187e-01 6.472054868936538696e-02 1.471218913793563843e-01
1.703741252422332764e-01 6.231323629617691040e-02 1.359655708074569702e-01
1.766434758901596069e-01 6.324074417352676392e-02 1.404688656330108643e-01
1.783863157033920288e-01 6.343084573745727539e-02 1.415361464023590088e-01
1.868858188390731812e-01 6.445109844207763672e-02 1.475162506103515625e-01
1.725212782621383667e-01 6.249152868986129761e-02 1.373677253723144531e-01
1.752072721719741821e-01 6.308422982692718506e-02 1.393238902091979980e-01
1.711294800043106079e-01 6.232737749814987183e-02 1.364021152257919312e-01
1.832748055458068848e-01 6.401351839303970337e-02 1.448407769203186035e-01
2.009565979242324829e-01 6.643381714820861816e-02 1.572845727205276489e-01
2.192190289497375488e-01 6.852272897958755493e-02 1.700853258371353149e-01
2.051908969879150391e-01 6.712682545185089111e-02 1.604495197534561157e-01
2.151608020067214966e-01 6.833817809820175171e-02 1.674415767192840576e-01
1.977609843015670776e-01 6.600017100572586060e-02 1.551564186811447144e-01
1.836332231760025024e-01 6.406550109386444092e-02 1.452132463455200195e-01
1.917876303195953369e-01 6.522684544324874878e-02 1.509413570165634155e-01
1.951911896467208862e-01 6.582752615213394165e-02 1.533614993095397949e-01
1.818919181823730469e-01 6.380952149629592896e-02 1.440010219812393188e-01
1.923173218965530396e-01 6.525656580924987793e-02 1.513668596744537354e-01
1.761149913072586060e-01 6.317062675952911377e-02 1.399610489606857300e-01
1.689688563346862793e-01 6.206763908267021179e-02 1.349120289087295532e-01
1.921287924051284790e-01 6.545970588922500610e-02 1.513228118419647217e-01
2.009719312191009521e-01 6.611461192369461060e-02 1.573689728975296021e-01
2.061231434345245361e-01 6.711370497941970825e-02 1.610103845596313477e-01
2.208579778671264648e-01 6.868777424097061157e-02 1.712139695882797241e-01
2.100621014833450317e-01 6.741053611040115356e-02 1.637497991323471069e-01
1.983983069658279419e-01 6.596112996339797974e-02 1.556290239095687866e-01
1.866083294153213501e-01 6.442692130804061890e-02 1.472961008548736572e-01
1.823301911354064941e-01 6.390448659658432007e-02 1.443053781986236572e-01
1.908830106258392334e-01 6.495926529169082642e-02 1.503476798534393311e-01
1.777501106262207031e-01 6.336934119462966919e-02 1.411017030477523804e-01
1.795730888843536377e-01 6.354005634784698486e-02 1.424002498388290405e-01
1.690517067909240723e-01 6.180729717016220093e-02 1.349751353263854980e-01
1.788919270038604736e-01 6.336417794227600098e-02 1.418889611959457397e-01
1.789940297603607178e-01 6.319858878850936890e-02 1.419280022382736206e-01
1.926039308309555054e-01 6.494975090026855469e-02 1.514874696731567383e-01
1.959979534149169922e-01 6.568529456853866577e-02 1.539636552333831787e-01
1.829800307750701904e-01 6.383030116558074951e-02 1.447808146476745605e-01
1.953835189342498779e-01 6.552679091691970825e-02 1.535483300685882568e-01
1.845809519290924072e-01 6.420710682868957520e-02 1.458756625652313232e-01
2.046711295843124390e-01 6.668902933597564697e-02 1.599286943674087524e-01
2.003384530544281006e-01 6.617321074008941650e-02 1.568478941917419434e-01
1.971537321805953979e-01 6.545264273881912231e-02 1.546051949262619019e-01
1.998132020235061646e-01 6.613714247941970825e-02 1.566062569618225098e-01
1.988570541143417358e-01 6.605670601129531860e-02 1.559372246265411377e-01
2.104396522045135498e-01 6.763469427824020386e-02 1.640527397394180298e-01
2.005969434976577759e-01 6.608639657497406006e-02 1.571773439645767212e-01
1.995174437761306763e-01 6.593760848045349121e-02 1.564147770404815674e-01
1.755180209875106812e-01 6.255107372999191284e-02 1.395414769649505615e-01
1.633522808551788330e-01 6.087408214807510376e-02 1.309384554624557495e-01
1.544850766658782959e-01 5.966138094663619995e-02 1.246140375733375549e-01
1.747878193855285645e-01 6.250642240047454834e-02 1.389703303575515747e-01
1.660675257444381714e-01 6.138210743665695190e-02 1.326886564493179321e-01
1.700348854064941406e-01 6.213889271020889282e-02 1.356015503406524658e-01
1.728395819664001465e-01 6.225801631808280945e-02 1.376031339168548584e-01
1.877075880765914917e-01 6.421042978763580322e-02 1.480505019426345825e-01
1.900120526552200317e-01 6.453683972358703613e-02 1.496152430772781372e-01
1.769947260618209839e-01 6.289552152156829834e-02 1.404248625040054321e-01
1.806868314743041992e-01 6.325992941856384277e-02 1.430411487817764282e-01
1.669211536645889282e-01 6.161137670278549194e-02 1.332837343215942383e-01
1.688872724771499634e-01 6.158612295985221863e-02 1.347767710685729980e-01
1.681840717792510986e-01 6.142525002360343933e-02 1.342405378818511963e-01
1.582479923963546753e-01 6.011633574962615967e-02 1.272122710943222046e-01
1.556458473205566406e-01 6.003870069980621338e-02 1.253319382667541504e-01
1.448284387588500977e-01 5.859922245144844055e-02 1.176462545990943909e-01
1.484705954790115356e-01 5.917188897728919983e-02 1.202445849776268005e-01
1.465484201908111572e-01 5.896469205617904663e-02 1.189073026180267334e-01
1.270782500505447388e-01 5.614317581057548523e-02 1.049428284168243408e-01
1.314420849084854126e-01 5.685883015394210815e-02 1.080809608101844788e-01
1.310562938451766968e-01 5.667138472199440002e-02 1.078562811017036438e-01
1.302170902490615845e-01 5.659184604883193970e-02 1.072037592530250549e-01
1.271444708108901978e-01 5.614254623651504517e-02 1.049158722162246704e-01
1.329948455095291138e-01 5.702855065464973450e-02 1.092423871159553528e-01
1.372681111097335815e-01 5.766398087143898010e-02 1.122987344861030579e-01
1.438531428575515747e-01 5.855445191264152527e-02 1.170147284865379333e-01
1.630963981151580811e-01 6.091246381402015686e-02 1.307498961687088013e-01
1.757297664880752563e-01 6.270378828048706055e-02 1.397133618593215942e-01
1.906282752752304077e-01 6.455917656421661377e-02 1.502905488014221191e-01
2.022857666015625000e-01 6.581011414527893066e-02 1.584000587463378906e-01
2.135113775730133057e-01 6.696216762065887451e-02 1.661958843469619751e-01
2.254067361354827881e-01 6.831063330173492432e-02 1.743556112051010132e-01
2.338336408138275146e-01 6.968212127685546875e-02 1.802323311567306519e-01
2.359613627195358276e-01 6.998288631439208984e-02 1.817810237407684326e-01
2.411116957664489746e-01 7.115060836076736450e-02 1.851709336042404175e-01
2.128827571868896484e-01 6.790002435445785522e-02 1.655239760875701904e-01
1.858924478292465210e-01 6.463304162025451660e-02 1.466232687234878540e-01
1.887048780918121338e-01 6.434603780508041382e-02 1.484221816062927246e-01
2.034806609153747559e-01 6.671692430973052979e-02 1.588336229324340820e-01
2.239674031734466553e-01 6.890929490327835083e-02 1.727242469787597656e-01
2.291169315576553345e-01 6.953281909227371216e-02 1.761732846498489380e-01
2.181128561496734619e-01 6.812139600515365601e-02 1.686456799507141113e-01
2.093886733055114746e-01 6.731678545475006104e-02 1.626902073621749878e-01
2.005258351564407349e-01 6.594990938901901245e-02 1.565137654542922974e-01
2.116185426712036133e-01 6.721412390470504761e-02 1.643773615360260010e-01
2.313127517700195312e-01 6.972140073776245117e-02 1.777888685464859009e-01
2.378848195075988770e-01 7.052114605903625488e-02 1.822217553853988647e-01
2.465262264013290405e-01 7.181956619024276733e-02 1.881540864706039429e-01
2.650437951087951660e-01 7.428086549043655396e-02 2.007451951503753662e-01
2.807686924934387207e-01 7.546142488718032837e-02 2.110244482755661011e-01
2.655471563339233398e-01 7.389966398477554321e-02 2.008543759584426880e-01
2.670448422431945801e-01 7.427553832530975342e-02 2.018537223339080811e-01
2.484553307294845581e-01 7.148243486881256104e-02 1.891508251428604126e-01
2.015008181333541870e-01 6.571342051029205322e-02 1.570515781641006470e-01
1.941518485546112061e-01 6.427946686744689941e-02 1.518332511186599731e-01
1.953401267528533936e-01 6.489416956901550293e-02 1.532697081565856934e-01
2.144233733415603638e-01 6.674696505069732666e-02 1.661736518144607544e-01
2.292264997959136963e-01 6.852133572101593018e-02 1.763760894536972046e-01
2.117230743169784546e-01 6.665409356355667114e-02 1.643523275852203369e-01
2.058790922164916992e-01 6.615202873945236206e-02 1.601276993751525879e-01
1.966286450624465942e-01 6.480045616626739502e-02 1.534006893634796143e-01
1.662355810403823853e-01 6.076923012733459473e-02 1.324465125799179077e-01
1.656350344419479370e-01 6.055525317788124084e-02 1.319493204355239868e-01
1.570842713117599487e-01 5.930389463901519775e-02 1.259272396564483643e-01
1.539517790079116821e-01 5.903178080916404724e-02 1.238580569624900818e-01
1.555065810680389404e-01 5.907724797725677490e-02 1.251009553670883179e-01
1.475381851196289062e-01 5.815546587109565735e-02 1.194107756018638611e-01
1.477105766534805298e-01 5.815505608916282654e-02 1.197398900985717773e-01
1.388989835977554321e-01 5.693034455180168152e-02 1.134376376867294312e-01
1.387923359870910645e-01 5.700840428471565247e-02 1.133960038423538208e-01
1.279106140136718750e-01 5.552295967936515808e-02 1.056437417864799500e-01
1.136950254440307617e-01 5.325932055711746216e-02 9.541317075490951538e-02
1.115754023194313049e-01 5.273568257689476013e-02 9.395777434110641479e-02
1.088437810540199280e-01 5.223154649138450623e-02 9.200712293386459351e-02
1.076961532235145569e-01 5.205881968140602112e-02 9.106568992137908936e-02
1.079837307333946228e-01 5.194785073399543762e-02 9.132608026266098022e-02
1.038414537906646729e-01 5.140059441328048706e-02 8.822181075811386108e-02
9.023082256317138672e-02 4.933490604162216187e-02 7.828894257545471191e-02
7.470611482858657837e-02 4.671694338321685791e-02 6.681965291500091553e-02
7.807083427906036377e-02 4.714845493435859680e-02 6.940270960330963135e-02
8.817654848098754883e-02 4.886412248015403748e-02 7.675176113843917847e-02
9.726943075656890869e-02 5.035446211695671082e-02 8.337242901325225830e-02
1.068960353732109070e-01 5.193969234824180603e-02 9.036140888929367065e-02
1.080731227993965149e-01 5.223045125603675842e-02 9.124285727739334106e-02
1.044690608978271484e-01 5.164832994341850281e-02 8.859742432832717896e-02
1.029231771826744080e-01 5.134685337543487549e-02 8.756159991025924683e-02
1.061524376273155212e-01 5.176898837089538574e-02 8.999217301607131958e-02
1.077661365270614624e-01 5.206225812435150146e-02 9.116111695766448975e-02
1.103921979665756226e-01 5.237784236669540405e-02 9.309915453195571899e-02
1.141875162720680237e-01 5.293814092874526978e-02 9.587901085615158081e-02
1.134936958551406860e-01 5.285033211112022400e-02 9.531408548355102539e-02
1.105747073888778687e-01 5.241246894001960754e-02 9.311274439096450806e-02
1.097309961915016174e-01 5.217780917882919312e-02 9.256104379892349243e-02
1.175326332449913025e-01 5.337880551815032959e-02 9.818431735038757324e-02
1.122637093067169189e-01 5.259041860699653625e-02 9.443502873182296753e-02
1.093929931521415710e-01 5.225316807627677917e-02 9.234333038330078125e-02
9.874638915061950684e-02 5.055228248238563538e-02 8.453233540058135986e-02
9.957441687583923340e-02 5.070596560835838318e-02 8.516791462898254395e-02
1.020208969712257385e-01 5.101294815540313721e-02 8.692780137062072754e-02
9.889224171638488770e-02 5.044348910450935364e-02 8.464812487363815308e-02
1.050081923604011536e-01 5.147380381822586060e-02 8.897508680820465088e-02
1.180113032460212708e-01 5.343363806605339050e-02 9.851717203855514526e-02
1.070958822965621948e-01 5.179917439818382263e-02 9.059518575668334961e-02
1.264759749174118042e-01 5.479489639401435852e-02 1.046807393431663513e-01
1.157118380069732666e-01 5.307473614811897278e-02 9.682483226060867310e-02
1.104862093925476074e-01 5.253452807664871216e-02 9.314440935850143433e-02
1.044669747352600098e-01 5.161953717470169067e-02 8.888089656829833984e-02
9.995845705270767212e-02 5.087567120790481567e-02 8.556836098432540894e-02
9.749255329370498657e-02 5.043989419937133789e-02 8.389087021350860596e-02
9.798554331064224243e-02 5.059581995010375977e-02 8.420074731111526489e-02
1.030908748507499695e-01 5.153554677963256836e-02 8.773675560951232910e-02
1.157811880111694336e-01 5.330734699964523315e-02 9.694541990756988525e-02
1.085682809352874756e-01 5.214362591505050659e-02 9.157957881689071655e-02
1.084053143858909607e-01 5.207561701536178589e-02 9.143191576004028320e-02
1.063409745693206787e-01 5.182299762964248657e-02 9.001196920871734619e-02
1.122594922780990601e-01 5.277269333600997925e-02 9.427755326032638550e-02
1.117024421691894531e-01 5.265764892101287842e-02 9.380286931991577148e-02
1.167017593979835510e-01 5.330164358019828796e-02 9.753350168466567993e-02
1.141060367226600647e-01 5.292088165879249573e-02 9.564883261919021606e-02
1.092687696218490601e-01 5.218648910522460938e-02 9.212718904018402100e-02
1.093605682253837585e-01 5.231910198926925659e-02 9.224449843168258667e-02
1.056602150201797485e-01 5.167392268776893616e-02 8.961391448974609375e-02
9.959916770458221436e-02 5.075959861278533936e-02 8.516675233840942383e-02
1.102382987737655640e-01 5.238227173686027527e-02 9.294234216213226318e-02
1.169934868812561035e-01 5.330501869320869446e-02 9.774120151996612549e-02
1.118220463395118713e-01 5.260646715760231018e-02 9.404525160789489746e-02
1.181331276893615723e-01 5.335093289613723755e-02 9.856516867876052856e-02
1.151027753949165344e-01 5.293689295649528503e-02 9.638174623250961304e-02
1.256208866834640503e-01 5.444757267832756042e-02 1.039608418941497803e-01
1.256439685821533203e-01 5.445333942770957947e-02 1.040433049201965332e-01
1.170524954795837402e-01 5.327880010008811951e-02 9.786330163478851318e-02
1.189257204532623291e-01 5.352708697319030762e-02 9.919886291027069092e-02
1.174383088946342468e-01 5.337076634168624878e-02 9.806097298860549927e-02
1.207852289080619812e-01 5.396240949630737305e-02 1.004305332899093628e-01
1.251922845840454102e-01 5.425674095749855042e-02 1.036232635378837585e-01
1.151691302657127380e-01 5.304003134369850159e-02 9.640382230281829834e-02
1.130297556519508362e-01 5.265429988503456116e-02 9.477929770946502686e-02
1.160306632518768311e-01 5.300704017281532288e-02 9.706423431634902954e-02
1.153714582324028015e-01 5.311300233006477356e-02 9.649010747671127319e-02
1.158448010683059692e-01 5.310080200433731079e-02 9.681040048599243164e-02
1.114647537469863892e-01 5.253098160028457642e-02 9.365852177143096924e-02
1.118595972657203674e-01 5.260455235838890076e-02 9.403340518474578857e-02
1.128828823566436768e-01 5.269886180758476257e-02 9.482031315565109253e-02
1.160781532526016235e-01 5.316913127899169922e-02 9.699431061744689941e-02
1.109560206532478333e-01 5.255375057458877563e-02 9.328170865774154663e-02
1.094420477747917175e-01 5.224975571036338806e-02 9.210839122533798218e-02
1.039701476693153381e-01 5.150899663567543030e-02 8.820287138223648071e-02
1.008402556180953979e-01 5.106657743453979492e-02 8.586116135120391846e-02
9.828399866819381714e-02 5.084733292460441589e-02 8.409335464239120483e-02
1.004264131188392639e-01 5.110518634319305420e-02 8.563394844532012939e-02
9.484997391700744629e-02 5.038450285792350769e-02 8.153413981199264526e-02
8.975687623023986816e-02 4.961580783128738403e-02 7.777608186006546021e-02
9.971424937248229980e-02 5.100617557764053345e-02 8.502398431301116943e-02
1.077192574739456177e-01 5.208101496100425720e-02 9.076563268899917603e-02
1.136369109153747559e-01 5.277343839406967163e-02 9.492570906877517700e-02
1.071230173110961914e-01 5.188335478305816650e-02 9.013272076845169067e-02
1.103197112679481506e-01 5.230718478560447693e-02 9.252933412790298462e-02
1.111238747835159302e-01 5.243384838104248047e-02 9.314298629760742188e-02
1.089196428656578064e-01 5.210122466087341309e-02 9.157597273588180542e-02
1.062798276543617249e-01 5.183183029294013977e-02 8.973443508148193359e-02
1.173143163323402405e-01 5.340805277228355408e-02 9.790372848510742188e-02
1.236955821514129639e-01 5.427110567688941956e-02 1.024050712585449219e-01
1.293848305940628052e-01 5.500002950429916382e-02 1.064900681376457214e-01
1.390450745820999146e-01 5.647391453385353088e-02 1.134417355060577393e-01
1.413011401891708374e-01 5.667743086814880371e-02 1.149392947554588318e-01
1.421323567628860474e-01 5.684893950819969177e-02 1.155781745910644531e-01
1.342082172632217407e-01 5.580152198672294617e-02 1.099245920777320862e-01
1.433075368404388428e-01 5.682560801506042480e-02 1.160886958241462708e-01
1.495618522167205811e-01 5.760367214679718018e-02 1.204980760812759399e-01
1.213289871811866760e-01 5.412495508790016174e-02 1.007810384035110474e-01
1.120110973715782166e-01 5.281024053692817688e-02 9.402052313089370728e-02
1.107791513204574585e-01 5.247095972299575806e-02 9.305436909198760986e-02
1.060892194509506226e-01 5.174938589334487915e-02 8.951132744550704956e-02
1.088391765952110291e-01 5.219038948416709900e-02 9.151963144540786743e-02
1.153035238385200500e-01 5.308750271797180176e-02 9.614383429288864136e-02
1.153047382831573486e-01 5.291267856955528259e-02 9.615205973386764526e-02
1.203404664993286133e-01 5.363771319389343262e-02 9.971743077039718628e-02
1.231661960482597351e-01 5.403728038072586060e-02 1.017076745629310608e-01
1.222643554210662842e-01 5.394579097628593445e-02 1.010207012295722961e-01
1.204458996653556824e-01 5.363396555185317993e-02 9.968101233243942261e-02
1.224852502346038818e-01 5.394936725497245789e-02 1.011174693703651428e-01
1.223182156682014465e-01 5.387599021196365356e-02 1.010312736034393311e-01
1.173092946410179138e-01 5.322403088212013245e-02 9.744793176651000977e-02
1.099736839532852173e-01 5.219677090644836426e-02 9.217783808708190918e-02
1.053638681769371033e-01 5.165146663784980774e-02 8.886089175939559937e-02
1.020042225718498230e-01 5.112254247069358826e-02 8.634337782859802246e-02
9.970115125179290771e-02 5.072065070271492004e-02 8.464743196964263916e-02
1.059852614998817444e-01 5.161737650632858276e-02 8.929415047168731689e-02
1.131860390305519104e-01 5.261687189340591431e-02 9.448488056659698486e-02
1.138607338070869446e-01 5.272017419338226318e-02 9.499415010213851929e-02
1.085950881242752075e-01 5.197875574231147766e-02 9.128876030445098877e-02
1.008224859833717346e-01 5.080791562795639038e-02 8.562925457954406738e-02
1.004212573170661926e-01 5.069498717784881592e-02 8.533938974142074585e-02
9.772117435932159424e-02 5.034393072128295898e-02 8.338795602321624756e-02
9.553879499435424805e-02 5.006239190697669983e-02 8.187425136566162109e-02
9.346451610326766968e-02 4.987068846821784973e-02 8.039208501577377319e-02
8.736968785524368286e-02 4.906326904892921448e-02 7.599967718124389648e-02
7.534813135862350464e-02 4.716155305504798889e-02 6.709062308073043823e-02
7.919014990329742432e-02 4.762158542871475220e-02 6.997194141149520874e-02
8.712936192750930786e-02 4.885134845972061157e-02 7.579701393842697144e-02
9.356065094470977783e-02 4.956175386905670166e-02 8.039633929729461670e-02
1.020047739148139954e-01 5.092875659465789795e-02 8.654752373695373535e-02
9.826346486806869507e-02 5.048083141446113586e-02 8.381804823875427246e-02
7.959882169961929321e-02 4.774297401309013367e-02 7.015471905469894409e-02
7.301772385835647583e-02 4.686520993709564209e-02 6.525520980358123779e-02
1.076892539858818054e-01 5.285461992025375366e-02 9.091775864362716675e-02
1.475263684988021851e-01 5.812959000468254089e-02 1.191509813070297241e-01
1.876127719879150391e-01 6.336467713117599487e-02 1.468987464904785156e-01
1.778949648141860962e-01 6.218620389699935913e-02 1.404478102922439575e-01
2.135754078626632690e-01 6.719878315925598145e-02 1.659399271011352539e-01
2.177689671516418457e-01 6.795355677604675293e-02 1.689528077840805054e-01
2.433910518884658813e-01 7.129720598459243774e-02 1.866360306739807129e-01
2.418368756771087646e-01 7.059796899557113647e-02 1.854556500911712646e-01
2.236686348915100098e-01 6.818817555904388428e-02 1.731046140193939209e-01
2.196799963712692261e-01 6.727729737758636475e-02 1.700740903615951538e-01
2.029666900634765625e-01 6.491038203239440918e-02 1.581073254346847534e-01
1.595935523509979248e-01 5.891051515936851501e-02 1.280013471841812134e-01
1.413750052452087402e-01 5.617328733205795288e-02 1.151377037167549133e-01
1.168808117508888245e-01 5.308549106121063232e-02 9.771142899990081787e-02
1.160456836223602295e-01 5.297747999429702759e-02 9.706504642963409424e-02
1.296168714761734009e-01 5.473567917943000793e-02 1.067382842302322388e-01
1.335946768522262573e-01 5.568492412567138672e-02 1.095579415559768677e-01
1.400615423917770386e-01 5.671196058392524719e-02 1.140854209661483765e-01
1.447457969188690186e-01 5.720958113670349121e-02 1.173866763710975647e-01
1.486183255910873413e-01 5.775476247072219849e-02 1.201431229710578918e-01
1.452801823616027832e-01 5.721735954284667969e-02 1.176905855536460876e-01
1.317102909088134766e-01 5.534442514181137085e-02 1.079977154731750488e-01
1.345289945602416992e-01 5.587219074368476868e-02 1.099140197038650513e-01
1.544332951307296753e-01 5.874064937233924866e-02 1.240008622407913208e-01
1.875621527433395386e-01 6.304229050874710083e-02 1.473941951990127563e-01
2.280125916004180908e-01 6.824235618114471436e-02 1.756789237260818481e-01
2.218807190656661987e-01 6.710910052061080933e-02 1.715049892663955688e-01
1.872007697820663452e-01 6.248047947883605957e-02 1.472609043121337891e-01
2.005373984575271606e-01 6.431195139884948730e-02 1.565914154052734375e-01
2.322294265031814575e-01 6.907449662685394287e-02 1.785928010940551758e-01
2.300871312618255615e-01 6.878890097141265869e-02 1.771235913038253784e-01
2.203596830368041992e-01 6.736903637647628784e-02 1.704275161027908325e-01
2.256665527820587158e-01 6.815462559461593628e-02 1.741085350513458252e-01
2.254150807857513428e-01 6.799951195716857910e-02 1.739431172609329224e-01
