5.874013900756835938e-02 -9.942770004272460938e-03 9.884414672851562500e-01
4.540932178497314453e-02 -5.492813885211944580e-03 1.013412833213806152e+00
5.818247795104980469e-02 -1.018028706312179565e-02 9.561179876327514648e-01
4.201292991638183594e-02 -1.083878427743911743e-02 9.038830995559692383e-01
-2.249562740325927734e-02 4.518002271652221680e-03 1.001203656196594238e+00
-1.596844196319580078e-02 -8.764803409576416016e-03 1.051705956459045410e+00
1.782357692718505859e-02 -5.140803754329681396e-03 9.909899234771728516e-01
7.420539855957031250e-03 -6.425008177757263184e-03 1.098932147026062012e+00
-1.132106781005859375e-02 -9.465254843235015869e-03 1.024947524070739746e+00
-6.464123725891113281e-03 -1.097318530082702637e-02 1.029252767562866211e+00
-5.787968635559082031e-03 -1.261506229639053345e-02 1.040761590003967285e+00
1.500922441482543945e-01 -1.188399642705917358e-02 1.138782739639282227e+00
-8.778607845306396484e-02 -4.146255552768707275e-03 1.032407522201538086e+00
-3.444528579711914062e-02 -5.868904292583465576e-03 1.033316612243652344e+00
6.657731533050537109e-02 -1.341083645820617676e-02 9.235188961029052734e-01
6.753611564636230469e-02 -1.813788712024688721e-02 8.727223873138427734e-01
3.871822357177734375e-02 -1.298296451568603516e-02 9.304428100585937500e-01
-1.497554779052734375e-02 -1.321844756603240967e-02 1.094523429870605469e+00
-6.597805023193359375e-02 -2.815686166286468506e-03 1.024128675460815430e+00
-2.432894706726074219e-02 -6.875097751617431641e-03 1.053403973579406738e+00
-2.166354656219482422e-02 -9.953655302524566650e-03 9.635777473449707031e-01
-3.363788127899169922e-02 -1.372026652097702026e-02 9.677931070327758789e-01
-5.127072334289550781e-02 -1.034869998693466187e-02 9.697796106338500977e-01
4.488587379455566406e-03 -9.371265769004821777e-03 1.092839717864990234e+00
3.112316131591796875e-03 -1.440539211034774780e-02 1.042320013046264648e+00
-3.784537315368652344e-02 -1.390640437602996826e-02 1.025862097740173340e+00
2.958726882934570312e-02 -1.337257772684097290e-02 9.943938255310058594e-01
6.383132934570312500e-02 -1.791487634181976318e-02 8.961743116378784180e-01
-3.703355789184570312e-03 -1.150290668010711670e-02 1.073227524757385254e+00
-1.214420795440673828e-02 -1.014083623886108398e-02 1.096722364425659180e+00
-4.915606975555419922e-02 -1.310446858406066895e-02 1.071415781974792480e+00
-1.317334175109863281e-02 -1.340970396995544434e-02 9.896060228347778320e-01
-1.019132137298583984e-02 -1.282820105552673340e-02 9.968602657318115234e-01
-1.254892349243164062e-02 -1.217240095138549805e-02 1.078380227088928223e+00
4.563641548156738281e-02 -1.948770135641098022e-02 1.100338578224182129e+00
-3.508090972900390625e-03 -2.417870610952377319e-02 1.145465135574340820e+00
3.131520748138427734e-02 5.039572715759277344e-04 1.073943138122558594e+00
-1.883479356765747070e-01 -7.395632565021514893e-03 8.372607231140136719e-01
4.505145549774169922e-02 -1.807822287082672119e-02 9.287034273147583008e-01
1.223266124725341797e-02 -1.173577457666397095e-02 9.707630872726440430e-01
1.239156723022460938e-02 -4.840321838855743408e-03 1.156513452529907227e+00
-4.119741916656494141e-02 -4.848994314670562744e-03 1.178475260734558105e+00
-1.071691513061523438e-04 -1.632715016603469849e-02 1.072460889816284180e+00
-1.340949535369873047e-02 -1.256343722343444824e-02 1.075075984001159668e+00
-1.280999183654785156e-02 -1.827404648065567017e-02 1.115915060043334961e+00
-4.757285118103027344e-03 -1.331023871898651123e-02 1.084804892539978027e+00
7.308363914489746094e-03 -1.224245131015777588e-02 1.014881014823913574e+00
2.409517765045166016e-02 -8.336476981639862061e-03 1.009262323379516602e+00
-3.355193138122558594e-02 -1.038485020399093628e-02 1.023892521858215332e+00
6.195068359375000000e-03 -1.022489368915557861e-02 9.685611724853515625e-01
-4.375576972961425781e-03 -1.598357409238815308e-02 9.995331764221191406e-01
-1.059257984161376953e-02 -1.266513019800186157e-02 1.065607428550720215e+00
-4.157900810241699219e-02 -1.119302958250045776e-02 1.136859536170959473e+00
-1.756203174591064453e-02 -9.741321206092834473e-03 1.110595226287841797e+00
-2.268779277801513672e-02 -7.485508918762207031e-03 1.041936278343200684e+00
-1.585364341735839844e-03 -6.727613508701324463e-03 1.005210876464843750e+00
-2.562618255615234375e-02 -1.034519821405410767e-02 1.052985787391662598e+00
-8.468890190124511719e-02 -1.301009953022003174e-02 1.005741953849792480e+00
5.353868007659912109e-02 -1.167762279510498047e-02 1.061626195907592773e+00
-7.219481468200683594e-02 -4.475414752960205078e-04 1.079134941101074219e+00
-1.924718618392944336e-01 3.081940114498138428e-03 1.098150730133056641e+00
-1.095438003540039062e-02 -1.520310342311859131e-02 1.029254436492919922e+00
-6.284666061401367188e-02 -9.342983365058898926e-03 1.007677793502807617e+00
-6.777822971343994141e-02 -1.269560307264328003e-02 1.116138577461242676e+00
1.457250118255615234e-02 -1.088041067123413086e-02 9.650382995605468750e-01
-2.628266811370849609e-02 -6.779327988624572754e-03 1.003908753395080566e+00
-1.523375511169433594e-02 -7.629357278347015381e-03 1.161044478416442871e+00
-4.244327545166015625e-03 -1.331260055303573608e-02 1.177978873252868652e+00
2.214086055755615234e-02 -1.608766615390777588e-02 1.144667863845825195e+00
-2.869009971618652344e-03 -1.897027343511581421e-02 1.058955788612365723e+00
2.429413795471191406e-02 -1.483183354139328003e-02 9.734278917312622070e-01
-3.578305244445800781e-03 -1.106543093919754028e-02 9.980540275573730469e-01
2.102184295654296875e-02 -8.113957941532135010e-03 9.560534954071044922e-01
9.925246238708496094e-02 -8.641831576824188232e-03 6.062642335891723633e-01
9.232223033905029297e-02 -5.490429699420928955e-03 7.202453613281250000e-01
-1.299619674682617188e-02 -8.438087999820709229e-03 9.179588556289672852e-01
4.916667938232421875e-03 -4.876732826232910156e-03 6.499705314636230469e-01
-1.476287841796875000e-03 -4.951007664203643799e-03 9.551943540573120117e-01
-2.401385903358459473e-01 1.341967284679412842e-02 7.267631292343139648e-01
-1.297124624252319336e-01 1.096548885107040405e-02 7.957304716110229492e-01
-1.913278698921203613e-01 3.080524504184722900e-03 7.546122074127197266e-01
-1.758599281311035156e-02 3.759808838367462158e-03 9.574476480484008789e-01
-4.627909660339355469e-01 -3.601223230361938477e-03 8.989259004592895508e-01
-2.434570789337158203e-01 4.605963826179504395e-03 9.695111513137817383e-01
-5.673170089721679688e-03 -1.002231240272521973e-02 8.967164754867553711e-01
1.651775836944580078e-02 -8.250609040260314941e-03 9.020136594772338867e-01
3.753113746643066406e-02 -6.426118314266204834e-03 9.518159627914428711e-01
6.062769889831542969e-02 -7.684424519538879395e-03 9.292823076248168945e-01
2.492535114288330078e-02 -8.671127259731292725e-03 8.938882350921630859e-01
1.832425594329833984e-02 -5.169682204723358154e-03 8.946571350097656250e-01
-2.548694610595703125e-04 -4.025302827358245850e-03 9.079817533493041992e-01
-7.534742355346679688e-03 -3.355152904987335205e-03 9.359136819839477539e-01
-1.654851436614990234e-02 -5.134433507919311523e-03 9.355977773666381836e-01
-2.935552597045898438e-02 -6.637208163738250732e-03 9.255990982055664062e-01
-9.156942367553710938e-03 -6.472192704677581787e-03 9.285843372344970703e-01
-2.227723598480224609e-02 -8.177205920219421387e-03 8.750483989715576172e-01
-3.591954708099365234e-02 -1.025462895631790161e-02 8.603026866912841797e-01
-2.170681953430175781e-03 -5.617156624794006348e-03 8.559314012527465820e-01
-2.429437637329101562e-02 -3.712952136993408203e-03 8.735718727111816406e-01
4.276752471923828125e-03 -3.251135349273681641e-03 8.907268047332763672e-01
3.826928138732910156e-02 -6.768099963665008545e-03 8.765100240707397461e-01
1.537430286407470703e-02 -1.006247848272323608e-02 8.883770704269409180e-01
1.651453971862792969e-02 -8.140981197357177734e-03 9.699780941009521484e-01
1.300060749053955078e-02 -1.412066072225570679e-02 9.504102468490600586e-01
-1.320695877075195312e-02 -1.154278963804244995e-02 9.880580902099609375e-01
-3.259551525115966797e-02 -1.734567433595657349e-02 9.156830310821533203e-01
-2.135634422302246094e-02 -1.126775145530700684e-02 8.638670444488525391e-01
9.548759460449218750e-02 -8.367866277694702148e-03 9.144058227539062500e-01
3.412842750549316406e-02 -2.291144430637359619e-02 9.320030212402343750e-01
6.065559387207031250e-02 -2.091252803802490234e-02 1.012886047363281250e+00
1.331877708435058594e-02 -1.020090281963348389e-02 9.745228290557861328e-01
3.099918365478515625e-03 -8.905313909053802490e-03 9.818303585052490234e-01
-2.885354161262512207e-01 -4.929237067699432373e-03 8.319250345230102539e-01
-7.309091091156005859e-02 -2.870373427867889404e-03 9.264035224914550781e-01
4.105603694915771484e-02 -1.021520793437957764e-02 8.870925903320312500e-01
-1.436805725097656250e-02 -4.553109407424926758e-03 9.655176401138305664e-01
-6.838297843933105469e-02 -1.230590045452117920e-03 1.030217647552490234e+00
-7.680439949035644531e-02 6.138123571872711182e-03 1.064626336097717285e+00
-6.772935390472412109e-02 3.857515752315521240e-03 1.045026898384094238e+00
-5.115222930908203125e-02 -5.071163177490234375e-03 1.009358644485473633e+00
-4.862987995147705078e-02 1.146785914897918701e-03 1.128584742546081543e+00
-4.197955131530761719e-02 -2.767622470855712891e-03 1.135424733161926270e+00
-3.588473796844482422e-02 -1.181221008300781250e-02 1.087094068527221680e+00
-5.267083644866943359e-02 -6.888054311275482178e-03 1.004900097846984863e+00
-3.746140003204345703e-02 -9.223163127899169922e-03 1.009942531585693359e+00
-7.370936870574951172e-02 -5.334414541721343994e-03 9.232233762741088867e-01
-5.194771289825439453e-02 -5.376890301704406738e-03 9.091521501541137695e-01
-1.069613695144653320e-01 -2.015978097915649414e-03 9.373606443405151367e-01
-1.294629573822021484e-01 1.313343644142150879e-03 9.996132850646972656e-01
-1.147397756576538086e-01 2.228282392024993896e-03 9.466210603713989258e-01
-1.058269739151000977e-01 -3.867045044898986816e-03 9.614452123641967773e-01
-5.625760555267333984e-02 -1.538178324699401855e-02 8.891159296035766602e-01
-5.414783954620361328e-02 -8.725218474864959717e-03 9.581958055496215820e-01
1.781105995178222656e-02 -9.465523064136505127e-03 1.093517422676086426e+00
-5.313873291015625000e-02 -1.037391275167465210e-02 1.168586373329162598e+00
-1.054033041000366211e-01 -1.385227590799331665e-02 1.200356602668762207e+00
-1.349873542785644531e-01 -1.472508907318115234e-02 8.570841550827026367e-01
3.286004066467285156e-02 -1.370360702276229858e-02 8.995264768600463867e-01
-5.180835723876953125e-03 -1.042903214693069458e-02 9.169454574584960938e-01
-2.559018135070800781e-02 -4.518508911132812500e-03 9.853340387344360352e-01
-4.393672943115234375e-02 -7.162347435951232910e-03 1.047166705131530762e+00
-3.369498252868652344e-02 -9.707659482955932617e-03 9.672304391860961914e-01
-5.821883678436279297e-02 -5.931749939918518066e-03 1.116279125213623047e+00
-5.099189281463623047e-02 -9.746178984642028809e-03 1.057647466659545898e+00
4.618775844573974609e-02 -1.732423901557922363e-02 1.110608100891113281e+00
-5.648136138916015625e-04 -1.193449646234512329e-02 1.076941013336181641e+00
-3.170740604400634766e-02 -1.059234887361526489e-02 1.052518844604492188e+00
-5.766999721527099609e-02 -8.460775017738342285e-03 1.014198780059814453e+00
-1.223993301391601562e-02 -5.727067589759826660e-03 1.053398370742797852e+00
-4.417455196380615234e-02 -1.266555488109588623e-02 1.056608676910400391e+00
8.283019065856933594e-03 -1.187789440155029297e-02 1.018800497055053711e+00
-5.240261554718017578e-02 -5.439735949039459229e-03 1.014318108558654785e+00
-4.866337776184082031e-02 -7.169939577579498291e-03 1.093821883201599121e+00
-6.417989730834960938e-02 -6.073147058486938477e-03 1.018684983253479004e+00
4.622936248779296875e-03 -1.085799187421798706e-02 8.993099927902221680e-01
-6.481194496154785156e-02 -5.669124424457550049e-03 1.015270352363586426e+00
-5.300796031951904297e-02 2.210646867752075195e-03 1.048693656921386719e+00
-9.742486476898193359e-02 -7.370352745056152344e-03 1.083432435989379883e+00
4.821300506591796875e-03 -1.035715639591217041e-02 9.940478801727294922e-01
-4.600691795349121094e-02 -1.102676987648010254e-02 1.093305587768554688e+00
-4.975986480712890625e-02 -1.005053520202636719e-03 9.436374902725219727e-01
1.725602149963378906e-02 -1.555493474006652832e-02 9.409552812576293945e-01
-1.066374778747558594e-02 -1.025962829589843750e-02 9.176837205886840820e-01
-1.656723022460937500e-02 -3.860704600811004639e-03 9.342808723449707031e-01
-2.192354202270507812e-02 -5.065485835075378418e-03 1.033405780792236328e+00
-6.569910049438476562e-02 -6.106190383434295654e-03 1.042304277420043945e+00
-1.361858844757080078e-02 -9.256079792976379395e-03 1.004737257957458496e+00
-3.711581230163574219e-02 -9.045936167240142822e-03 1.033454418182373047e+00
-4.487109184265136719e-02 -1.107656955718994141e-02 1.018860220909118652e+00
-2.703714370727539062e-02 -1.063264906406402588e-02 1.077959895133972168e+00
1.124060153961181641e-02 -1.000065356492996216e-02 1.013731002807617188e+00
2.357530593872070312e-02 -5.660042166709899902e-03 9.792207479476928711e-01
1.647591590881347656e-02 -8.363157510757446289e-03 1.023559570312500000e+00
1.586747169494628906e-02 -1.526635885238647461e-02 9.706808328628540039e-01
-7.602572441101074219e-03 -1.763031631708145142e-02 9.244556427001953125e-01
2.599132061004638672e-02 -1.705502718687057495e-02 8.603190183639526367e-01
-3.894317150115966797e-02 -1.199890673160552979e-02 8.808004856109619141e-01
-3.013360500335693359e-02 -8.426614105701446533e-03 9.494657516479492188e-01
-6.437301635742187500e-02 -3.508418798446655273e-03 9.710396528244018555e-01
-6.612443923950195312e-02 -4.306912422180175781e-03 9.653064012527465820e-01
-4.635345935821533203e-02 -5.413450300693511963e-03 9.852035045623779297e-01
-2.297675609588623047e-02 -1.199229061603546143e-02 8.397583961486816406e-01
-1.162636280059814453e-02 -1.068405807018280029e-02 8.614368438720703125e-01
-5.479335784912109375e-03 -1.080636680126190186e-02 8.960181474685668945e-01
5.307006835937500000e-02 -1.594407856464385986e-02 9.316228628158569336e-01
-5.657362937927246094e-02 -4.210382699966430664e-03 9.825551509857177734e-01
-5.020081996917724609e-02 -2.529487013816833496e-03 9.004508256912231445e-01
-7.256758213043212891e-02 -1.074473559856414795e-02 9.260179996490478516e-01
-4.701185226440429688e-02 -1.152404397726058960e-02 8.889839649200439453e-01
-6.567358970642089844e-03 -2.241947501897811890e-02 7.879799604415893555e-01
5.019950866699218750e-02 -3.057962656021118164e-02 7.389948368072509766e-01
4.102265834808349609e-02 -2.838948369026184082e-02 7.596963644027709961e-01
6.017911434173583984e-02 -3.236196935176849365e-02 7.312306165695190430e-01
5.642056465148925781e-03 -2.764908224344253540e-02 7.759684324264526367e-01
-5.355453491210937500e-02 -2.032727748155593872e-02 7.861810922622680664e-01
-2.262067794799804688e-02 -2.174312621355056763e-02 7.642428874969482422e-01
-2.434456348419189453e-02 -2.222468703985214233e-02 7.805898189544677734e-01
-2.323448657989501953e-02 -1.916911453008651733e-02 8.377810716629028320e-01
3.121018409729003906e-03 -2.781212329864501953e-02 7.580826282501220703e-01
5.085480213165283203e-02 -3.095588833093643188e-02 7.384040355682373047e-01
8.760929107666015625e-03 -2.380549907684326172e-02 7.720057964324951172e-01
1.122713088989257812e-02 -2.337561547756195068e-02 7.776432037353515625e-01
1.442241668701171875e-02 -2.285280078649520874e-02 8.279352188110351562e-01
6.295931339263916016e-02 -2.763395011425018311e-02 7.515801191329956055e-01
2.105867862701416016e-02 -2.256148308515548706e-02 8.476874828338623047e-01
4.040145874023437500e-02 -2.783919125795364380e-02 8.135114908218383789e-01
4.951024055480957031e-02 -2.454822510480880737e-02 8.386484384536743164e-01
3.716444969177246094e-02 -2.591184526681900024e-02 8.166239261627197266e-01
2.516484260559082031e-02 -1.741687208414077759e-02 8.073089122772216797e-01
5.173885822296142578e-02 -1.746967434883117676e-02 8.734481334686279297e-01
7.065033912658691406e-02 -1.926551014184951782e-02 9.114992618560791016e-01
1.072591543197631836e-01 -1.918727904558181763e-02 9.037396907806396484e-01
9.489989280700683594e-02 -2.113979309797286987e-02 8.513605594635009766e-01
7.477509975433349609e-02 -2.033965289592742920e-02 8.507120609283447266e-01
7.722401618957519531e-02 -1.405993849039077759e-02 9.651691913604736328e-01
1.926505565643310547e-02 -8.805751800537109375e-03 9.774667024612426758e-01
-1.165032386779785156e-03 -4.930287599563598633e-03 1.074543476104736328e+00
6.428956985473632812e-03 -6.739668548107147217e-03 9.896150827407836914e-01
-3.250503540039062500e-02 -2.840436995029449463e-03 1.075168967247009277e+00
6.881761550903320312e-02 -1.323816180229187012e-02 9.106680154800415039e-01
-3.510475158691406250e-02 -8.846461772918701172e-03 8.933143615722656250e-01
3.746831417083740234e-02 -1.205261796712875366e-02 9.753841161727905273e-01
4.070293903350830078e-02 8.873660117387771606e-03 1.238771200180053711e+00
4.722213745117187500e-02 -2.337016165256500244e-03 1.143724560737609863e+00
6.849825382232666016e-02 -5.242064595222473145e-03 1.003096818923950195e+00
6.757473945617675781e-02 1.126378774642944336e-04 1.032286643981933594e+00
-1.378738880157470703e-02 -4.898972809314727783e-03 9.579299688339233398e-01
1.448214054107666016e-02 -1.400200277566909790e-02 1.058151364326477051e+00
-1.623200178146362305e-01 -1.429051160812377930e-02 9.726637601852416992e-01
-4.329276084899902344e-02 -1.039211452007293701e-02 1.073916077613830566e+00
9.749984741210937500e-02 -1.563850790262222290e-02 8.600550889968872070e-01
7.972180843353271484e-02 -1.173643022775650024e-02 8.161870241165161133e-01
1.059907674789428711e-01 -1.798585057258605957e-02 8.371064662933349609e-01
9.567975997924804688e-02 -1.293813437223434448e-02 9.705820083618164062e-01
1.991415023803710938e-02 -8.940346539020538330e-03 9.436535835266113281e-01
5.189871788024902344e-02 -1.216448098421096802e-02 9.677308797836303711e-01
5.035078525543212891e-02 -1.296564936637878418e-02 1.007476925849914551e+00
6.258118152618408203e-02 -1.153226196765899658e-02 1.052079200744628906e+00
7.255029678344726562e-02 -5.802661180496215820e-03 1.028399467468261719e+00
3.582799434661865234e-02 -6.490774452686309814e-03 1.078864097595214844e+00
1.452326774597167969e-02 -2.043157815933227539e-02 1.043868541717529297e+00
4.897606372833251953e-02 -1.473277807235717773e-02 1.039881467819213867e+00
6.285774707794189453e-02 -1.387966424226760864e-02 1.033719301223754883e+00
8.959591388702392578e-02 -1.299209892749786377e-02 9.233646392822265625e-01
1.208957433700561523e-01 -1.262807101011276245e-02 1.009842038154602051e+00
1.178950071334838867e-01 -1.121915876865386963e-02 1.036434054374694824e+00
9.479749202728271484e-02 -1.796130836009979248e-02 9.716320037841796875e-01
1.415083408355712891e-01 -1.721248775720596313e-02 8.492614030838012695e-01
1.540120840072631836e-01 -2.125915884971618652e-02 7.436090707778930664e-01
7.856440544128417969e-02 -1.444091647863388062e-02 8.506277799606323242e-01
7.141995429992675781e-02 -1.620859652757644653e-02 9.185129404067993164e-01
6.763899326324462891e-02 -1.699280738830566406e-02 8.721134662628173828e-01
6.545042991638183594e-02 -1.583566516637802124e-02 9.058870077133178711e-01
6.614887714385986328e-02 -1.396406441926956177e-02 9.279556274414062500e-01
7.099938392639160156e-02 -1.218085736036300659e-02 9.343038797378540039e-01
5.609440803527832031e-02 -1.470752805471420288e-02 9.035269021987915039e-01
6.790518760681152344e-02 -1.449953764677047729e-02 8.586331605911254883e-01
3.997504711151123047e-02 -1.536405086517333984e-02 8.310908079147338867e-01
3.757965564727783203e-02 -1.129058003425598145e-02 8.720996379852294922e-01
3.269731998443603516e-02 -1.064472645521163940e-02 8.608429431915283203e-01
-1.300799846649169922e-02 -6.838478147983551025e-03 8.532605171203613281e-01
3.485655784606933594e-02 -7.206954061985015869e-03 9.255673885345458984e-01
5.237340927124023438e-02 -9.569101035594940186e-03 7.610635757446289062e-01
5.552041530609130859e-02 -1.377717405557632446e-02 7.988550662994384766e-01
6.055748462677001953e-02 -1.553609967231750488e-02 7.624706029891967773e-01
-8.584499359130859375e-03 -7.157377898693084717e-03 9.023829698562622070e-01
-1.654863357543945312e-03 -9.659193456172943115e-03 8.876219987869262695e-01
6.085515022277832031e-03 -7.770188152790069580e-03 8.556745052337646484e-01
4.030942916870117188e-03 -1.212465018033981323e-02 7.727245092391967773e-01
-2.074396610260009766e-02 -1.320610940456390381e-02 6.886003017425537109e-01
-3.554844856262207031e-02 -1.287230104207992554e-02 6.869359016418457031e-01
-8.308374881744384766e-02 -9.652584791183471680e-03 6.240572929382324219e-01
-1.362483501434326172e-01 -7.992230355739593506e-03 6.060266494750976562e-01
-2.055360078811645508e-01 -8.293889462947845459e-03 5.441545248031616211e-01
-1.441299915313720703e-01 -7.808066904544830322e-03 4.901282787322998047e-01
-1.694099903106689453e-01 -4.614733159542083740e-03 5.103547573089599609e-01
-2.051903605461120605e-01 -9.230524301528930664e-04 6.098777055740356445e-01
-2.907599806785583496e-01 1.022294163703918457e-03 5.824286937713623047e-01
-3.456194996833801270e-01 5.617894232273101807e-03 5.879290103912353516e-01
-3.994589447975158691e-01 1.075077056884765625e-02 5.879352092742919922e-01
-3.853567242622375488e-01 1.203173026442527771e-02 6.311671733856201172e-01
-3.766279816627502441e-01 9.456586092710494995e-03 5.889308452606201172e-01
-3.923283815383911133e-01 1.558368653059005737e-02 5.777893066406250000e-01
-4.655535221099853516e-01 1.850835978984832764e-02 5.228958129882812500e-01
-4.958805441856384277e-01 2.031242847442626953e-02 5.224587917327880859e-01
-5.176203250885009766e-01 1.972777023911476135e-02 4.785475730895996094e-01
-5.252237319946289062e-01 1.920475438237190247e-02 4.517250061035156250e-01
-5.685960650444030762e-01 2.079263702034950256e-02 3.910410404205322266e-01
-5.373682379722595215e-01 2.104054391384124756e-02 4.225497245788574219e-01
-5.636188983917236328e-01 1.918531954288482666e-02 4.063631296157836914e-01
-6.173356175422668457e-01 2.573812380433082581e-02 4.545723199844360352e-01
-6.155753731727600098e-01 2.687949687242507935e-02 4.075181484222412109e-01
-6.459925174713134766e-01 2.517620846629142761e-02 3.242855072021484375e-01
-5.873839259147644043e-01 1.918069645762443542e-02 2.445586323738098145e-01
-6.304798722267150879e-01 2.067542076110839844e-02 2.092929482460021973e-01
-7.612984776496887207e-01 2.262381091713905334e-02 2.027993202209472656e-01
-8.007337450981140137e-01 2.282330021262168884e-02 1.700441837310791016e-01
-8.554708361625671387e-01 3.071509301662445068e-02 9.531027078628540039e-02
-8.996977806091308594e-01 3.397918120026588440e-02 1.068770885467529297e-01
-9.012616872787475586e-01 3.316701576113700867e-02 4.661613702774047852e-02
-7.757883071899414062e-01 2.986698225140571594e-02 -3.869497776031494141e-02
-7.632490396499633789e-01 2.813677117228507996e-02 -4.426372051239013672e-02
-8.155095577239990234e-01 2.833589538931846619e-02 -1.006775498390197754e-01
-7.472844123840332031e-01 2.933593094348907471e-02 -1.472452282905578613e-01
-7.125381231307983398e-01 3.304863348603248596e-02 -1.910101175308227539e-01
-6.963667869567871094e-01 3.086795657873153687e-02 -1.353517174720764160e-01
-7.297232151031494141e-01 3.561999648809432983e-02 -2.092956900596618652e-01
-5.408145785331726074e-01 2.740946412086486816e-02 -2.753812968730926514e-01
-6.051108241081237793e-01 2.543228864669799805e-02 -2.234891653060913086e-01
-4.969638586044311523e-01 2.676790580153465271e-02 -2.719863057136535645e-01
-4.291403889656066895e-01 2.186289057135581970e-02 -1.985229253768920898e-01
-5.138056278228759766e-01 2.501268312335014343e-02 -3.246653079986572266e-01
-5.736352205276489258e-01 2.231651917099952698e-02 -4.100941717624664307e-01
-8.055276870727539062e-01 1.858158782124519348e-02 -4.695432186126708984e-01
-1.035510659217834473e+00 6.349034607410430908e-03 -5.379968881607055664e-01
-4.579077959060668945e-01 1.292833313345909119e-02 -3.946403861045837402e-01
-5.893561244010925293e-01 1.595745608210563660e-02 -3.995095789432525635e-01
-3.736354112625122070e-01 2.386770397424697876e-02 -4.141677916049957275e-01
-3.069639205932617188e-01 1.650067418813705444e-02 -1.988874375820159912e-01
-2.762641906738281250e-01 1.490072906017303467e-02 -4.493584036827087402e-01
-2.306358218193054199e-01 9.203959256410598755e-03 -4.388369023799896240e-01
-2.449694275856018066e-01 -6.386756896972656250e-03 -3.962278366088867188e-01
-1.987845301628112793e-01 -1.116830855607986450e-02 -4.459694921970367432e-01
-1.584173440933227539e-01 4.443570971488952637e-03 -5.678693056106567383e-01
-1.353753805160522461e-01 2.615526318550109863e-03 -5.940855741500854492e-01
-7.205796241760253906e-02 1.791007816791534424e-03 -6.629007458686828613e-01
-6.051182746887207031e-02 4.805967211723327637e-03 -6.529605984687805176e-01
-2.515649795532226562e-02 7.174082100391387939e-03 -6.762704253196716309e-01
-1.052525043487548828e-01 -1.205548644065856934e-03 -6.624539494514465332e-01
-9.179818630218505859e-02 2.704039216041564941e-04 -6.678870916366577148e-01
4.912018775939941406e-03 -6.904408335685729980e-03 -4.947111010551452637e-01
-4.736649990081787109e-02 -2.170905470848083496e-03 -6.933964490890502930e-01
-8.324086666107177734e-02 -4.891648888587951660e-03 -5.874841213226318359e-01
-1.328530311584472656e-01 -7.715471088886260986e-03 -5.791479349136352539e-01
-1.441662311553955078e-01 -7.164843380451202393e-03 -6.393616795539855957e-01
-4.718756675720214844e-02 -5.594745278358459473e-03 -7.255027890205383301e-01
-2.411615848541259766e-02 1.202806830406188965e-03 -9.266577959060668945e-01
-1.930296421051025391e-02 -5.716420710086822510e-03 -8.652961850166320801e-01
2.896010875701904297e-02 -7.024340331554412842e-03 -7.712681889533996582e-01
5.964863300323486328e-02 -8.599065244197845459e-03 -8.813527822494506836e-01
1.122580766677856445e-01 -8.603848516941070557e-03 -1.003150224685668945e+00
1.388820409774780273e-01 -5.286276340484619141e-03 -1.102765917778015137e+00
9.340512752532958984e-02 -8.968628942966461182e-03 -9.838178157806396484e-01
6.748044490814208984e-02 -8.977055549621582031e-03 -1.055996656417846680e+00
1.389176845550537109e-01 1.205980777740478516e-03 -1.120007038116455078e+00
1.050481796264648438e-01 -1.490852236747741699e-02 -9.634250402450561523e-01
1.295528411865234375e-01 -4.423417150974273682e-03 -1.037137389183044434e+00
1.801156997680664062e-02 -1.198059320449829102e-02 -1.024676084518432617e+00
4.237699508666992188e-02 -1.012438535690307617e-02 -1.042339444160461426e+00
9.061634540557861328e-02 -8.955754339694976807e-03 -1.038616418838500977e+00
1.797767877578735352e-01 -1.364342123270034790e-02 -9.038239121437072754e-01
1.500443220138549805e-01 -1.390102505683898926e-02 -9.866377115249633789e-01
2.389152050018310547e-01 1.837632060050964355e-02 -1.299766540527343750e+00
1.431763172149658203e-01 9.474661201238632202e-03 -1.202317833900451660e+00
4.519927501678466797e-02 -6.460465490818023682e-03 -9.994491338729858398e-01
6.641077995300292969e-02 -8.119083940982818604e-03 -9.485280513763427734e-01
3.403699398040771484e-02 -1.384148746728897095e-02 -9.331045150756835938e-01
1.298255920410156250e-01 6.304040551185607910e-03 -1.240720272064208984e+00
-1.057517528533935547e-02 -7.273919880390167236e-03 -1.095614910125732422e+00
4.449224472045898438e-02 -2.303242683410644531e-03 -1.166438698768615723e+00
3.908753395080566406e-03 -2.692826092243194580e-03 -1.117333650588989258e+00
2.348601818084716797e-02 -2.965167164802551270e-03 -1.233750581741333008e+00
4.287946224212646484e-02 -1.205886155366897583e-02 -1.109021782875061035e+00
6.781899929046630859e-02 -9.771101176738739014e-03 -1.076023340225219727e+00
6.136941909790039062e-02 -7.080607116222381592e-03 -1.001271009445190430e+00
3.364193439483642578e-02 -4.117861390113830566e-03 -1.030631184577941895e+00
-8.429050445556640625e-03 -4.874594509601593018e-03 -1.083529233932495117e+00
5.472099781036376953e-02 -1.205342262983322144e-02 -9.938955903053283691e-01
5.289614200592041016e-02 -8.244693279266357422e-03 -1.101988792419433594e+00
4.399716854095458984e-02 -1.376383751630783081e-02 -1.039140224456787109e+00
3.092787265777587891e-01 2.056794241070747375e-02 -1.322582721710205078e+00
1.057417392730712891e-01 -1.586407423019409180e-03 -1.117493987083435059e+00
1.389981508255004883e-01 -3.233693540096282959e-03 -1.079084157943725586e+00
6.726896762847900391e-02 -8.886411786079406738e-03 -1.077351212501525879e+00
6.143665313720703125e-02 -4.332751035690307617e-03 -1.055515050888061523e+00
1.438665390014648438e-02 -8.271634578704833984e-04 -1.189096808433532715e+00
2.270090579986572266e-02 -1.748092472553253174e-03 -1.079300403594970703e+00
4.483592510223388672e-02 5.896389484405517578e-04 -1.088546514511108398e+00
4.077315330505371094e-03 -7.523894309997558594e-04 -1.194724202156066895e+00
-2.308011054992675781e-02 -9.326234459877014160e-03 -1.145221233367919922e+00
4.959857463836669922e-02 -1.610572636127471924e-02 -1.051033735275268555e+00
1.461591720581054688e-01 -2.088665962219238281e-02 -9.612372517585754395e-01
6.762123107910156250e-02 -1.944416016340255737e-02 -1.035357475280761719e+00
1.322838068008422852e-01 -1.993948966264724731e-02 -1.074273109436035156e+00
7.260298728942871094e-02 -1.399774104356765747e-02 -1.081739902496337891e+00
4.465472698211669922e-02 -4.707030951976776123e-03 -1.159714698791503906e+00
3.995048999786376953e-02 -1.397006213665008545e-03 -1.124307155609130859e+00
-7.758498191833496094e-03 -4.888907074928283691e-03 -1.174604296684265137e+00
-5.326318740844726562e-02 -5.889467895030975342e-03 -1.141799807548522949e+00
7.498264312744140625e-03 -1.702479273080825806e-02 -1.019889235496520996e+00
5.638599395751953125e-05 -2.033653110265731812e-02 -1.015110015869140625e+00
1.593830585479736328e-01 -1.695118099451065063e-02 -9.807283282279968262e-01
1.112033128738403320e-01 -1.957292854785919189e-02 -1.040799975395202637e+00
1.094665527343750000e-01 -1.993090659379959106e-02 -1.013703107833862305e+00
1.275035142898559570e-01 -1.935646682977676392e-02 -1.049043178558349609e+00
1.504874229431152344e-02 -1.697856932878494263e-02 -1.077157974243164062e+00
1.173917055130004883e-01 4.971042275428771973e-03 -1.151050090789794922e+00
-4.436719417572021484e-02 -2.568073570728302002e-03 -1.098599910736083984e+00
-1.055432558059692383e-01 -5.378887057304382324e-03 -1.083650588989257812e+00
7.114410400390625000e-04 -1.588749140501022339e-02 -1.096214532852172852e+00
-8.022546768188476562e-03 -2.269586920738220215e-02 -1.092347621917724609e+00
-6.067276000976562500e-03 -2.477668970823287964e-02 -1.037650346755981445e+00
3.826391696929931641e-02 -1.779653877019882202e-02 -1.060539960861206055e+00
5.750501155853271484e-02 -1.840837299823760986e-02 -1.035260915756225586e+00
5.767869949340820312e-02 -1.177901029586791992e-02 -1.068724989891052246e+00
7.663607597351074219e-03 -2.185314893722534180e-03 -1.104113936424255371e+00
2.297605276107788086e-01 1.772608980536460876e-02 -1.235193371772766113e+00
6.149125099182128906e-02 9.134445339441299438e-03 -1.254083156585693359e+00
2.598154544830322266e-02 7.657844573259353638e-03 -1.221713781356811523e+00
8.830785751342773438e-03 2.114228904247283936e-03 -1.063067436218261719e+00
9.515726566314697266e-02 -1.183715462684631348e-02 -9.858429431915283203e-01
5.916917324066162109e-02 -7.528282701969146729e-03 -1.059895753860473633e+00
1.106691360473632812e-02 -7.420495152473449707e-03 -1.136277914047241211e+00
1.152520179748535156e-01 3.371566534042358398e-03 -1.293690919876098633e+00
8.126342296600341797e-02 -1.634780317544937134e-02 -9.835078716278076172e-01
7.365572452545166016e-02 -1.458422839641571045e-02 -1.032790541648864746e+00
1.051541566848754883e-01 -1.210442930459976196e-02 -9.655100107192993164e-01
5.344688892364501953e-02 -2.819798886775970459e-03 -1.099080324172973633e+00
7.508623600006103516e-02 -1.068454235792160034e-02 -1.063263297080993652e+00
9.163391590118408203e-02 -1.400508731603622437e-02 -9.736678600311279297e-01
7.744872570037841797e-02 -1.281131058931350708e-02 -1.070331096649169922e+00
1.194667816162109375e-02 -1.513433456420898438e-02 -1.054121971130371094e+00
5.618047714233398438e-02 -1.188801229000091553e-02 -1.073553919792175293e+00
3.838443756103515625e-02 -3.703907132148742676e-03 -1.132836103439331055e+00
5.583083629608154297e-02 -4.146799445152282715e-03 -1.101104974746704102e+00
3.989136219024658203e-02 -7.576525211334228516e-03 -1.068841695785522461e+00
3.301870822906494141e-02 -1.192444562911987305e-02 -1.023401856422424316e+00
3.993308544158935547e-02 -1.694343984127044678e-02 -9.253480434417724609e-01
5.501258373260498047e-02 -1.501318067312240601e-02 -9.387233257293701172e-01
1.115459203720092773e-01 -1.671556383371353149e-02 -9.318464994430541992e-01
8.763846158981323242e-01 3.947683423757553101e-02 -9.908696413040161133e-01
1.149432659149169922e-01 -1.607194542884826660e-03 -9.645129442214965820e-01
1.610076427459716797e-01 -8.931152522563934326e-03 -8.914775848388671875e-01
9.413409233093261719e-02 -2.111054956912994385e-02 -1.018189072608947754e+00
5.918920040130615234e-02 -1.053135097026824951e-02 -1.025923371315002441e+00
7.677936553955078125e-02 -8.593946695327758789e-03 -9.338591098785400391e-01
4.975473880767822266e-02 -1.376320421695709229e-02 -9.291561841964721680e-01
7.431721687316894531e-02 -7.334291934967041016e-03 -9.659929871559143066e-01
1.735472679138183594e-02 -9.381659328937530518e-03 -9.160899519920349121e-01
6.853961944580078125e-02 -8.180566132068634033e-03 -8.618791103363037109e-01
4.762613773345947266e-02 -1.156999170780181885e-02 -8.547545671463012695e-01
6.412780284881591797e-02 4.767052829265594482e-03 -1.042855858802795410e+00
8.783745765686035156e-02 2.182401716709136963e-03 -1.063739299774169922e+00
1.438903808593750000e-02 -3.882989287376403809e-03 -9.733437299728393555e-01
2.273535728454589844e-02 -5.924284458160400391e-03 -1.025209426879882812e+00
2.554392814636230469e-02 -1.410919427871704102e-02 -9.924913644790649414e-01
7.437467575073242188e-02 -3.244012594223022461e-03 -1.084003567695617676e+00
7.330191135406494141e-02 -6.127156317234039307e-03 -1.043627023696899414e+00
9.895598888397216797e-02 -7.086284458637237549e-03 -9.782283902168273926e-01
7.335031032562255859e-02 -8.422434329986572266e-03 -9.715470671653747559e-01
6.164896488189697266e-02 -1.027421653270721436e-02 -9.782315492630004883e-01
2.331399917602539062e-02 -1.245799660682678223e-02 -9.493080377578735352e-01
3.355765342712402344e-02 -1.196895539760589600e-02 -9.429368972778320312e-01
3.322827816009521484e-02 -1.197773963212966919e-02 -9.500482082366943359e-01
5.705916881561279297e-02 -8.665770292282104492e-03 -9.515550136566162109e-01
4.608476161956787109e-02 -9.996399283409118652e-03 -9.000345468521118164e-01
2.153086662292480469e-02 -8.627034723758697510e-03 -9.655215144157409668e-01
2.795612812042236328e-02 -1.147978007793426514e-02 -9.812747240066528320e-01
1.454114913940429688e-02 -2.036608010530471802e-02 -9.056028127670288086e-01
2.059113979339599609e-02 -2.305651456117630005e-02 -9.384993314743041992e-01
2.389609813690185547e-02 -1.447767764329910278e-02 -9.310364127159118652e-01
5.703961849212646484e-02 -1.091596484184265137e-02 -9.069504737854003906e-01
8.286762237548828125e-02 -1.074241101741790771e-02 -9.320585131645202637e-01
6.016051769256591797e-02 -1.244125515222549438e-02 -9.174695611000061035e-01
1.017252206802368164e-01 -1.899893581867218018e-02 -9.207779169082641602e-01
7.405114173889160156e-02 -2.262967824935913086e-02 -9.005412459373474121e-01
6.953930854797363281e-02 -2.509228140115737915e-02 -8.937640190124511719e-01
9.412908554077148438e-02 -2.182921022176742554e-02 -9.135044217109680176e-01
6.947529315948486328e-02 -2.238672226667404175e-02 -9.346437454223632812e-01
5.067157745361328125e-02 -2.648763358592987061e-02 -9.311743974685668945e-01
8.608317375183105469e-02 -2.076347917318344116e-02 -9.193698167800903320e-01
5.967009067535400391e-02 -2.218186110258102417e-02 -9.999246597290039062e-01
7.136547565460205078e-02 -1.129489392042160034e-02 -1.237563967704772949e+00
6.097853183746337891e-02 -1.782112568616867065e-02 -9.866099953651428223e-01
3.462576866149902344e-02 -1.657605916261672974e-02 -9.820431470870971680e-01
2.227553129196166992e-01 -8.310362696647644043e-03 -9.981534481048583984e-01
2.803480625152587891e-02 -1.995272189378738403e-02 -9.597938656806945801e-01
6.985723972320556641e-02 -2.067033201456069946e-02 -8.559539318084716797e-01
5.200433731079101562e-02 -2.123230695724487305e-02 -8.409826159477233887e-01
6.087028980255126953e-02 -1.708457618951797485e-02 -9.646586775779724121e-01
2.529120445251464844e-02 -1.629035919904708862e-02 -1.022009015083312988e+00
8.718132972717285156e-03 -2.167527377605438232e-02 -9.613892436027526855e-01
3.712499141693115234e-02 -2.224721014499664307e-02 -9.075433015823364258e-01
4.681646823883056641e-02 -1.800911128520965576e-02 -8.442548513412475586e-01
1.033309698104858398e-01 -1.504948735237121582e-02 -9.201473593711853027e-01
1.332471370697021484e-01 -1.752232760190963745e-02 -9.509561657905578613e-01
8.291685581207275391e-02 -1.575385779142379761e-02 -9.508657455444335938e-01
8.535623550415039062e-03 -1.492257416248321533e-02 -9.996132850646972656e-01
5.299544334411621094e-02 -1.222583651542663574e-02 -9.688832759857177734e-01
5.454552173614501953e-02 -1.207840442657470703e-02 -9.362324476242065430e-01
5.108082294464111328e-02 -1.581463962793350220e-02 -1.011625409126281738e+00
5.424976348876953125e-03 -2.238029241561889648e-02 -1.055203914642333984e+00
-1.382589340209960938e-03 -2.014944702386856079e-02 -9.998106360435485840e-01
8.447968959808349609e-02 -2.031866461038589478e-02 -1.069682836532592773e+00
3.635215759277343750e-02 -1.422653347253799438e-02 -1.084616780281066895e+00
7.910597324371337891e-02 -1.818018406629562378e-02 -1.032129049301147461e+00
3.444707393646240234e-02 -2.259041368961334229e-02 -9.386261701583862305e-01
3.088319301605224609e-02 -2.115412801504135132e-02 -9.889465570449829102e-01
2.653121948242187500e-02 -1.847961544990539551e-02 -9.754658937454223633e-01
6.669867038726806641e-02 -1.535981148481369019e-02 -1.008895754814147949e+00
1.198101043701171875e-02 -1.620177924633026123e-02 -9.632404446601867676e-01
-4.031658172607421875e-03 -7.945977151393890381e-03 -9.787274599075317383e-01
1.974487304687500000e-02 -3.277733922004699707e-04 -1.081734895706176758e+00
7.755756378173828125e-03 -9.632170200347900391e-03 -1.070512771606445312e+00
4.047000408172607422e-02 -2.044416218996047974e-02 -9.169235825538635254e-01
2.180149555206298828e-01 -1.628924906253814697e-02 -9.285362958908081055e-01
3.601509332656860352e-01 5.699878558516502380e-02 -1.524915218353271484e+00
1.290867328643798828e-01 -1.343416422605514526e-02 -9.170895814895629883e-01
8.082783222198486328e-02 -2.197913825511932373e-03 -1.118016481399536133e+00
-2.927029132843017578e-02 1.452805846929550171e-02 -1.271247386932373047e+00
-6.309580802917480469e-02 9.389054030179977417e-03 -1.259955286979675293e+00
-4.453575611114501953e-02 -1.335106790065765381e-03 -1.147140741348266602e+00
-7.174885272979736328e-02 -8.024573326110839844e-04 -1.145880460739135742e+00
-7.920277118682861328e-02 -3.049008548259735107e-03 -1.104597330093383789e+00
-4.687869548797607422e-02 -3.199726343154907227e-04 -1.107681274414062500e+00
-1.068830490112304688e-03 4.339739680290222168e-04 -1.155587077140808105e+00
8.317589759826660156e-03 5.259141325950622559e-04 -1.178030371665954590e+00
-2.304446697235107422e-02 -8.069515228271484375e-03 -1.072491526603698730e+00
-2.628922462463378906e-03 -6.038248538970947266e-04 -1.021931052207946777e+00
-2.760708332061767578e-02 -6.557255983352661133e-04 -1.158264636993408203e+00
-8.233666419982910156e-03 -8.677676320075988770e-03 -1.081248283386230469e+00
7.078564167022705078e-02 1.317607611417770386e-02 -1.254750609397888184e+00
-3.398132324218750000e-02 -2.346932888031005859e-03 -1.096556186676025391e+00
-4.978060722351074219e-02 -3.133088350296020508e-03 -1.036963939666748047e+00
3.710949420928955078e-02 -4.764333367347717285e-03 -1.097721695899963379e+00
-9.639549255371093750e-02 4.544630646705627441e-03 -1.153905034065246582e+00
3.206765651702880859e-02 -9.219862520694732666e-03 -1.072302579879760742e+00
3.591775894165039062e-03 -4.624508321285247803e-03 -1.137538433074951172e+00
7.117462158203125000e-02 -8.491702377796173096e-03 -9.880541563034057617e-01
-3.152489662170410156e-03 -1.093955338001251221e-02 -1.035032153129577637e+00
-5.138432979583740234e-02 -3.643691539764404297e-03 -1.110324263572692871e+00
1.408946514129638672e-02 -3.136813640594482422e-03 -1.064858794212341309e+00
-8.087515830993652344e-03 -9.961642324924468994e-03 -1.031817793846130371e+00
2.281367778778076172e-02 -2.233007550239562988e-02 -9.270097613334655762e-01
1.637804508209228516e-02 -2.036187797784805298e-02 -1.028289675712585449e+00
8.920419216156005859e-02 -1.605030149221420288e-02 -1.016643404960632324e+00
4.918932914733886719e-03 -8.212238550186157227e-03 -1.030711889266967773e+00
-4.559087753295898438e-02 -3.673583269119262695e-03 -1.161654114723205566e+00
2.063822746276855469e-02 3.715738654136657715e-03 -1.259265422821044922e+00
1.315265893936157227e-01 8.625563234090805054e-03 -1.278196096420288086e+00
-4.888749122619628906e-02 -1.249474287033081055e-02 -1.109891653060913086e+00
-2.443695068359375000e-02 -9.953930974006652832e-03 -1.114133954048156738e+00
9.520399570465087891e-02 8.004024624824523926e-03 -1.060098290443420410e+00
1.099205017089843750e-02 -2.023018896579742432e-03 -1.026765346527099609e+00
7.041788101196289062e-02 7.944643497467041016e-03 -1.258953332901000977e+00
2.585208415985107422e-02 -1.937590539455413818e-03 -1.147145986557006836e+00
9.674656391143798828e-02 -9.423345327377319336e-04 -1.075102925300598145e+00
1.771283149719238281e-01 3.600209951400756836e-03 -1.156846761703491211e+00
5.926573276519775391e-02 -9.813785552978515625e-03 -9.716764688491821289e-01
5.112373828887939453e-02 -1.558342576026916504e-02 -1.015423536300659180e+00
3.358745574951171875e-02 -2.181999385356903076e-02 -9.443550705909729004e-01
4.570829868316650391e-02 -2.673568576574325562e-02 -9.414684772491455078e-01
6.871700286865234375e-03 -1.686062663793563843e-02 -9.421659708023071289e-01
4.359757900238037109e-02 -1.308888196945190430e-02 -9.219863414764404297e-01
7.861375808715820312e-03 -1.586988568305969238e-03 -1.162197232246398926e+00
5.872547626495361328e-02 -1.139333099126815796e-02 -9.959310889244079590e-01
9.127295017242431641e-02 -1.159829646348953247e-02 -9.449334144592285156e-01
9.305644035339355469e-02 -6.165094673633575439e-03 -9.105107784271240234e-01
1.233068704605102539e-01 2.588212490081787109e-03 -1.003064632415771484e+00
1.131936311721801758e-01 9.250748902559280396e-03 -1.158818483352661133e+00
3.697550296783447266e-02 -2.055205404758453369e-03 -9.512469172477722168e-01
1.118789911270141602e-01 -3.057748079299926758e-03 -9.991724491119384766e-01
2.023617029190063477e-01 4.303388297557830811e-03 -1.049597859382629395e+00
1.631323099136352539e-01 -6.725199520587921143e-03 -1.043447613716125488e+00
1.631001234054565430e-01 7.585745304822921753e-03 -1.192523717880249023e+00
1.241970062255859375e-02 -1.111353933811187744e-02 -1.113099575042724609e+00
6.313204765319824219e-03 -1.264779269695281982e-02 -1.044157385826110840e+00
5.121088027954101562e-02 -1.306033134460449219e-02 -9.979046583175659180e-01
3.679728507995605469e-02 -8.317552506923675537e-03 -1.008508801460266113e+00
4.701805114746093750e-02 -2.419039607048034668e-03 -1.065464019775390625e+00
2.382791042327880859e-02 -6.570689380168914795e-03 -1.005602836608886719e+00
-7.333731651306152344e-02 -3.998681902885437012e-03 -1.118146181106567383e+00
1.685333251953125000e-02 -7.709249854087829590e-03 -1.117003679275512695e+00
-3.344666957855224609e-02 -1.055489480495452881e-02 -1.113553166389465332e+00
9.914636611938476562e-03 -6.352156400680541992e-03 -1.142812967300415039e+00
-8.957386016845703125e-03 -1.203775405883789062e-03 -1.175142049789428711e+00
-4.349005222320556641e-02 -6.397441029548645020e-03 -1.161365747451782227e+00
-4.587376117706298828e-02 -2.127543091773986816e-03 -1.093915462493896484e+00
7.187128067016601562e-03 -9.865283966064453125e-03 -9.949457645416259766e-01
-2.497756481170654297e-02 -9.373627603054046631e-03 -1.028239965438842773e+00
-5.040574073791503906e-02 -1.009337604045867920e-02 -1.029971718788146973e+00
-1.081485748291015625e-01 -1.509965956211090088e-02 -1.190161943435668945e+00
1.095619201660156250e-01 -5.681589245796203613e-03 -9.877164363861083984e-01
1.042892932891845703e-01 -2.379827201366424561e-03 -1.185923695564270020e+00
1.743742227554321289e-01 2.585981041193008423e-02 -1.454392194747924805e+00
4.617440700531005859e-02 -5.846217274665832520e-03 -1.120095849037170410e+00
1.103806495666503906e-02 -4.824504256248474121e-03 -1.153636217117309570e+00
1.430058479309082031e-02 4.677906632423400879e-03 -1.127488374710083008e+00
6.209123134613037109e-02 9.437739849090576172e-03 -1.219798088073730469e+00
-3.912675380706787109e-02 -4.385493695735931396e-03 -1.113460302352905273e+00
-1.040697097778320312e-02 -2.900287508964538574e-03 -1.100436449050903320e+00
-6.789779663085937500e-02 -6.740845739841461182e-03 -1.159361958503723145e+00
-6.119167804718017578e-02 -7.409326732158660889e-03 -1.166668176651000977e+00
-2.770125865936279297e-02 6.881505250930786133e-04 -1.242909193038940430e+00
-6.028652191162109375e-02 -2.030111849308013916e-03 -1.172063469886779785e+00
8.335113525390625000e-04 -2.737149596214294434e-03 -1.065824151039123535e+00
4.686594009399414062e-03 -1.354733109474182129e-02 -1.055265665054321289e+00
7.514476776123046875e-03 1.109614968299865723e-04 -1.055895328521728516e+00
-1.241731643676757812e-02 8.763372898101806641e-04 -1.138552665710449219e+00
-4.109442234039306641e-02 -4.802659153938293457e-03 -1.111876249313354492e+00
-7.250177860260009766e-02 -4.516251385211944580e-03 -1.067436695098876953e+00
2.770447731018066406e-02 -6.233677268028259277e-04 -1.177832961082458496e+00
2.313699722290039062e-01 2.619157359004020691e-02 -1.344365596771240234e+00
2.208354473114013672e-01 6.556123495101928711e-03 -1.322287559509277344e+00
2.489075660705566406e-01 4.380785301327705383e-02 -1.696819424629211426e+00
5.369186401367187500e-04 -6.709024310111999512e-03 -1.091334819793701172e+00
3.118062019348144531e-02 -5.639493465423583984e-03 -1.129512548446655273e+00
1.351678371429443359e-02 2.027995884418487549e-03 -1.102598190307617188e+00
-1.074635982513427734e-02 -6.399974226951599121e-04 -1.084708094596862793e+00
-5.887997150421142578e-02 -7.315844297409057617e-03 -1.058408260345458984e+00
-4.324352741241455078e-02 -7.457517087459564209e-03 -1.079720497131347656e+00
-4.243326187133789062e-02 -1.395690441131591797e-02 -1.085053443908691406e+00
-5.717086791992187500e-02 -1.259705424308776855e-02 -1.086869001388549805e+00
-5.590248107910156250e-02 -1.007005572319030762e-02 -1.191275119781494141e+00
2.247750759124755859e-02 -1.403752714395523071e-02 -1.109143018722534180e+00
3.067100048065185547e-02 -1.318444311618804932e-02 -1.036439061164855957e+00
1.097202301025390625e-02 -6.403461098670959473e-03 -1.091150999069213867e+00
7.650983333587646484e-02 -1.689001917839050293e-03 -9.467367529869079590e-01
-2.823615074157714844e-02 -7.183961570262908936e-03 -1.107119321823120117e+00
7.217049598693847656e-03 1.691132783889770508e-03 -1.228719234466552734e+00
-1.313805580139160156e-02 -6.700068712234497070e-03 -1.053638577461242676e+00
4.773342609405517578e-02 -1.927641779184341431e-02 -9.692568778991699219e-01
3.287565708160400391e-02 -9.129472076892852783e-03 -1.005579352378845215e+00
1.719835996627807617e-01 -5.312778055667877197e-03 -1.055853366851806641e+00
1.825296878814697266e-01 2.435525879263877869e-02 -1.343692302703857422e+00
2.358806133270263672e-02 -3.626413643360137939e-03 -1.063551664352416992e+00
-1.105022430419921875e-02 -1.203843951225280762e-02 -1.115845441818237305e+00
-1.829898357391357422e-02 -8.868627250194549561e-03 -1.093183040618896484e+00
1.068866252899169922e-02 3.561384975910186768e-03 -1.187109470367431641e+00
-3.637349605560302734e-02 2.727955579757690430e-03 -1.174360632896423340e+00
-7.849133014678955078e-02 3.368034958839416504e-03 -1.184877753257751465e+00
-7.173585891723632812e-02 1.307204365730285645e-04 -1.168995141983032227e+00
5.892646312713623047e-02 1.103162765502929688e-03 -1.183506250381469727e+00
4.727232456207275391e-02 -3.656744956970214844e-04 -1.190802335739135742e+00
5.105960369110107422e-02 5.231872200965881348e-04 -1.136010169982910156e+00
1.453504562377929688e-01 8.910745382308959961e-04 -1.085823893547058105e+00
-6.538629531860351562e-04 -1.070439070463180542e-02 -1.120534420013427734e+00
-2.885293960571289062e-02 -9.671114385128021240e-03 -1.058976769447326660e+00
4.893088340759277344e-02 -4.035636782646179199e-03 -9.899646043777465820e-01
2.486109733581542969e-02 -9.910687804222106934e-04 -1.131790399551391602e+00
-3.249657154083251953e-02 -2.429954707622528076e-03 -1.097380518913269043e+00
-5.432879924774169922e-02 -7.811486721038818359e-03 -1.151024460792541504e+00
-6.880104541778564453e-02 -7.171526551246643066e-03 -1.147592782974243164e+00
4.110133647918701172e-02 -9.381353855133056641e-03 -1.006175994873046875e+00
1.894724369049072266e-02 -7.309176027774810791e-03 -1.123642921447753906e+00
-2.049303054809570312e-02 1.375822350382804871e-02 -1.437547802925109863e+00
3.417491912841796875e-03 -8.553147315979003906e-03 -1.086564421653747559e+00
2.543926239013671875e-03 -6.686493754386901855e-03 -1.075109839439392090e+00
3.336083889007568359e-02 -6.307423114776611328e-03 -1.037224173545837402e+00
-3.129374980926513672e-02 -6.807148456573486328e-04 -1.091379761695861816e+00
3.400468826293945312e-02 -3.626570105552673340e-03 -1.026113033294677734e+00
-6.312584877014160156e-02 1.195430755615234375e-03 -1.147847294807434082e+00
1.163434982299804688e-02 -6.926923990249633789e-03 -1.029217720031738281e+00
-1.058018207550048828e-02 -5.980379879474639893e-03 -1.057763814926147461e+00
9.757876396179199219e-03 -1.517525315284729004e-02 -9.994632005691528320e-01
5.297064781188964844e-03 -6.861865520477294922e-03 -1.075293421745300293e+00
6.837129592895507812e-03 -9.461380541324615479e-03 -1.009929418563842773e+00
-3.886461257934570312e-03 -4.043027758598327637e-03 -1.060903668403625488e+00
3.102171421051025391e-02 -1.602282375097274780e-02 -9.793810248374938965e-01
6.104207038879394531e-02 -7.767401635646820068e-03 -1.145674467086791992e+00
1.146641850471496582e+00 5.033530667424201965e-02 -1.247924089431762695e+00
1.860511302947998047e-02 -2.344615757465362549e-03 -1.116634368896484375e+00
3.218576908111572266e-01 2.288608998060226440e-02 -1.094848990440368652e+00
5.742125511169433594e-01 3.747874125838279724e-02 -1.029591083526611328e+00
1.352666974067687988e+00 8.692221343517303467e-02 -1.588081359863281250e+00
4.838708639144897461e-01 5.917914956808090210e-02 -1.403840780258178711e+00
6.718547344207763672e-01 5.620998516678810120e-02 -1.528059840202331543e+00
5.019611120223999023e-01 3.032427653670310974e-02 -1.341949939727783203e+00
5.542739629745483398e-01 5.289780348539352417e-02 -1.456470131874084473e+00
1.463508605957031250e-02 5.057163536548614502e-03 -9.503374099731445312e-01
1.294523477554321289e-01 -4.391632974147796631e-03 -9.351376891136169434e-01
7.938158512115478516e-02 -8.576340973377227783e-03 -9.615166187286376953e-01
8.031105995178222656e-02 -1.169519871473312378e-02 -9.755659699440002441e-01
9.187662601470947266e-02 -3.860838711261749268e-03 -1.042469382286071777e+00
7.251298427581787109e-02 -3.585785627365112305e-03 -1.003609418869018555e+00
-7.986342906951904297e-02 -9.049631655216217041e-03 -7.286964654922485352e-01
-1.337734460830688477e-01 -1.040092110633850098e-02 -4.434722065925598145e-01
-1.633608341217041016e-02 -8.199140429496765137e-03 -6.707854866981506348e-01
7.004439830780029297e-02 -1.091156154870986938e-02 -7.302483916282653809e-01
9.376811981201171875e-02 -4.847101867198944092e-03 -9.650194644927978516e-01
1.665023565292358398e-01 2.849102020263671875e-05 -9.549092054367065430e-01
2.021417617797851562e-01 8.730366826057434082e-04 -1.096016645431518555e+00
2.281377315521240234e-01 -3.248199820518493652e-03 -9.894006252288818359e-01
3.257639408111572266e-01 9.099874645471572876e-03 -1.014758467674255371e+00
4.583812952041625977e-01 6.573766469955444336e-03 -9.893000125885009766e-01
8.380199670791625977e-01 4.758721962571144104e-02 -1.389695286750793457e+00
7.226134538650512695e-01 2.867339551448822021e-02 -1.082376837730407715e+00
8.259562253952026367e-01 2.503553777933120728e-02 -1.063098192214965820e+00
9.352103471755981445e-01 2.924101427197456360e-02 -1.056820869445800781e+00
6.454446315765380859e-01 -6.914436817169189453e-03 -5.733508467674255371e-01
6.816607713699340820e-01 -7.719270884990692139e-03 -5.223305821418762207e-01
8.311959505081176758e-01 -7.426135241985321045e-03 -6.507055759429931641e-01
7.868082523345947266e-01 -1.115155220031738281e-02 -5.861948728561401367e-01
8.431366682052612305e-01 -9.458333253860473633e-03 -5.742925405502319336e-01
8.937615156173706055e-01 -1.952974498271942139e-02 -4.308266639709472656e-01
7.740740776062011719e-01 -2.649762481451034546e-02 -3.796475827693939209e-01
8.081815242767333984e-01 -4.162991791963577271e-02 -3.789504170417785645e-01
7.698775529861450195e-01 -4.500806331634521484e-02 -2.523560822010040283e-01
7.918179035186767578e-01 -3.966829180717468262e-02 -2.192474603652954102e-01
8.609508275985717773e-01 -2.453729510307312012e-02 -2.050627768039703369e-01
8.173395395278930664e-01 -8.378975093364715576e-03 -1.354810595512390137e-01
6.825463771820068359e-01 -9.434916079044342041e-03 -1.187399029731750488e-01
5.386186838150024414e-01 -1.085944473743438721e-02 -2.059370279312133789e-02
5.469009876251220703e-01 -1.478061079978942871e-03 -6.104350090026855469e-03
4.824297428131103516e-01 -1.646319031715393066e-02 4.835975170135498047e-02
4.914132356643676758e-01 -9.194895625114440918e-03 6.268334388732910156e-02
6.128324270248413086e-01 -4.214689135551452637e-03 8.524984121322631836e-02
6.617492437362670898e-01 2.337761223316192627e-03 1.201173663139343262e-01
6.185232400894165039e-01 3.421418368816375732e-03 2.923502922058105469e-01
7.680363655090332031e-01 1.131254434585571289e-02 3.448376655578613281e-01
5.029808282852172852e-01 9.549632668495178223e-04 2.561268806457519531e-01
4.044011831283569336e-01 -5.753390491008758545e-03 4.247094392776489258e-01
3.462271690368652344e-01 -1.231148093938827515e-02 4.500689506530761719e-01
5.472028255462646484e-01 -7.216922938823699951e-03 5.692018270492553711e-01
4.152987003326416016e-01 -9.094618260860443115e-03 5.374456644058227539e-01
3.058139085769653320e-01 -1.156874746084213257e-02 5.886224508285522461e-01
4.271825551986694336e-01 -1.292564719915390015e-02 8.770695924758911133e-01
4.723665714263916016e-01 -1.000420749187469482e-02 8.528007268905639648e-01
2.842682600021362305e-01 -7.526651024818420410e-03 6.579654216766357422e-01
1.566932201385498047e-01 -1.047427207231521606e-02 6.725933551788330078e-01
6.973659992218017578e-02 -8.601136505603790283e-03 6.452684402465820312e-01
1.518005132675170898e-01 -9.439036250114440918e-03 7.061233520507812500e-01
2.773991823196411133e-01 -1.003861427307128906e-02 7.036789655685424805e-01
2.185342311859130859e-01 -1.671032607555389404e-02 6.913292407989501953e-01
1.723078489303588867e-01 -1.755080372095108032e-02 6.299687623977661133e-01
1.153277158737182617e-01 -1.393574476242065430e-02 6.655930280685424805e-01
1.061043739318847656e-01 -9.541727602481842041e-03 6.303821802139282227e-01
2.211916446685791016e-02 -7.359243929386138916e-03 5.598555803298950195e-01
-7.670831680297851562e-02 -8.753433823585510254e-03 5.182061195373535156e-01
-5.073666572570800781e-03 -2.166241407394409180e-03 8.324028253555297852e-01
-4.377961158752441406e-03 -3.618910908699035645e-03 9.419950246810913086e-01
3.207874298095703125e-02 -6.626613438129425049e-03 9.588885307312011719e-01
2.606904506683349609e-02 -1.376713067293167114e-02 9.513031244277954102e-01
4.634392261505126953e-02 -1.089651137590408325e-02 9.454834461212158203e-01
2.366733551025390625e-02 -1.111920177936553955e-02 9.615834951400756836e-01
5.797684192657470703e-02 -2.031891793012619019e-02 8.795056343078613281e-01
4.918122291564941406e-02 -1.912613958120346069e-02 8.431001901626586914e-01
4.140722751617431641e-02 -1.989592611789703369e-02 7.874715328216552734e-01
-1.100969314575195312e-02 -1.271319389343261719e-02 8.009836673736572266e-01
-3.172433376312255859e-02 -2.542406320571899414e-03 9.176846742630004883e-01
-3.464603424072265625e-02 -6.235398352146148682e-03 9.480725526809692383e-01
-6.479024887084960938e-03 -6.576225161552429199e-03 9.595865011215209961e-01
9.631752967834472656e-03 -3.712773323059082031e-03 9.646133184432983398e-01
-1.134741306304931641e-02 -4.769779741764068604e-03 9.231163263320922852e-01
-1.976013183593750000e-03 -6.558276712894439697e-03 9.698574542999267578e-01
8.012056350708007812e-04 -7.338911294937133789e-03 1.038724064826965332e+00
-2.739381790161132812e-02 -5.583822727203369141e-03 1.019704461097717285e+00
1.513123512268066406e-02 -6.583631038665771484e-03 9.623262882232666016e-01
-4.431426525115966797e-02 -1.603019237518310547e-02 8.301005363464355469e-01
3.944385051727294922e-02 -1.392801851034164429e-02 8.847821950912475586e-01
-1.913523674011230469e-02 -7.631778717041015625e-03 9.236892461776733398e-01
-5.186152458190917969e-02 -9.049400687217712402e-04 1.067856550216674805e+00
-5.048704147338867188e-02 -3.477916121482849121e-03 1.000198721885681152e+00
7.474422454833984375e-03 -1.199679076671600342e-02 1.002321243286132812e+00
3.604400157928466797e-02 -1.758305728435516357e-02 9.635924100875854492e-01
4.078924655914306641e-02 -1.651262491941452026e-02 9.487156867980957031e-01
2.794969081878662109e-02 -1.438488811254501343e-02 9.346092939376831055e-01
-3.210592269897460938e-02 -9.622037410736083984e-03 9.922276735305786133e-01
2.873587608337402344e-02 -1.205455511808395386e-02 9.917651414871215820e-01
3.080248832702636719e-02 -1.041542738676071167e-02 9.584922790527343750e-01
-2.463030815124511719e-02 -7.168874144554138184e-03 1.078198313713073730e+00
-1.583147048950195312e-02 -4.972293972969055176e-04 1.210592389106750488e+00
-6.690025329589843750e-02 -9.389817714691162109e-04 9.720588922500610352e-01
-4.305160045623779297e-02 -3.306761384010314941e-03 9.909430742263793945e-01
-3.013455867767333984e-02 -2.545677125453948975e-03 9.572137594223022461e-01
-4.000687599182128906e-02 -3.700889647006988525e-03 1.108511805534362793e+00
3.844809532165527344e-02 -1.035009324550628662e-02 1.096270442008972168e+00
-8.420705795288085938e-03 5.271881818771362305e-03 1.031964182853698730e+00
-4.719734191894531250e-02 -8.671507239341735840e-04 9.776829481124877930e-01
-3.762483596801757812e-02 -3.349967300891876221e-03 9.840487241744995117e-01
2.632856369018554688e-03 -7.887676358222961426e-03 1.049113631248474121e+00
9.765148162841796875e-03 -1.286149024963378906e-03 1.176485300064086914e+00
3.000617027282714844e-03 -7.972225546836853027e-03 1.140544295310974121e+00
-2.329587936401367188e-02 -9.508326649665832520e-03 1.033302545547485352e+00
-2.713370323181152344e-02 -5.692981183528900146e-03 1.135061264038085938e+00
3.114581108093261719e-03 -6.894417107105255127e-03 1.061705589294433594e+00
1.905715465545654297e-02 -6.073772907257080078e-03 1.123512625694274902e+00
2.322351932525634766e-02 -7.056586444377899170e-03 1.041679382324218750e+00
5.028772354125976562e-02 -1.961648464202880859e-03 1.020583271980285645e+00
3.199017047882080078e-02 4.428967833518981934e-03 1.055894017219543457e+00
2.289307117462158203e-02 1.633696258068084717e-03 1.193394541740417480e+00
-5.558574199676513672e-02 1.237258315086364746e-03 1.003553867340087891e+00
-4.781365394592285156e-03 -2.528756856918334961e-03 1.010546326637268066e+00
1.230084896087646484e-02 -1.218964904546737671e-02 1.002579331398010254e+00
6.600379943847656250e-03 -5.288258194923400879e-03 1.054064750671386719e+00
-4.218459129333496094e-03 -9.025953710079193115e-03 1.085857987403869629e+00
-8.303821086883544922e-02 -7.085502147674560547e-05 1.020829677581787109e+00
-4.167926311492919922e-02 -3.113105893135070801e-03 8.859230279922485352e-01
-3.176927566528320312e-02 -2.190224826335906982e-03 9.624207019805908203e-01
-1.846849918365478516e-02 2.856463193893432617e-03 1.128156542778015137e+00
-6.924486160278320312e-02 3.525309264659881592e-03 1.066771507263183594e+00
-3.358209133148193359e-02 -1.426570862531661987e-02 1.055023789405822754e+00
-3.150224685668945312e-02 -4.601754248142242432e-03 1.005473732948303223e+00
-7.675540447235107422e-02 -4.816040396690368652e-03 9.655289649963378906e-01
1.636624336242675781e-03 -8.538886904716491699e-03 1.063491106033325195e+00
-1.960110664367675781e-02 -7.031008601188659668e-03 1.060022115707397461e+00
2.127373218536376953e-02 -1.031095534563064575e-02 1.042266011238098145e+00
7.384300231933593750e-02 -3.389611840248107910e-03 9.944139719009399414e-01
4.043650627136230469e-02 -9.815469384193420410e-04 1.147157669067382812e+00
-1.480458974838256836e-01 6.206803023815155029e-03 1.244535565376281738e+00
4.655361175537109375e-03 2.038091421127319336e-03 1.042939186096191406e+00
-5.357265472412109375e-04 -2.591624855995178223e-03 1.116718769073486328e+00
1.670622825622558594e-02 -9.428322315216064453e-03 1.063317418098449707e+00
8.064389228820800781e-03 -6.294883787631988525e-03 1.092687726020812988e+00
5.916357040405273438e-02 -1.556119322776794434e-02 1.125660538673400879e+00
1.210319995880126953e-02 -1.298759132623672485e-02 1.095775008201599121e+00
-2.396523952484130859e-02 -7.963038980960845947e-03 1.044964551925659180e+00
-3.218770027160644531e-02 8.790593594312667847e-03 1.024230837821960449e+00
-5.973577499389648438e-03 2.967014908790588379e-03 1.189026117324829102e+00
-1.828050613403320312e-02 5.343295633792877197e-03 1.199555158615112305e+00
-7.388913631439208984e-02 -5.766943097114562988e-03 1.036553978919982910e+00
-1.804018020629882812e-02 -1.696152985095977783e-02 1.073824167251586914e+00
-4.710948467254638672e-02 -1.328682154417037964e-02 1.028009533882141113e+00
-1.111578941345214844e-02 -3.284469246864318848e-03 1.057679057121276855e+00
-5.755233764648437500e-02 -3.486253321170806885e-03 1.022117018699645996e+00
-3.102695941925048828e-02 -1.102635264396667480e-02 9.282927513122558594e-01
6.377995014190673828e-02 -1.532119512557983398e-02 7.980656623840332031e-01
-3.057539463043212891e-02 -5.058787763118743896e-03 9.352679252624511719e-01
-7.546412944793701172e-02 1.739382743835449219e-03 1.154588699340820312e+00
-1.616954803466796875e-02 -2.266258001327514648e-03 1.089356303215026855e+00
-3.227555751800537109e-02 7.182210683822631836e-04 1.012630343437194824e+00
-4.315459728240966797e-02 2.022460103034973145e-04 9.918586015701293945e-01
-1.271486282348632812e-03 -8.729472756385803223e-03 1.001511454582214355e+00
2.009737491607666016e-02 -1.529449969530105591e-02 1.084469199180603027e+00
1.531493663787841797e-02 -1.296012103557586670e-02 1.073040723800659180e+00
-3.993499279022216797e-02 9.174570441246032715e-04 9.931861162185668945e-01
2.657413482666015625e-02 -1.108673959970474243e-02 9.978815317153930664e-01
3.525841236114501953e-02 -7.374703884124755859e-03 9.612522125244140625e-01
-5.344152450561523438e-04 -1.149796694517135620e-02 1.021892189979553223e+00
-5.010378360748291016e-02 -7.172472774982452393e-03 1.047914981842041016e+00
5.627989768981933594e-03 -1.563622057437896729e-02 9.339504241943359375e-01
-4.736983776092529297e-02 -1.160968095064163208e-02 9.507869482040405273e-01
4.011321067810058594e-02 -1.226361840963363647e-02 1.019136667251586914e+00
-2.830743789672851562e-03 -5.912095308303833008e-03 1.060687661170959473e+00
6.408059597015380859e-02 -9.236209094524383545e-03 1.022066235542297363e+00
4.856038093566894531e-02 -7.817469537258148193e-03 1.011767625808715820e+00
6.297600269317626953e-02 -1.229675859212875366e-02 8.718256950378417969e-01
1.388311386108398438e-03 -4.584230482578277588e-03 9.709547758102416992e-01
-1.477670669555664062e-02 2.603434026241302490e-03 1.126427173614501953e+00
3.334331512451171875e-02 -1.271128654479980469e-02 9.553285837173461914e-01
-2.545726299285888672e-02 -5.790315568447113037e-03 1.193328380584716797e+00
-3.155899047851562500e-02 -6.201028823852539062e-03 1.012799501419067383e+00
4.428136348724365234e-02 -1.300358772277832031e-02 1.044641494750976562e+00
4.844665527343750000e-04 -1.152452826499938965e-02 1.141483187675476074e+00
1.726853847503662109e-02 -8.547402918338775635e-03 1.103629469871520996e+00
-1.926422119140625000e-02 -5.323678255081176758e-03 1.019162058830261230e+00
1.589787006378173828e-02 -1.212743669748306274e-02 1.001518964767456055e+00
6.274020671844482422e-02 -1.763634383678436279e-02 8.885872364044189453e-01
6.110084056854248047e-02 -9.502932429313659668e-03 1.029619097709655762e+00
-1.717674732208251953e-02 -1.138556003570556641e-02 1.145517587661743164e+00
-5.825531482696533203e-02 -6.905317306518554688e-03 1.048804283142089844e+00
-2.014875411987304688e-03 -1.096969842910766602e-02 1.039165377616882324e+00
-8.917450904846191406e-03 -1.324332505464553833e-02 1.020506143569946289e+00
-1.360440254211425781e-02 -1.223519444465637207e-02 1.006645560264587402e+00
1.902329921722412109e-02 -1.135807484388351440e-02 1.097316503524780273e+00
-9.561538696289062500e-03 -1.351266354322433472e-02 1.156605362892150879e+00
-3.785645961761474609e-02 -1.391595602035522461e-02 1.092972517013549805e+00
4.602718353271484375e-02 -1.560935378074645996e-02 9.955011606216430664e-01
4.976713657379150391e-02 -1.152744144201278687e-02 9.802118539810180664e-01
-1.022002696990966797e-01 -4.889354109764099121e-03 1.224080681800842285e+00
3.628730773925781250e-03 -8.942082524299621582e-03 1.100810647010803223e+00
2.289748191833496094e-02 -1.416368037462234497e-02 1.048340082168579102e+00
2.244663238525390625e-02 -1.270868629217147827e-02 1.066036939620971680e+00
-1.796126365661621094e-03 -1.106752455234527588e-02 1.067350149154663086e+00
5.754411220550537109e-02 -1.715254038572311401e-02 1.160983920097351074e+00
-1.020181179046630859e-02 -1.798855513334274292e-02 1.177674531936645508e+00
-1.794719696044921875e-02 -9.072303771972656250e-03 1.121689319610595703e+00
-1.349220275878906250e-01 -1.214776188135147095e-02 8.727699518203735352e-01
7.282483577728271484e-02 -1.406174898147583008e-02 9.849301576614379883e-01
3.017854690551757812e-02 -8.559107780456542969e-03 1.034743785858154297e+00
7.603645324707031250e-03 1.807145774364471436e-03 1.254376053810119629e+00
-7.382118701934814453e-02 -5.338698625564575195e-03 1.146362781524658203e+00
-4.891574382781982422e-02 -1.064640283584594727e-02 1.058215618133544922e+00
-2.556836605072021484e-02 -1.043105125427246094e-02 1.053462982177734375e+00
-3.432607650756835938e-02 -1.192829757928848267e-02 1.072882533073425293e+00
-3.613471984863281250e-03 -1.006518304347991943e-02 1.050925970077514648e+00
1.674354076385498047e-02 -8.998803794384002686e-03 1.037728786468505859e+00
-4.513967037200927734e-02 -7.910609245300292969e-03 1.000887274742126465e+00
-7.445132732391357422e-02 -1.020819693803787231e-02 9.933476448059082031e-01
-3.777480125427246094e-02 -1.352706551551818848e-02 9.376369714736938477e-01
5.768537521362304688e-04 -1.429834961891174316e-02 1.012611389160156250e+00
-4.993700981140136719e-02 -6.666265428066253662e-03 1.193119645118713379e+00
-4.369676113128662109e-02 -3.870002925395965576e-03 1.107949018478393555e+00
-4.942858219146728516e-02 -6.324447691440582275e-03 1.076799035072326660e+00
-4.765915870666503906e-02 -8.178345859050750732e-03 1.027638554573059082e+00
-8.979022502899169922e-02 -8.754469454288482666e-03 1.083920598030090332e+00
-8.176088333129882812e-02 -9.820424020290374756e-03 1.019649267196655273e+00
6.935238838195800781e-03 -5.704067647457122803e-03 1.035559535026550293e+00
-5.758440494537353516e-02 -1.510858535766601562e-03 1.115808129310607910e+00
-1.951205134391784668e-01 3.899149596691131592e-03 9.780519008636474609e-01
3.700459003448486328e-02 -8.405312895774841309e-03 9.998941421508789062e-01
-1.774704456329345703e-02 -6.548926234245300293e-03 1.039201259613037109e+00
-6.980371475219726562e-02 -1.024936139583587646e-02 1.165484070777893066e+00
3.161776065826416016e-02 -5.445644259452819824e-03 1.049154996871948242e+00
-2.619099617004394531e-02 -7.322184741497039795e-03 1.044649958610534668e+00
-2.010297775268554688e-02 -5.161277949810028076e-03 1.156572580337524414e+00
-1.892900466918945312e-02 -1.263886690139770508e-02 1.143763303756713867e+00
8.836388587951660156e-03 -2.087219059467315674e-02 1.068854093551635742e+00
4.880905151367187500e-03 -2.356702089309692383e-02 1.073552370071411133e+00
-1.302313804626464844e-02 -1.906149834394454956e-02 1.020095109939575195e+00
-1.336085796356201172e-02 -1.116016507148742676e-02 1.004071116447448730e+00
3.660416603088378906e-02 -6.435118615627288818e-03 9.606351852416992188e-01
4.742288589477539062e-02 -1.604111492633819580e-02 8.605685234069824219e-01
1.173099279403686523e-01 -2.147002518177032471e-02 8.971749544143676758e-01
5.420303344726562500e-02 -3.936603665351867676e-03 9.140877723693847656e-01
-3.272235393524169922e-02 -5.932860076427459717e-03 5.350449085235595703e-01
-4.471802711486816406e-02 2.643018960952758789e-04 5.892266035079956055e-01
8.010792732238769531e-02 -1.340477168560028076e-02 7.342566251754760742e-01
-5.077052116394042969e-02 -2.479255199432373047e-03 6.389405727386474609e-01
-9.721148014068603516e-02 -3.802388906478881836e-03 6.777718067169189453e-01
-2.511605024337768555e-01 1.396397501230239868e-02 6.618376970291137695e-01
-1.783054471015930176e-01 1.840883120894432068e-02 6.239188909530639648e-01
4.789876937866210938e-02 -2.494962513446807861e-02 1.025308847427368164e+00
-2.610388398170471191e-01 1.578542962670326233e-02 6.868815422058105469e-01
-4.671126604080200195e-01 -1.422859728336334229e-03 4.390434026718139648e-01
-6.093454360961914062e-02 -5.034707486629486084e-03 7.335097789764404297e-01
-1.248067617416381836e-01 -2.088248729705810547e-03 8.507205247879028320e-01
-9.784460067749023438e-02 -3.124423325061798096e-03 8.681405782699584961e-01
-5.465972423553466797e-02 -5.472958087921142578e-03 8.438264131546020508e-01
-7.257485389709472656e-02 -5.595341324806213379e-03 8.485280275344848633e-01
-5.151367187500000000e-02 -6.888359785079956055e-03 8.464272022247314453e-01
-3.355383872985839844e-02 -5.388960242271423340e-03 8.794894218444824219e-01
-7.846832275390625000e-02 -5.991093814373016357e-03 9.047601222991943359e-01
-6.661891937255859375e-02 -5.382984876632690430e-03 9.983751773834228516e-01
-9.406435489654541016e-02 -4.719071090221405029e-03 1.028622865676879883e+00
-6.948924064636230469e-02 -1.029118895530700684e-02 9.959987401962280273e-01
-2.024126052856445312e-02 -1.422151178121566772e-02 9.378476142883300781e-01
-2.512812614440917969e-02 -1.391462236642837524e-02 9.882304668426513672e-01
1.785755157470703125e-03 -1.250587403774261475e-02 9.747122526168823242e-01
-6.991565227508544922e-02 -1.293873041868209839e-02 1.030571937561035156e+00
-8.799314498901367188e-02 -1.298431307077407837e-02 1.040052652359008789e+00
-5.022644996643066406e-03 -1.218504458665847778e-02 9.939069747924804688e-01
5.430018901824951172e-02 -1.531437784433364868e-02 9.725660085678100586e-01
8.978760242462158203e-02 -1.769451797008514404e-02 9.563754796981811523e-01
1.077710390090942383e-01 -1.450148969888687134e-02 9.323358535766601562e-01
9.893262386322021484e-02 -2.024721354246139526e-02 9.326912164688110352e-01
7.712626457214355469e-02 -1.493101567029953003e-02 8.946255445480346680e-01
1.085798740386962891e-01 -1.748973876237869263e-02 9.042197465896606445e-01
1.362792253494262695e-01 -3.069826960563659668e-02 8.251763582229614258e-01
1.742534637451171875e-01 -3.292344510555267334e-02 8.395529985427856445e-01
8.118700981140136719e-02 -2.269536256790161133e-02 9.202666282653808594e-01
1.103583574295043945e-01 -1.506973057985305786e-02 1.022047996520996094e+00
1.520498991012573242e-01 -1.993577927350997925e-02 9.148478507995605469e-01
2.007043361663818359e-02 -1.677875220775604248e-02 8.904460668563842773e-01
-1.009454727172851562e-01 3.159143030643463135e-03 8.383460044860839844e-01
5.323970317840576172e-02 -8.663758635520935059e-03 8.829886913299560547e-01
5.796551704406738281e-02 -1.098211109638214111e-02 8.828088045120239258e-01
-5.015373229980468750e-02 -2.632774412631988525e-03 9.562754631042480469e-01
-6.971693038940429688e-02 8.008044213056564331e-03 1.063191890716552734e+00
-1.048055887222290039e-01 2.839922904968261719e-03 9.803006649017333984e-01
7.352709770202636719e-03 -5.602948367595672607e-03 1.004612088203430176e+00
-4.406023025512695312e-02 -7.588639855384826660e-04 1.084163308143615723e+00
-7.201826572418212891e-02 1.584053039550781250e-03 1.132162690162658691e+00
-4.149246215820312500e-02 -1.085125654935836792e-02 1.087776303291320801e+00
-5.163598060607910156e-02 -2.905875444412231445e-03 9.765665531158447266e-01
-4.111826419830322266e-02 -6.993234157562255859e-03 1.061652421951293945e+00
-6.929790973663330078e-02 -5.450487136840820312e-03 9.191769361495971680e-01
-7.901763916015625000e-02 -3.318130970001220703e-03 9.243071079254150391e-01
-1.501767635345458984e-01 2.639740705490112305e-03 1.009542465209960938e+00
-1.652607917785644531e-01 3.357328474521636963e-03 1.013240694999694824e+00
-9.574413299560546875e-02 -5.207173526287078857e-03 9.967899322509765625e-01
-5.020117759704589844e-02 -4.488460719585418701e-03 1.030106186866760254e+00
-5.174171924591064453e-02 -6.547473371028900146e-03 1.003273367881774902e+00
-1.674342155456542969e-02 -1.354593038558959961e-02 1.103139519691467285e+00
-2.355229854583740234e-02 -4.253812134265899658e-03 1.134833931922912598e+00
-3.128339052200317383e-01 -2.047976851463317871e-02 1.222152471542358398e+00
1.161794662475585938e-01 -1.336352527141571045e-02 9.065268039703369141e-01
4.423213005065917969e-02 -1.204534620046615601e-02 9.650696516036987305e-01
-1.917374134063720703e-02 -5.100466310977935791e-03 1.051208496093750000e+00
-1.029468774795532227e-01 -4.747107625007629395e-03 1.025846362113952637e+00
-6.681716442108154297e-02 -6.001830101013183594e-03 1.131281852722167969e+00
-3.251421451568603516e-02 -1.172554492950439453e-02 1.036892414093017578e+00
-4.069364070892333984e-02 -1.055373251438140869e-02 1.149858236312866211e+00
5.981218814849853516e-02 -1.798988133668899536e-02 1.123714089393615723e+00
4.898130893707275391e-02 -1.221273839473724365e-02 1.050562739372253418e+00
-8.448112010955810547e-02 -8.699379861354827881e-03 1.059548854827880859e+00
-2.598011493682861328e-02 -5.876936018466949463e-03 1.049628019332885742e+00
3.401505947113037109e-02 -1.347895711660385132e-02 1.016004204750061035e+00
1.621913909912109375e-02 -1.324967294931411743e-02 1.002664089202880859e+00
-5.894708633422851562e-02 -3.115668892860412598e-03 1.174082398414611816e+00
-1.330947875976562500e-02 -7.599860429763793945e-03 9.984849691390991211e-01
-1.592624187469482422e-02 -7.056079804897308350e-03 9.488039016723632812e-01
1.413941383361816406e-02 -1.192838698625564575e-02 9.615877866744995117e-01
-4.067301750183105469e-03 -1.537241041660308838e-03 1.045646548271179199e+00
-8.171808719635009766e-02 -3.421172499656677246e-03 1.080598831176757812e+00
4.033112525939941406e-02 -8.621737360954284668e-03 9.791923761367797852e-01
-6.421542167663574219e-02 -1.611286401748657227e-02 9.785103797912597656e-01
-5.690133571624755859e-02 -5.157381296157836914e-03 1.031367897987365723e+00
4.158067703247070312e-02 -7.104210555553436279e-03 9.356644153594970703e-01
-2.940058708190917969e-03 -1.687571406364440918e-03 9.920423030853271484e-01
2.398908138275146484e-02 -5.794093012809753418e-04 1.083339214324951172e+00
-3.253257274627685547e-02 -3.311000764369964600e-03 1.051743268966674805e+00
-4.194438457489013672e-02 -6.754413247108459473e-03 1.048174142837524414e+00
-1.079034805297851562e-02 -3.876753151416778564e-03 1.030618786811828613e+00
-2.947437763214111328e-02 -6.501369178295135498e-03 1.062187075614929199e+00
1.146614551544189453e-02 -9.635806083679199219e-03 1.038564205169677734e+00
9.778738021850585938e-04 -8.196450769901275635e-03 1.014311313629150391e+00
-1.141905784606933594e-02 -7.465422153472900391e-03 1.018383741378784180e+00
-3.511261940002441406e-02 -1.600117981433868408e-02 1.010033488273620605e+00
2.926301956176757812e-02 -1.329320669174194336e-02 9.742873907089233398e-01
-4.424011707305908203e-02 -6.593957543373107910e-03 9.184126853942871094e-01
-7.473886013031005859e-02 -6.785988807678222656e-04 1.035500407218933105e+00
-8.219432830810546875e-02 -3.145925700664520264e-03 9.781717061996459961e-01
-8.300542831420898438e-02 -4.044957458972930908e-03 9.657961130142211914e-01
-5.548167228698730469e-02 -3.711938858032226562e-03 1.025626778602600098e+00
5.590319633483886719e-03 -1.161864399909973145e-02 9.500732421875000000e-01
3.532361984252929688e-02 -1.539610326290130615e-02 9.166389703750610352e-01
9.146964550018310547e-02 -1.570752263069152832e-02 1.038514614105224609e+00
-2.808141708374023438e-02 -9.164601564407348633e-03 1.049696087837219238e+00
-8.620643615722656250e-02 -4.114434123039245605e-04 9.958031177520751953e-01
-8.689463138580322266e-02 -8.867748081684112549e-03 8.700618743896484375e-01
-2.025353908538818359e-02 -1.936279237270355225e-02 8.856242895126342773e-01
1.537001132965087891e-02 -2.088785171508789062e-02 7.850778102874755859e-01
1.764118671417236328e-02 -2.054253220558166504e-02 8.595923185348510742e-01
-7.571697235107421875e-03 -2.110309153795242310e-02 8.503382205963134766e-01
-6.040310859680175781e-02 -2.182447165250778198e-02 8.786832094192504883e-01
-5.242788791656494141e-02 -1.856368035078048706e-02 8.619046211242675781e-01
-7.747590541839599609e-02 -2.084179222583770752e-02 8.435679674148559570e-01
-8.888411521911621094e-02 -1.870021969079971313e-02 8.187195062637329102e-01
-1.638257503509521484e-02 -3.050341457128524780e-02 7.267609834671020508e-01
3.393149375915527344e-02 -2.597239613533020020e-02 7.323014736175537109e-01
-2.028727531433105469e-02 -1.706071943044662476e-02 8.669514656066894531e-01
-3.781545162200927734e-02 -2.496875077486038208e-02 8.211697340011596680e-01
-2.726948261260986328e-02 -2.332290261983871460e-02 8.440525531768798828e-01
2.417433261871337891e-02 -2.527063339948654175e-02 8.517444133758544922e-01
3.045117855072021484e-02 -2.510446310043334961e-02 8.198931217193603516e-01
8.301448822021484375e-02 -3.183877468109130859e-02 7.967205047607421875e-01
4.582202434539794922e-02 -3.494527935981750488e-02 7.137324810028076172e-01
3.418195247650146484e-02 -1.776035875082015991e-02 8.448604345321655273e-01
4.595482349395751953e-02 -1.401704549789428711e-02 9.213361740112304688e-01
9.419894218444824219e-02 -1.756686717271804810e-02 8.951407670974731445e-01
1.230183839797973633e-01 -2.039135992527008057e-02 9.265568256378173828e-01
7.629930973052978516e-02 -2.039931714534759521e-02 8.792759180068969727e-01
5.401301383972167969e-02 -1.363624632358551025e-02 9.909425973892211914e-01
3.050446510314941406e-03 -9.273424744606018066e-03 9.676846265792846680e-01
-5.532336235046386719e-02 -1.813799142837524414e-03 1.068134427070617676e+00
-2.213478088378906250e-03 -1.081269234418869019e-02 1.022809386253356934e+00
-2.029347419738769531e-02 -3.736533224582672119e-03 1.037349462509155273e+00
-3.527402877807617188e-03 -8.411273360252380371e-03 1.009614825248718262e+00
3.427863121032714844e-02 -7.844068109989166260e-03 9.378950595855712891e-01
2.191257476806640625e-02 -1.357856392860412598e-02 8.969060182571411133e-01
4.833292961120605469e-02 -6.807871162891387939e-03 1.090082764625549316e+00
4.234039783477783203e-02 -2.327233552932739258e-03 1.088389396667480469e+00
5.955851078033447266e-02 -6.503939628601074219e-03 1.119477033615112305e+00
6.314074993133544922e-02 -3.219477832317352295e-03 9.775964021682739258e-01
-9.654355049133300781e-02 -5.687251687049865723e-04 9.697905778884887695e-01
7.358193397521972656e-03 -1.236715912818908691e-02 1.062020778656005859e+00
-6.492900848388671875e-02 -1.075368374586105347e-02 9.232389926910400391e-01
-2.062261104583740234e-02 -8.450374007225036621e-03 1.053677916526794434e+00
1.256000995635986328e-01 -1.291843503713607788e-02 8.865462541580200195e-01
1.242599487304687500e-01 -1.408693939447402954e-02 7.923284769058227539e-01
1.022316217422485352e-01 -1.512268930673599243e-02 8.240365982055664062e-01
1.699447631835937500e-02 -1.759319752454757690e-02 8.680251836776733398e-01
7.773494720458984375e-02 -1.472538709640502930e-02 8.905999660491943359e-01
6.541562080383300781e-02 -1.242828369140625000e-02 8.815964460372924805e-01
2.428293228149414062e-02 -1.371144503355026245e-02 8.951448202133178711e-01
6.250214576721191406e-02 -1.143445819616317749e-02 1.003958940505981445e+00
1.474130153656005859e-02 -6.085798144340515137e-03 9.354970455169677734e-01
5.300223827362060547e-02 -6.987921893596649170e-03 1.066220283508300781e+00
9.027934074401855469e-02 -9.161703288555145264e-03 9.943034648895263672e-01
8.156669139862060547e-02 -1.199543476104736328e-02 9.604074954986572266e-01
1.054048538208007812e-01 -1.425921916961669922e-02 9.266963005065917969e-01
2.645516395568847656e-02 -5.389839410781860352e-03 9.873968362808227539e-01
3.260159492492675781e-02 -8.803844451904296875e-03 1.057741641998291016e+00
6.198418140411376953e-02 -1.516844332218170166e-02 9.707330465316772461e-01
7.563340663909912109e-02 -1.530910283327102661e-02 9.208434820175170898e-01
3.830468654632568359e-02 -1.983533799648284912e-02 7.792968750000000000e-01
5.097067356109619141e-02 -1.714895665645599365e-02 7.658436298370361328e-01
2.091014385223388672e-02 -1.703560352325439453e-02 8.421930074691772461e-01
-3.950107097625732422e-02 -2.057381719350814819e-02 8.143204450607299805e-01
2.680659294128417969e-03 -1.443348824977874756e-02 8.445193767547607422e-01
5.253148078918457031e-02 -1.462375372648239136e-02 9.054217338562011719e-01
1.803767681121826172e-02 -1.120250672101974487e-02 8.886067867279052734e-01
2.455818653106689453e-02 -1.333948969841003418e-02 8.884043693542480469e-01
7.965433597564697266e-02 -1.534108817577362061e-02 8.484734296798706055e-01
5.768024921417236328e-02 -1.270162314176559448e-02 8.474938869476318359e-01
4.995822906494140625e-02 -1.562107354402542114e-02 9.168941974639892578e-01
3.640258312225341797e-02 -1.194976270198822021e-02 8.924381732940673828e-01
1.398158073425292969e-02 -7.541075348854064941e-03 9.122292995452880859e-01
-5.055904388427734375e-03 -6.430357694625854492e-03 9.939738512039184570e-01
-4.260420799255371094e-03 -1.421540230512619019e-02 8.383724689483642578e-01
-5.805492401123046875e-04 -5.879014730453491211e-03 9.328149557113647461e-01
-8.190512657165527344e-03 -6.093531847000122070e-03 9.810984134674072266e-01
5.821812152862548828e-02 -9.545400738716125488e-03 9.061126708984375000e-01
7.328855991363525391e-02 -1.718419045209884644e-02 8.750896453857421875e-01
1.106823682785034180e-01 -1.982110738754272461e-02 8.490428924560546875e-01
1.103353500366210938e-01 -2.644953131675720215e-02 7.852437496185302734e-01
1.157612800598144531e-01 -3.161861747503280640e-02 7.056101560592651367e-01
1.037905216217041016e-01 -3.303591161966323853e-02 7.251579761505126953e-01
1.158624887466430664e-01 -3.433143347501754761e-02 7.074797153472900391e-01
8.298695087432861328e-02 -2.594552189111709595e-02 8.097915649414062500e-01
6.295371055603027344e-02 -2.116034179925918579e-02 8.476765155792236328e-01
4.098546504974365234e-02 -2.219175547361373901e-02 8.326884508132934570e-01
3.627431392669677734e-02 -2.046108990907669067e-02 8.156030178070068359e-01
-7.168292999267578125e-03 -1.553042978048324585e-02 8.770451545715332031e-01
1.319408416748046875e-03 -1.733561605215072632e-02 8.279695510864257812e-01
1.695120334625244141e-02 -2.467712014913558960e-02 7.639585733413696289e-01
5.184495449066162109e-02 -2.979346364736557007e-02 7.402693033218383789e-01
3.396773338317871094e-02 -2.692674845457077026e-02 7.398600578308105469e-01
5.440151691436767578e-02 -3.608872741460800171e-02 7.099801301956176758e-01
