1.696228981018066406e-03 -8.827209472656250000e-03 9.884083271026611328e-01
-4.460620880126953125e-02 -7.616333663463592529e-03 9.633573293685913086e-01
-4.503631591796875000e-02 -9.258836507797241211e-03 9.310300350189208984e-01
2.126693725585937500e-03 -1.491651684045791626e-02 8.601690530776977539e-01
7.005333900451660156e-03 -1.834533363580703735e-02 9.099473953247070312e-01
-3.431391716003417969e-02 -1.862204819917678833e-02 8.882377147674560547e-01
1.373875141143798828e-02 -2.221593260765075684e-02 8.215008974075317383e-01
4.355633258819580078e-02 -2.380679547786712646e-02 7.769787311553955078e-01
-8.238196372985839844e-03 -2.054709941148757935e-02 8.941004276275634766e-01
3.200519084930419922e-02 -1.905822753906250000e-02 8.455274105072021484e-01
1.696395874023437500e-02 -1.558389514684677124e-02 8.749630451202392578e-01
6.093358993530273438e-02 -1.118939369916915894e-02 9.051660299301147461e-01
4.846012592315673828e-02 -1.163098961114883423e-02 9.822900295257568359e-01
8.235692977905273438e-03 -6.191253662109375000e-03 9.860439300537109375e-01
2.945983409881591797e-02 -1.694791764020919800e-02 9.432232379913330078e-01
4.306459426879882812e-02 -2.042785286903381348e-02 9.951435327529907227e-01
3.593063354492187500e-02 -3.752007335424423218e-02 9.392979145050048828e-01
6.481134891510009766e-02 -1.824905723333358765e-02 9.473408460617065430e-01
4.609990119934082031e-02 -8.932955563068389893e-03 9.783515930175781250e-01
2.610683441162109375e-03 -4.549041390419006348e-03 1.069733381271362305e+00
-4.312908649444580078e-02 -6.316035985946655273e-03 1.091134905815124512e+00
2.526736259460449219e-02 -1.028855890035629272e-02 1.082724571228027344e+00
1.351177692413330078e-02 -1.344817876815795898e-02 1.106289982795715332e+00
6.438636779785156250e-02 -1.171230524778366089e-02 1.131120204925537109e+00
3.564274311065673828e-02 -1.210921257734298706e-02 1.059861421585083008e+00
4.546678066253662109e-02 -1.019962131977081299e-02 1.013388633728027344e+00
4.666984081268310547e-02 -1.357695460319519043e-02 1.007780909538269043e+00
6.838202476501464844e-03 -1.205738633871078491e-02 1.061126232147216797e+00
7.437467575073242188e-03 -1.224027574062347412e-02 1.017181158065795898e+00
-1.969850063323974609e-02 -1.317166537046432495e-02 9.867914915084838867e-01
2.674984931945800781e-02 -1.020961999893188477e-02 1.021814227104187012e+00
-2.500176429748535156e-03 -1.076150685548782349e-02 1.046975374221801758e+00
2.686631679534912109e-02 -1.061556488275527954e-02 1.042152285575866699e+00
6.275463104248046875e-02 -1.400350034236907959e-02 9.866899251937866211e-01
6.303858757019042969e-02 -9.361915290355682373e-03 9.462159872055053711e-01
4.010868072509765625e-02 -8.005231618881225586e-03 9.224104881286621094e-01
-1.299095153808593750e-02 -1.775957643985748291e-03 1.052245974540710449e+00
-1.311945915222167969e-02 3.743343055248260498e-03 1.226040124893188477e+00
-1.878738403320312500e-02 1.527592539787292480e-03 1.194198846817016602e+00
-8.173584938049316406e-03 3.396116197109222412e-03 1.230281949043273926e+00
-1.429140567779541016e-02 2.207159996032714844e-03 1.177657604217529297e+00
-5.259096622467041016e-02 1.989066600799560547e-03 1.233114719390869141e+00
4.237771034240722656e-03 2.325884997844696045e-03 1.170063376426696777e+00
1.875674724578857422e-02 -1.656852662563323975e-03 1.089083552360534668e+00
2.801609039306640625e-02 -1.401163637638092041e-03 1.096017479896545410e+00
-6.372094154357910156e-03 -4.611223936080932617e-03 1.081992387771606445e+00
-3.725302219390869141e-02 -3.772303462028503418e-04 1.115253090858459473e+00
1.526522636413574219e-02 1.777417957782745361e-03 1.116693973541259766e+00
-3.275358676910400391e-02 5.692824721336364746e-03 1.158169507980346680e+00
-5.332088470458984375e-02 7.496073842048645020e-03 1.099083900451660156e+00
1.126289367675781250e-02 2.481006085872650146e-03 1.142506599426269531e+00
-1.256070137023925781e-01 6.327353417873382568e-03 1.266560316085815430e+00
-2.075840830802917480e-01 1.065776497125625610e-02 1.254766821861267090e+00
-1.280386447906494141e-01 9.058140218257904053e-03 1.278118133544921875e+00
-1.460896730422973633e-01 3.329142928123474121e-03 1.232057809829711914e+00
-1.055250167846679688e-01 3.449074923992156982e-03 1.151666283607482910e+00
-3.662860393524169922e-02 3.546416759490966797e-03 1.157136559486389160e+00
-1.227452754974365234e-01 8.415576070547103882e-03 1.253575444221496582e+00
-1.180120706558227539e-01 6.820753216743469238e-03 1.242530107498168945e+00
-7.964336872100830078e-02 -1.362785696983337402e-04 1.060652613639831543e+00
-8.055543899536132812e-02 -2.904810011386871338e-03 1.094970345497131348e+00
-3.278887271881103516e-02 1.443132758140563965e-03 1.252827644348144531e+00
-4.276192188262939453e-02 2.778545022010803223e-04 1.270878791809082031e+00
-6.929266452789306641e-02 4.212655127048492432e-03 1.296944618225097656e+00
-1.256105899810791016e-01 7.055625319480895996e-04 1.283609032630920410e+00
-1.584761142730712891e-01 7.778123021125793457e-03 1.246053934097290039e+00
-9.460043907165527344e-02 1.003801822662353516e-03 1.134368896484375000e+00
-9.636259078979492188e-02 1.222349703311920166e-03 1.056314349174499512e+00
-3.614807128906250000e-02 1.264207065105438232e-03 9.967272281646728516e-01
-8.866655826568603516e-02 -2.861998975276947021e-03 1.026967763900756836e+00
-5.449008941650390625e-02 -4.469603300094604492e-04 1.107246160507202148e+00
-9.620952606201171875e-02 -7.148340344429016113e-03 1.064587354660034180e+00
-1.655980348587036133e-01 -6.436966359615325928e-03 1.030262470245361328e+00
-7.073605060577392578e-02 -1.103280484676361084e-02 9.516419172286987305e-01
1.304256916046142578e-02 -4.033230245113372803e-03 1.035165309906005859e+00
-1.689314842224121094e-03 -1.294918358325958252e-02 9.928028583526611328e-01
1.089392900466918945e-01 -1.091284304857254028e-02 1.098403334617614746e+00
1.505460739135742188e-01 -1.436536014080047607e-02 1.057230114936828613e+00
1.157559156417846680e-01 -1.590329408645629883e-02 1.095560669898986816e+00
6.275153160095214844e-02 -1.028711348772048950e-02 1.179468393325805664e+00
1.007474660873413086e-01 -5.204506218433380127e-03 1.121856093406677246e+00
-6.728649139404296875e-03 -7.299259305000305176e-03 1.091671824455261230e+00
7.640600204467773438e-03 -2.260856330394744873e-03 1.061069250106811523e+00
7.228362560272216797e-02 -8.062005043029785156e-03 1.027915120124816895e+00
1.561104059219360352e-01 -1.623703539371490479e-02 9.403138160705566406e-01
9.985768795013427734e-02 -1.496211439371109009e-02 9.334383010864257812e-01
9.978890419006347656e-02 -1.323887705802917480e-02 9.945322275161743164e-01
5.756640434265136719e-02 -1.632757484912872314e-03 1.154244661331176758e+00
5.179834365844726562e-02 -1.141048222780227661e-02 1.009755253791809082e+00
1.205919981002807617e-01 -2.152847498655319214e-02 9.837205410003662109e-01
1.322010755538940430e-01 -1.585068553686141968e-02 1.042855620384216309e+00
1.124598979949951172e-01 -1.234430074691772461e-02 1.021783590316772461e+00
1.055502891540527344e-02 -8.967436850070953369e-03 1.131226301193237305e+00
1.596814393997192383e-01 -1.723730564117431641e-02 9.864783287048339844e-01
1.051516532897949219e-01 -9.557604789733886719e-03 1.047725319862365723e+00
7.949483394622802734e-02 -1.334913074970245361e-02 9.638608694076538086e-01
6.069755554199218750e-02 -1.034231483936309814e-02 1.058756709098815918e+00
-1.578199863433837891e-02 -8.970759809017181396e-03 1.053680777549743652e+00
1.315522193908691406e-02 -7.779598236083984375e-03 1.108963131904602051e+00
1.553845405578613281e-02 -3.519967198371887207e-03 1.144172310829162598e+00
-1.592636108398437500e-03 -3.708451986312866211e-03 1.142524957656860352e+00
8.163011074066162109e-02 -8.885994553565979004e-03 1.067356824874877930e+00
6.503462791442871094e-03 -5.455285310745239258e-03 1.062878012657165527e+00
4.883623123168945312e-02 -5.373030900955200195e-03 1.143955111503601074e+00
1.851439476013183594e-02 -3.173686563968658447e-03 1.025352835655212402e+00
3.386032581329345703e-02 -1.297958940267562866e-02 1.020443677902221680e+00
-1.784670352935791016e-02 -1.425137370824813843e-02 1.172797560691833496e+00
-1.833081245422363281e-03 -1.434778422117233276e-02 1.114312171936035156e+00
-3.963971138000488281e-02 -1.091627031564712524e-02 1.219551086425781250e+00
-4.048681259155273438e-02 -1.146945357322692871e-02 1.255755782127380371e+00
2.961122989654541016e-02 -8.303686976432800293e-03 1.112133383750915527e+00
2.685034275054931641e-02 -7.268965244293212891e-03 1.140569329261779785e+00
5.017590522766113281e-02 -6.684295833110809326e-03 1.132904767990112305e+00
1.234259605407714844e-01 -1.115132868289947510e-02 1.048625349998474121e+00
1.262861490249633789e-01 -8.806273341178894043e-03 1.048780918121337891e+00
-1.086580753326416016e-02 -6.664335727691650391e-03 1.277153611183166504e+00
-3.289830684661865234e-02 -5.141049623489379883e-03 1.192999362945556641e+00
9.982359409332275391e-02 -1.021204888820648193e-02 1.118793725967407227e+00
5.156350135803222656e-02 -1.057206094264984131e-02 1.123029828071594238e+00
1.685930490493774414e-01 -1.734089851379394531e-02 1.113754034042358398e+00
1.397498846054077148e-01 -1.978924125432968140e-02 1.022530555725097656e+00
1.925874948501586914e-01 -1.530630141496658325e-02 9.784563779830932617e-01
1.289265155792236328e-01 -1.511112600564956665e-02 1.064361810684204102e+00
1.296410560607910156e-01 -1.054684072732925415e-02 1.074506282806396484e+00
1.191687583923339844e-01 -6.491996347904205322e-03 1.033980965614318848e+00
1.419848203659057617e-01 -1.406233757734298706e-02 9.698487520217895508e-01
1.862140893936157227e-01 -1.826903969049453735e-02 9.565265178680419922e-01
1.773974895477294922e-01 -1.299111545085906982e-02 9.662783145904541016e-01
1.814060211181640625e-01 -1.628800481557846069e-02 9.509954452514648438e-01
-2.635741233825683594e-02 1.740716397762298584e-03 1.225129604339599609e+00
-7.186233997344970703e-02 -1.302413642406463623e-03 1.116034626960754395e+00
-8.012938499450683594e-02 9.623393416404724121e-04 1.017405986785888672e+00
-6.347060203552246094e-02 2.080090343952178955e-03 1.125269532203674316e+00
8.906245231628417969e-03 1.916244626045227051e-03 1.091750860214233398e+00
-9.769046306610107422e-02 -4.782602190971374512e-04 1.046552062034606934e+00
-6.176507472991943359e-02 -3.721140325069427490e-03 1.016779422760009766e+00
-3.625869750976562500e-03 -4.218041896820068359e-03 1.064473271369934082e+00
-5.871057510375976562e-03 -5.435995757579803467e-03 1.089060544967651367e+00
5.252385139465332031e-02 -4.843883216381072998e-03 1.161110639572143555e+00
4.644513130187988281e-03 -6.016261875629425049e-03 1.144398331642150879e+00
-6.801009178161621094e-03 -5.217090249061584473e-03 1.106447219848632812e+00
1.281940937042236328e-02 -6.015993654727935791e-03 1.142340064048767090e+00
-2.426743507385253906e-03 -5.534820258617401123e-03 1.171662092208862305e+00
3.637182712554931641e-02 -5.616948008537292480e-03 1.175729155540466309e+00
2.403020858764648438e-03 -5.290694534778594971e-03 1.114972233772277832e+00
4.589056968688964844e-02 -1.274788379669189453e-02 1.064820051193237305e+00
-1.551210880279541016e-02 -1.066444814205169678e-02 1.078562259674072266e+00
-6.224393844604492188e-03 -4.684463143348693848e-03 1.030352234840393066e+00
9.422445297241210938e-02 -9.309709072113037109e-03 1.013067483901977539e+00
1.272995471954345703e-01 -1.009093970060348511e-02 1.022995471954345703e+00
3.520286083221435547e-02 -4.566147923469543457e-03 1.119682669639587402e+00
4.415321350097656250e-02 -1.222673803567886353e-02 1.012647032737731934e+00
4.294097423553466797e-02 -1.404630392789840698e-02 1.020516276359558105e+00
4.985380172729492188e-02 -1.509403437376022339e-02 1.035096526145935059e+00
4.168939590454101562e-02 -1.192130893468856812e-02 1.028880119323730469e+00
7.938206195831298828e-02 -1.204957067966461182e-02 9.715667963027954102e-01
6.619262695312500000e-02 -1.091283559799194336e-02 1.066788196563720703e+00
4.835402965545654297e-02 -9.411118924617767334e-03 1.021424293518066406e+00
4.993534088134765625e-02 -1.327681541442871094e-02 9.926456212997436523e-01
3.776454925537109375e-02 -1.746907830238342285e-02 1.034133672714233398e+00
3.775572776794433594e-02 -1.162701845169067383e-02 9.718436002731323242e-01
1.238346099853515625e-02 -1.079227775335311890e-02 1.038522005081176758e+00
5.731582641601562500e-04 -1.033714413642883301e-02 9.554213285446166992e-01
-2.490925788879394531e-02 -1.065899431705474854e-02 1.085547089576721191e+00
-1.221406459808349609e-02 -9.492903947830200195e-03 1.083061575889587402e+00
1.663720607757568359e-02 -1.458517462015151978e-02 1.147081732749938965e+00
-2.183115482330322266e-02 -1.416164636611938477e-02 1.101311564445495605e+00
3.949999809265136719e-03 -1.318421959877014160e-02 1.026825308799743652e+00
6.366038322448730469e-02 -7.769845426082611084e-03 1.108373880386352539e+00
7.322394847869873047e-02 -1.002755761146545410e-02 1.045152544975280762e+00
1.110219955444335938e-02 -5.379982292652130127e-03 1.072835564613342285e+00
2.305269241333007812e-02 -1.234480738639831543e-02 1.126556277275085449e+00
-1.003432273864746094e-02 -1.103463023900985718e-02 1.115869045257568359e+00
2.103734016418457031e-02 -1.532201468944549561e-02 1.169885635375976562e+00
3.256404399871826172e-02 -1.768933236598968506e-02 1.103318572044372559e+00
4.158258438110351562e-02 -1.777222007513046265e-02 1.061723351478576660e+00
-9.227991104125976562e-03 -1.642739772796630859e-02 1.175863027572631836e+00
-1.251435279846191406e-02 -1.075173169374465942e-02 1.013162136077880859e+00
3.486156463623046875e-02 -1.615919172763824463e-02 1.048946022987365723e+00
2.155506610870361328e-02 -1.676812022924423218e-02 1.031286478042602539e+00
3.645992279052734375e-02 -8.000582456588745117e-03 1.075731635093688965e+00
4.739034175872802734e-02 -4.596129059791564941e-03 1.184706926345825195e+00
-2.197575569152832031e-02 -5.175612866878509521e-03 1.162132143974304199e+00
1.312494277954101562e-04 -5.428746342658996582e-03 1.279168367385864258e+00
9.041786193847656250e-02 -8.105389773845672607e-03 1.223372697830200195e+00
8.881974220275878906e-02 -8.920088410377502441e-03 1.120172739028930664e+00
6.476926803588867188e-02 -4.908852279186248779e-03 1.118584871292114258e+00
3.232097625732421875e-02 -3.817327320575714111e-03 1.147026658058166504e+00
6.757843494415283203e-02 -6.059266626834869385e-03 1.188456773757934570e+00
6.419050693511962891e-02 -5.948998034000396729e-03 1.106816172599792480e+00
2.986681461334228516e-02 -1.068705320358276367e-02 1.095705747604370117e+00
9.853076934814453125e-02 -4.356980323791503906e-03 1.124831557273864746e+00
6.058621406555175781e-02 -6.283156573772430420e-03 1.045080423355102539e+00
2.865600585937500000e-02 -1.641556620597839355e-03 1.128379106521606445e+00
7.160913944244384766e-02 -8.662611246109008789e-03 9.528006315231323242e-01
1.150342226028442383e-01 -5.092173814773559570e-03 1.058239817619323730e+00
4.996192455291748047e-02 -4.809036850929260254e-03 1.081000566482543945e+00
7.492268085479736328e-02 -7.115229964256286621e-03 1.052168250083923340e+00
4.720723628997802734e-02 -5.617097020149230957e-03 1.047439694404602051e+00
-5.441308021545410156e-03 -6.685033440589904785e-03 1.029371380805969238e+00
4.300427436828613281e-02 -5.019590258598327637e-03 1.098127841949462891e+00
6.070983409881591797e-02 -9.152032434940338135e-03 1.071161270141601562e+00
-3.106832504272460938e-03 -6.682030856609344482e-03 1.064566969871520996e+00
-1.130819320678710938e-03 -5.499757826328277588e-03 1.088836312294006348e+00
2.868425846099853516e-02 -3.669306635856628418e-03 1.108498573303222656e+00
3.331243991851806641e-02 1.474715769290924072e-03 1.180612087249755859e+00
-6.424069404602050781e-03 -7.232725620269775391e-04 1.120133399963378906e+00
4.582989215850830078e-02 -8.989952504634857178e-03 9.994409084320068359e-01
1.679229736328125000e-02 -3.861911594867706299e-03 1.117135882377624512e+00
4.002964496612548828e-02 -4.865862429141998291e-03 1.154801011085510254e+00
-1.263034343719482422e-02 -1.597814261913299561e-03 1.071322321891784668e+00
-6.160855293273925781e-02 -1.730546355247497559e-04 1.094434976577758789e+00
2.389013767242431641e-02 -5.365185439586639404e-03 1.002008914947509766e+00
-4.571795463562011719e-03 -6.642036139965057373e-03 9.436942338943481445e-01
2.950429916381835938e-03 -7.645986974239349365e-03 9.393556118011474609e-01
3.777432441711425781e-02 -1.060150563716888428e-02 9.886903762817382812e-01
1.078963279724121094e-03 -1.226984709501266479e-02 9.465055465698242188e-01
2.260196208953857422e-02 -7.064916193485260010e-03 1.059177279472351074e+00
1.251506805419921875e-02 -1.463301479816436768e-03 1.075749874114990234e+00
3.434598445892333984e-02 -7.478706538677215576e-03 1.014229774475097656e+00
2.076876163482666016e-02 -7.793985307216644287e-03 1.066844820976257324e+00
4.764521121978759766e-02 -1.099438965320587158e-02 1.024877071380615234e+00
2.651822566986083984e-02 -1.386907696723937988e-02 1.026626825332641602e+00
5.143356323242187500e-02 -1.640871167182922363e-02 1.062686324119567871e+00
3.204238414764404297e-02 -1.523165404796600342e-02 1.161983013153076172e+00
1.670432090759277344e-02 -7.252201437950134277e-03 1.198319911956787109e+00
1.718723773956298828e-02 -1.229830831289291382e-02 1.117274403572082520e+00
7.531058788299560547e-02 -1.408067345619201660e-02 9.574376344680786133e-01
4.999148845672607422e-02 -8.785508573055267334e-03 1.129462003707885742e+00
-8.500599861145019531e-02 -9.931780397891998291e-03 1.179801344871520996e+00
-1.469075679779052734e-02 -9.043417870998382568e-03 1.083910584449768066e+00
-7.647514343261718750e-03 -1.281713694334030151e-02 1.019780516624450684e+00
-6.721305847167968750e-02 -1.271879673004150391e-02 1.117398619651794434e+00
7.960522174835205078e-02 -1.172617077827453613e-02 1.016719102859497070e+00
5.648696422576904297e-02 -1.265231519937515259e-02 1.086874008178710938e+00
4.668235778808593750e-02 -1.320045441389083862e-02 9.442150592803955078e-01
1.080036163330078125e-03 -1.066356152296066284e-02 1.069892644882202148e+00
5.131387710571289062e-02 -1.016670465469360352e-02 1.058602690696716309e+00
3.336954116821289062e-02 -1.764656603336334229e-02 1.025981903076171875e+00
-1.077687740325927734e-02 -1.405406743288040161e-02 1.030044317245483398e+00
-8.555686473846435547e-02 -9.636163711547851562e-03 1.048147916793823242e+00
-3.022372722625732422e-02 -9.955532848834991455e-03 1.040778756141662598e+00
-1.143403053283691406e-01 -1.548025012016296387e-02 1.036353230476379395e+00
-1.324510574340820312e-02 -1.435699313879013062e-02 1.048540234565734863e+00
-1.213966608047485352e-01 -2.044142037630081177e-02 1.036936163902282715e+00
-2.572202682495117188e-02 -1.998741924762725830e-02 9.764251708984375000e-01
-1.370692253112792969e-02 -8.915953338146209717e-03 9.956980943679809570e-01
-3.533840179443359375e-02 -7.673181593418121338e-03 1.087522506713867188e+00
2.861762046813964844e-02 -8.656390011310577393e-03 1.014901280403137207e+00
2.693867683410644531e-02 -8.456647396087646484e-03 1.165285944938659668e+00
-3.712844848632812500e-02 -1.042522490024566650e-02 1.258920550346374512e+00
3.406929969787597656e-02 -7.962025701999664307e-03 1.212414264678955078e+00
-2.508950233459472656e-02 -1.071520149707794189e-02 1.222749233245849609e+00
3.481221199035644531e-02 -1.312542706727981567e-02 1.134886264801025391e+00
3.102982044219970703e-02 -6.868891417980194092e-03 1.114834070205688477e+00
7.399296760559082031e-02 -6.879381835460662842e-03 1.220989704132080078e+00
6.728637218475341797e-02 -3.651387989521026611e-03 1.170056104660034180e+00
-6.663441658020019531e-03 1.998506486415863037e-03 1.192804217338562012e+00
-2.015006542205810547e-02 -3.456033766269683838e-03 1.192361235618591309e+00
-1.945388317108154297e-02 -3.103740513324737549e-03 1.119514346122741699e+00
-4.494309425354003906e-03 -4.275627434253692627e-03 1.119302988052368164e+00
1.943862438201904297e-02 -6.993271410465240479e-03 1.168915033340454102e+00
-1.414668560028076172e-02 -1.442410051822662354e-03 1.181212663650512695e+00
6.411850452423095703e-02 7.300004363059997559e-04 1.133962392807006836e+00
4.894363880157470703e-02 1.219861209392547607e-03 1.172158002853393555e+00
-5.266129970550537109e-02 3.776006400585174561e-03 1.218019485473632812e+00
-7.018923759460449219e-03 -2.013124525547027588e-03 1.145488858222961426e+00
3.356921672821044922e-02 -1.304256170988082886e-02 1.081987500190734863e+00
2.665746212005615234e-02 -2.866186201572418213e-03 1.155361533164978027e+00
2.312123775482177734e-02 -7.297344505786895752e-03 1.180144309997558594e+00
