-2.660143375396728516e-02 -9.447246789932250977e-03 8.548974990844726562e-01
5.581891536712646484e-02 -9.477660059928894043e-03 8.999589681625366211e-01
6.034100055694580078e-02 -4.776641726493835449e-03 9.248440265655517578e-01
1.466600894927978516e-01 -1.270376145839691162e-02 9.529387950897216797e-01
1.925430297851562500e-01 -2.536438405513763428e-02 9.617691040039062500e-01
2.431352138519287109e-01 -2.365315705537796021e-02 1.077605009078979492e+00
3.259569406509399414e-01 -2.350077778100967407e-02 9.853001832962036133e-01
3.455667495727539062e-01 -2.067901194095611572e-02 9.294949769973754883e-01
3.501302003860473633e-01 -1.620619744062423706e-02 9.697897434234619141e-01
4.244884252548217773e-01 -1.350594311952590942e-02 1.036779284477233887e+00
4.463040828704833984e-01 -1.842483878135681152e-02 9.385104179382324219e-01
3.564405441284179688e-01 -1.763578504323959351e-02 8.666883707046508789e-01
3.708331584930419922e-01 -1.968906819820404053e-02 8.448984622955322266e-01
4.970474243164062500e-01 -2.150740474462509155e-02 8.717159032821655273e-01
6.105427742004394531e-01 -2.088891714811325073e-02 8.594341278076171875e-01
5.826734304428100586e-01 -2.017186582088470459e-02 7.052577733993530273e-01
5.498464107513427734e-01 -7.920235395431518555e-03 7.905509471893310547e-01
6.348853111267089844e-01 -4.472613334655761719e-03 6.994429826736450195e-01
5.954146385192871094e-01 -8.571058511734008789e-03 6.843372583389282227e-01
4.718142747879028320e-01 -2.090519666671752930e-02 5.547958612442016602e-01
5.963275432586669922e-01 -1.557673513889312744e-02 6.491712331771850586e-01
7.578684091567993164e-01 -1.343901455402374268e-02 5.439090728759765625e-01
8.067179918289184570e-01 -2.446077018976211548e-02 4.751936197280883789e-01
7.632067203521728516e-01 -2.462531626224517822e-02 3.945430517196655273e-01
7.934155464172363281e-01 -2.009595930576324463e-02 4.049614667892456055e-01
7.837390899658203125e-01 -1.700224727392196655e-02 3.564401865005493164e-01
7.572809457778930664e-01 -1.395797729492187500e-02 4.130461215972900391e-01
8.756467103958129883e-01 -1.377028226852416992e-02 3.266781568527221680e-01
9.582058191299438477e-01 -8.285775780677795410e-03 3.416410684585571289e-01
8.796941041946411133e-01 -7.674880325794219971e-03 2.266669869422912598e-01
8.625136613845825195e-01 -9.848356246948242188e-03 2.195756435394287109e-01
7.904120683670043945e-01 -8.788853883743286133e-03 1.595159769058227539e-01
6.942881345748901367e-01 -7.069624960422515869e-03 4.747116565704345703e-02
5.774414539337158203e-01 -3.746479749679565430e-03 3.713822364807128906e-02
6.639611721038818359e-01 -7.968276739120483398e-03 6.740486621856689453e-02
7.559475898742675781e-01 -1.470547914505004883e-02 6.272077560424804688e-02
7.626459598541259766e-01 -1.383577287197113037e-02 4.992395639419555664e-02
8.481255769729614258e-01 -1.637132465839385986e-02 4.092490673065185547e-02
8.197450637817382812e-01 -1.514921337366104126e-02 2.264559268951416016e-03
9.060329198837280273e-01 -1.101234555244445801e-02 5.581569671630859375e-02
1.031920552253723145e+00 -7.483541965484619141e-03 2.910315990447998047e-02
1.158365130424499512e+00 -4.476800560951232910e-03 1.917695999145507812e-02
1.188540101051330566e+00 -3.486275672912597656e-04 -7.796585559844970703e-03
1.074778676033020020e+00 -3.045998513698577881e-03 -3.652513027191162109e-03
1.082156538963317871e+00 -5.341462790966033936e-03 -5.853384733200073242e-02
1.067188143730163574e+00 -6.343625485897064209e-03 -7.016605138778686523e-02
1.204533696174621582e+00 8.327737450599670410e-04 -9.961140155792236328e-02
1.201525807380676270e+00 -1.916103065013885498e-03 -1.280913949012756348e-01
1.260866284370422363e+00 4.865452647209167480e-04 -1.835412383079528809e-01
1.320033431053161621e+00 4.344873130321502686e-03 -1.771882176399230957e-01
1.465637087821960449e+00 1.156591996550559998e-02 -2.321379184722900391e-01
1.426937460899353027e+00 1.171812415122985840e-02 -2.665732502937316895e-01
1.506415724754333496e+00 1.405542343854904175e-02 -2.619443833827972412e-01
1.720785260200500488e+00 2.042074874043464661e-02 -3.310916721820831299e-01
1.656923413276672363e+00 2.270538732409477234e-02 -2.896288633346557617e-01
1.669514775276184082e+00 1.693683862686157227e-02 -3.054887056350708008e-01
1.554620146751403809e+00 1.619687676429748535e-02 -3.020879924297332764e-01
1.429995417594909668e+00 8.702661842107772827e-03 -2.389520406723022461e-01
1.552595496177673340e+00 2.163002640008926392e-02 -2.736734747886657715e-01
1.468845009803771973e+00 2.012281119823455811e-02 -2.605605423450469971e-01
1.510967850685119629e+00 2.542932704091072083e-02 -2.938205003738403320e-01
1.767562985420227051e+00 2.636861056089401245e-02 -3.540652394294738770e-01
1.758665442466735840e+00 2.426343411207199097e-02 -3.592331409454345703e-01
1.570441842079162598e+00 1.654771715402603149e-02 -3.281280696392059326e-01
1.491782069206237793e+00 1.339992135763168335e-02 -2.798081040382385254e-01
1.309416174888610840e+00 9.833537042140960693e-03 -2.029180824756622314e-01
1.402443051338195801e+00 9.401809424161911011e-03 -2.258222103118896484e-01
1.343824744224548340e+00 3.535300493240356445e-04 -1.999555528163909912e-01
1.398046374320983887e+00 3.759399056434631348e-03 -2.210656404495239258e-01
1.514226078987121582e+00 8.959818631410598755e-03 -2.513516843318939209e-01
1.442192196846008301e+00 -2.607151865959167480e-03 -2.298582792282104492e-01
1.312898039817810059e+00 2.070792019367218018e-03 -2.817287147045135498e-01
1.663138508796691895e+00 1.264324411749839783e-02 -3.470435738563537598e-01
1.426674962043762207e+00 4.708215594291687012e-03 -2.336484193801879883e-01
1.682328581809997559e+00 2.118092402815818787e-02 -3.209683001041412354e-01
1.639892458915710449e+00 1.940316706895828247e-02 -3.076975047588348389e-01
1.728368878364562988e+00 1.945463940501213074e-02 -3.035097122192382812e-01
1.677588820457458496e+00 2.032298967242240906e-02 -2.767524719238281250e-01
1.605559229850769043e+00 1.564931124448776245e-02 -2.830584049224853516e-01
1.432732701301574707e+00 6.675153970718383789e-03 -1.999552547931671143e-01
1.477410197257995605e+00 9.741816669702529907e-03 -2.342889606952667236e-01
1.450003027915954590e+00 4.963047802448272705e-03 -2.595983743667602539e-01
1.633528113365173340e+00 7.434807717800140381e-03 -3.020346164703369141e-01
1.597994208335876465e+00 2.175558730959892273e-02 -2.826730012893676758e-01
1.482658743858337402e+00 1.425106078386306763e-02 -2.429628074169158936e-01
1.702663540840148926e+00 8.877150714397430420e-03 -2.760073542594909668e-01
1.517680525779724121e+00 6.113365292549133301e-03 -2.330963313579559326e-01
1.446546673774719238e+00 1.435585319995880127e-03 -2.779451310634613037e-01
1.518283009529113770e+00 -2.430900931358337402e-04 -2.771877944469451904e-01
1.545241713523864746e+00 -2.011694014072418213e-03 -3.057100176811218262e-01
1.567088723182678223e+00 -7.633030414581298828e-03 -2.250263690948486328e-01
1.492945790290832520e+00 -1.964244246482849121e-02 -2.485577464103698730e-01
1.613686442375183105e+00 9.333059191703796387e-03 -3.154361546039581299e-01
1.531909346580505371e+00 1.388071477413177490e-02 -2.752206325531005859e-01
1.713615059852600098e+00 8.207913488149642944e-03 -3.427788317203521729e-01
1.760962128639221191e+00 -2.004206180572509766e-06 -4.710191488265991211e-01
1.667005419731140137e+00 -7.919795811176300049e-03 -3.188207745552062988e-01
1.787963747978210449e+00 -2.405174076557159424e-03 -3.434346616268157959e-01
2.008287906646728516e+00 1.173425093293190002e-02 -4.418433308601379395e-01
2.149493217468261719e+00 2.041321620345115662e-02 -6.657757163047790527e-01
1.973267912864685059e+00 5.519206076860427856e-02 -6.695749163627624512e-01
2.013593196868896484e+00 2.909604087471961975e-02 -4.883923530578613281e-01
2.122086524963378906e+00 -1.332804858684539795e-01 -5.490122437477111816e-01
1.939189314842224121e+00 -1.109024956822395325e-01 -5.927751064300537109e-01
2.024688243865966797e+00 -1.177491024136543274e-01 -4.926183521747589111e-01
1.965267539024353027e+00 3.075629472732543945e-02 -3.176248669624328613e-01
1.977861046791076660e+00 4.091911762952804565e-02 -7.020410895347595215e-01
1.982826113700866699e+00 2.607386559247970581e-02 -6.123749017715454102e-01
1.899026513099670410e+00 1.884387433528900146e-02 -5.460364818572998047e-01
2.031368255615234375e+00 3.829937055706977844e-02 -6.490632295608520508e-01
1.864542603492736816e+00 2.545084059238433838e-02 -5.643584728240966797e-01
2.307775020599365234e+00 4.514577239751815796e-02 -8.048803210258483887e-01
2.401840686798095703e+00 5.647844076156616211e-02 -8.807971477508544922e-01
2.247266769409179688e+00 4.378298670053482056e-02 -7.528539896011352539e-01
2.020040988922119141e+00 3.178482130169868469e-02 -6.476908922195434570e-01
2.168352603912353516e+00 3.376415744423866272e-02 -7.208352088928222656e-01
2.369316101074218750e+00 4.016154259443283081e-02 -7.855195999145507812e-01
2.114371299743652344e+00 3.404092416167259216e-02 -6.731802225112915039e-01
1.963879227638244629e+00 2.572816237807273865e-02 -6.480363607406616211e-01
2.054027557373046875e+00 3.246368467807769775e-02 -6.718831658363342285e-01
1.787900090217590332e+00 2.280838042497634888e-02 -5.546996593475341797e-01
1.957703709602355957e+00 2.854895964264869690e-02 -6.259763836860656738e-01
1.941021800041198730e+00 3.525548055768013000e-02 -6.405113935470581055e-01
2.228064060211181641e+00 5.487738922238349915e-02 -9.280709624290466309e-01
2.362195968627929688e+00 4.786864668130874634e-02 -9.025350809097290039e-01
2.137244224548339844e+00 3.932089358568191528e-02 -7.820606827735900879e-01
2.073925971984863281e+00 3.210788965225219727e-02 -7.775756716728210449e-01
2.058446884155273438e+00 3.433261439204216003e-02 -7.189464569091796875e-01
2.383144378662109375e+00 4.437017068266868591e-02 -8.803578615188598633e-01
2.535622119903564453e+00 5.180490761995315552e-02 -9.446917772293090820e-01
2.245769977569580078e+00 3.743266314268112183e-02 -8.191205859184265137e-01
2.461991786956787109e+00 4.547168314456939697e-02 -8.994118571281433105e-01
2.420718669891357422e+00 4.967841506004333496e-02 -8.868144750595092773e-01
2.478171348571777344e+00 5.420760065317153931e-02 -9.754152297973632812e-01
2.422211647033691406e+00 5.113859847187995911e-02 -9.365611076354980469e-01
2.272078037261962891e+00 3.850343078374862671e-02 -8.805164694786071777e-01
2.258994579315185547e+00 4.080210998654365540e-02 -9.330649971961975098e-01
2.292861938476562500e+00 4.214699566364288330e-02 -9.492893815040588379e-01
2.183762550354003906e+00 3.868605569005012512e-02 -8.954861164093017578e-01
2.283714294433593750e+00 4.808664321899414062e-02 -8.977005481719970703e-01
2.100847721099853516e+00 3.456979990005493164e-02 -9.229117631912231445e-01
2.064637660980224609e+00 3.206036984920501709e-02 -7.941654920578002930e-01
2.314025402069091797e+00 4.576164484024047852e-02 -9.133517146110534668e-01
2.238282203674316406e+00 3.893658518791198730e-02 -8.739203214645385742e-01
1.933373093605041504e+00 2.331037819385528564e-02 -6.929282546043395996e-01
2.051767349243164062e+00 2.761823311448097229e-02 -8.368276953697204590e-01
2.076644897460937500e+00 3.055766597390174866e-02 -8.241862654685974121e-01
2.069708347320556641e+00 3.614391386508941650e-02 -8.180711269378662109e-01
1.786077857017517090e+00 2.341696247458457947e-02 -6.675044298171997070e-01
1.949214816093444824e+00 3.317240625619888306e-02 -8.174290657043457031e-01
2.057619571685791016e+00 3.674531728029251099e-02 -8.699335455894470215e-01
2.134460449218750000e+00 3.942721337080001831e-02 -8.694547414779663086e-01
1.926298499107360840e+00 3.207166865468025208e-02 -7.684124708175659180e-01
2.024597167968750000e+00 3.225216269493103027e-02 -8.253048062324523926e-01
2.274858951568603516e+00 4.151344299316406250e-02 -9.933781623840332031e-01
2.282217979431152344e+00 4.297274723649024963e-02 -1.005153656005859375e+00
1.980361580848693848e+00 2.873108908534049988e-02 -8.682615756988525391e-01
2.105026721954345703e+00 2.976663410663604736e-02 -8.343691825866699219e-01
2.300382137298583984e+00 4.931351542472839355e-02 -9.605497121810913086e-01
2.297017574310302734e+00 3.899255767464637756e-02 -9.613489508628845215e-01
2.255723953247070312e+00 4.085873067378997803e-02 -9.628566503524780273e-01
2.233964443206787109e+00 3.952428698539733887e-02 -1.074825048446655273e+00
2.325407505035400391e+00 4.770871996879577637e-02 -1.150434374809265137e+00
2.108380794525146484e+00 3.536640852689743042e-02 -1.039199590682983398e+00
2.231321334838867188e+00 3.644564002752304077e-02 -1.100607275962829590e+00
2.408205986022949219e+00 3.714396432042121887e-02 -1.075970888137817383e+00
2.167211532592773438e+00 3.072329983115196228e-02 -8.940669894218444824e-01
2.458150386810302734e+00 4.165957123041152954e-02 -1.068407773971557617e+00
2.215835094451904297e+00 2.708211541175842285e-02 -9.543892145156860352e-01
2.251139163970947266e+00 3.357278555631637573e-02 -1.085644721984863281e+00
2.018384933471679688e+00 2.463059872388839722e-02 -9.864678382873535156e-01
1.978344082832336426e+00 1.699477434158325195e-02 -9.978806972503662109e-01
2.098185539245605469e+00 2.997108921408653259e-02 -1.026078939437866211e+00
2.135413169860839844e+00 3.790123388171195984e-02 -1.068312168121337891e+00
2.158895492553710938e+00 3.383170068264007568e-02 -1.063331961631774902e+00
2.163321018218994141e+00 3.264252841472625732e-02 -1.004153966903686523e+00
1.967670321464538574e+00 3.075826913118362427e-02 -9.568879604339599609e-01
2.030466556549072266e+00 2.700692787766456604e-02 -9.919320344924926758e-01
2.043210506439208984e+00 3.020683303475379944e-02 -9.938906431198120117e-01
2.089347839355468750e+00 3.225450962781906128e-02 -1.061055421829223633e+00
2.173296928405761719e+00 3.868151456117630005e-02 -1.049303770065307617e+00
2.325626850128173828e+00 5.522680655121803284e-02 -1.206535339355468750e+00
2.397995948791503906e+00 7.064155489206314087e-02 -1.284675717353820801e+00
2.168605327606201172e+00 6.099833175539970398e-02 -1.235404729843139648e+00
2.512028694152832031e+00 6.719456613063812256e-02 -1.376169204711914062e+00
2.561760902404785156e+00 6.818263232707977295e-02 -1.308805227279663086e+00
2.306865692138671875e+00 6.179580837488174438e-02 -1.211428642272949219e+00
2.169499874114990234e+00 4.271872714161872864e-02 -1.032194018363952637e+00
2.389628887176513672e+00 5.171272903680801392e-02 -1.181128740310668945e+00
2.241216659545898438e+00 3.370065242052078247e-02 -1.041061401367187500e+00
2.255992412567138672e+00 4.223043099045753479e-02 -1.147851824760437012e+00
2.172847747802734375e+00 3.609314933419227600e-02 -1.118556976318359375e+00
2.303007602691650391e+00 4.037823900580406189e-02 -1.255972623825073242e+00
1.965369820594787598e+00 3.219008445739746094e-02 -1.024670839309692383e+00
1.966379284858703613e+00 3.136207535862922668e-02 -1.085086464881896973e+00
2.026526927947998047e+00 3.423912078142166138e-02 -1.132566213607788086e+00
2.177581787109375000e+00 3.977966308593750000e-02 -1.154599189758300781e+00
1.986906409263610840e+00 2.515115961432456970e-02 -1.052232146263122559e+00
2.058718204498291016e+00 3.849688917398452759e-02 -1.091778039932250977e+00
2.070278644561767578e+00 4.107061028480529785e-02 -1.095353841781616211e+00
2.292782306671142578e+00 5.465259030461311340e-02 -1.284622907638549805e+00
2.125738143920898438e+00 5.073928833007812500e-02 -1.261903047561645508e+00
2.295550346374511719e+00 6.234117597341537476e-02 -1.344111800193786621e+00
2.271989345550537109e+00 7.313740998506546021e-02 -1.422509431838989258e+00
2.241249561309814453e+00 6.339312344789505005e-02 -1.341466426849365234e+00
2.135969638824462891e+00 6.846893578767776489e-02 -1.451950192451477051e+00
2.204372882843017578e+00 6.492594629526138306e-02 -1.396965384483337402e+00
2.319402217864990234e+00 8.169772475957870483e-02 -1.641132116317749023e+00
2.512416362762451172e+00 8.447034657001495361e-02 -1.674784898757934570e+00
2.346621513366699219e+00 7.443691790103912354e-02 -1.502679347991943359e+00
2.227502346038818359e+00 6.938256323337554932e-02 -1.428498983383178711e+00
2.059283733367919922e+00 6.334865838289260864e-02 -1.340690851211547852e+00
2.105096340179443359e+00 6.652995198965072632e-02 -1.302415251731872559e+00
2.054707050323486328e+00 7.499978691339492798e-02 -1.448345661163330078e+00
2.442652225494384766e+00 7.454918324947357178e-02 -1.519589185714721680e+00
1.596985936164855957e+00 1.038046553730964661e-02 -9.613902568817138672e-01
1.289222359657287598e+00 4.081897437572479248e-03 -8.151170015335083008e-01
1.530968546867370605e+00 3.682379797101020813e-02 -1.090177059173583984e+00
1.831041932106018066e+00 7.779400795698165894e-02 -1.401279568672180176e+00
2.154713153839111328e+00 1.080667078495025635e-01 -1.730780363082885742e+00
2.221858024597167969e+00 1.000846326351165771e-01 -1.779024600982666016e+00
2.166728496551513672e+00 8.751133829355239868e-02 -1.677990913391113281e+00
1.840611338615417480e+00 6.506386399269104004e-02 -1.519488453865051270e+00
1.642060875892639160e+00 4.647572711110115051e-02 -1.376197695732116699e+00
1.912945151329040527e+00 6.030937284231185913e-02 -1.527338743209838867e+00
1.951405167579650879e+00 6.521420180797576904e-02 -1.489402294158935547e+00
1.962840199470520020e+00 7.208035886287689209e-02 -1.553600072860717773e+00
2.134041309356689453e+00 7.719413191080093384e-02 -1.614875078201293945e+00
1.911132693290710449e+00 6.570288538932800293e-02 -1.487151622772216797e+00
2.040730953216552734e+00 7.184280455112457275e-02 -1.601642608642578125e+00
1.950638651847839355e+00 6.639893352985382080e-02 -1.555738210678100586e+00
1.941312193870544434e+00 6.807477772235870361e-02 -1.514549374580383301e+00
1.981069922447204590e+00 7.855138927698135376e-02 -1.606234312057495117e+00
2.073355674743652344e+00 7.976599782705307007e-02 -1.642766952514648438e+00
2.006010055541992188e+00 7.355029135942459106e-02 -1.557527542114257812e+00
2.080059051513671875e+00 7.881854474544525146e-02 -1.640352487564086914e+00
1.969740986824035645e+00 6.632638722658157349e-02 -1.528108119964599609e+00
1.784762740135192871e+00 5.740334093570709229e-02 -1.448869943618774414e+00
1.906521201133728027e+00 5.709000676870346069e-02 -1.436267256736755371e+00
1.798535227775573730e+00 4.826608300209045410e-02 -1.355845451354980469e+00
1.694347739219665527e+00 4.119459912180900574e-02 -1.249589443206787109e+00
1.639126181602478027e+00 4.287429898977279663e-02 -1.313371896743774414e+00
2.019928932189941406e+00 7.300288230180740356e-02 -1.639333486557006836e+00
2.097145557403564453e+00 8.424363285303115845e-02 -1.700551867485046387e+00
2.217444896697998047e+00 1.097403764724731445e-01 -1.914281845092773438e+00
2.040136814117431641e+00 9.198540449142456055e-02 -1.689779520034790039e+00
2.257368087768554688e+00 9.104344248771667480e-02 -1.758607268333435059e+00
2.157252788543701172e+00 8.080075681209564209e-02 -1.621032476425170898e+00
1.748770594596862793e+00 6.141055002808570862e-02 -1.420377969741821289e+00
1.910535931587219238e+00 7.390313595533370972e-02 -1.539248228073120117e+00
2.130641937255859375e+00 8.425805717706680298e-02 -1.629523873329162598e+00
2.009233951568603516e+00 7.509268820285797119e-02 -1.533009052276611328e+00
2.013916492462158203e+00 6.698270887136459351e-02 -1.421560764312744141e+00
2.018933773040771484e+00 8.058601617813110352e-02 -1.525732278823852539e+00
1.985706686973571777e+00 8.018524944782257080e-02 -1.579128980636596680e+00
1.932076811790466309e+00 6.924224644899368286e-02 -1.527409553527832031e+00
1.890886664390563965e+00 6.951420754194259644e-02 -1.500946044921875000e+00
1.958659291267395020e+00 8.227197080850601196e-02 -1.630722880363464355e+00
2.148481845855712891e+00 8.230966329574584961e-02 -1.662761926651000977e+00
2.183929443359375000e+00 8.057272434234619141e-02 -1.646852612495422363e+00
2.042557239532470703e+00 7.492902874946594238e-02 -1.586542606353759766e+00
1.891974568367004395e+00 6.662292033433914185e-02 -1.469850063323974609e+00
1.780464768409729004e+00 6.434153020381927490e-02 -1.413515567779541016e+00
1.881281733512878418e+00 6.919254362583160400e-02 -1.462737083435058594e+00
1.826147437095642090e+00 6.371816247701644897e-02 -1.427628040313720703e+00
1.920824170112609863e+00 7.392364740371704102e-02 -1.562422633171081543e+00
1.891600251197814941e+00 7.763484120368957520e-02 -1.577949523925781250e+00
1.930838942527770996e+00 8.188046514987945557e-02 -1.657926082611083984e+00
2.024131298065185547e+00 8.068661391735076904e-02 -1.626854896545410156e+00
1.874452948570251465e+00 7.357470691204071045e-02 -1.538865923881530762e+00
1.889464974403381348e+00 7.074025273323059082e-02 -1.499290943145751953e+00
1.988819003105163574e+00 7.866591960191726685e-02 -1.566816210746765137e+00
1.905025362968444824e+00 7.233904302120208740e-02 -1.487399458885192871e+00
1.936397194862365723e+00 7.803010940551757812e-02 -1.603542089462280273e+00
1.918173432350158691e+00 7.701381295919418335e-02 -1.579013943672180176e+00
1.901855826377868652e+00 7.617222517728805542e-02 -1.541804671287536621e+00
1.929498791694641113e+00 7.682231068611145020e-02 -1.553586959838867188e+00
1.956523060798645020e+00 7.856059074401855469e-02 -1.594927906990051270e+00
1.965685725212097168e+00 7.233328372240066528e-02 -1.494741678237915039e+00
1.939202904701232910e+00 7.050131261348724365e-02 -1.473409414291381836e+00
1.899749875068664551e+00 7.411177456378936768e-02 -1.513506770133972168e+00
1.853149294853210449e+00 7.426894456148147583e-02 -1.501804828643798828e+00
2.024229049682617188e+00 7.596696168184280396e-02 -1.550534367561340332e+00
1.953303217887878418e+00 7.472001016139984131e-02 -1.512994408607482910e+00
2.043980598449707031e+00 8.062166720628738403e-02 -1.599580764770507812e+00
1.981572747230529785e+00 8.181181550025939941e-02 -1.612458229064941406e+00
2.013216495513916016e+00 8.359987288713455200e-02 -1.623108029365539551e+00
2.076154232025146484e+00 8.472480624914169312e-02 -1.637760162353515625e+00
2.003926753997802734e+00 7.699872553348541260e-02 -1.530628919601440430e+00
1.960113883018493652e+00 7.921805977821350098e-02 -1.571630716323852539e+00
1.983172297477722168e+00 7.967905700206756592e-02 -1.575846314430236816e+00
2.084428310394287109e+00 8.275527507066726685e-02 -1.654956102371215820e+00
2.031724452972412109e+00 8.061349391937255859e-02 -1.598953723907470703e+00
2.086327552795410156e+00 7.956684380769729614e-02 -1.599000930786132812e+00
2.117296218872070312e+00 8.466073870658874512e-02 -1.656868696212768555e+00
2.117201328277587891e+00 9.080303460359573364e-02 -1.746868848800659180e+00
2.151503562927246094e+00 8.661326766014099121e-02 -1.679497241973876953e+00
1.947783350944519043e+00 7.069498300552368164e-02 -1.484767436981201172e+00
2.027890682220458984e+00 7.612684369087219238e-02 -1.533380627632141113e+00
2.000726699829101562e+00 7.839489728212356567e-02 -1.573847532272338867e+00
2.081329345703125000e+00 8.228886872529983521e-02 -1.612421631813049316e+00
2.042090415954589844e+00 8.231431245803833008e-02 -1.602441668510437012e+00
2.115572929382324219e+00 8.282476663589477539e-02 -1.582878112792968750e+00
2.080231189727783203e+00 8.411085605621337891e-02 -1.628079891204833984e+00
1.955939412117004395e+00 6.864352524280548096e-02 -1.395570755004882812e+00
1.990653395652770996e+00 7.545486837625503540e-02 -1.489780664443969727e+00
1.917419314384460449e+00 7.029744982719421387e-02 -1.448762297630310059e+00
1.978543877601623535e+00 7.389701902866363525e-02 -1.504866838455200195e+00
2.013813018798828125e+00 7.493225485086441040e-02 -1.497265815734863281e+00
2.006977081298828125e+00 7.664851844310760498e-02 -1.542836666107177734e+00
2.053935527801513672e+00 7.695947587490081787e-02 -1.549964904785156250e+00
2.105637550354003906e+00 8.253160119056701660e-02 -1.639536857604980469e+00
2.138741970062255859e+00 8.659646660089492798e-02 -1.682276964187622070e+00
2.095403194427490234e+00 8.079940080642700195e-02 -1.606193542480468750e+00
2.021271228790283203e+00 7.594228535890579224e-02 -1.528598904609680176e+00
2.068136692047119141e+00 8.243012428283691406e-02 -1.629686355590820312e+00
2.170588493347167969e+00 9.126029908657073975e-02 -1.712695479393005371e+00
2.118240356445312500e+00 8.706323802471160889e-02 -1.639809846878051758e+00
2.064254283905029297e+00 8.300407230854034424e-02 -1.602302551269531250e+00
2.113687992095947266e+00 8.678431063890457153e-02 -1.666033267974853516e+00
2.124292850494384766e+00 8.647446334362030029e-02 -1.677260875701904297e+00
2.211358070373535156e+00 8.664987236261367798e-02 -1.674940109252929688e+00
2.078312397003173828e+00 7.850751280784606934e-02 -1.570979833602905273e+00
2.133862495422363281e+00 8.411154896020889282e-02 -1.611353993415832520e+00
2.106762886047363281e+00 8.245342224836349487e-02 -1.618677139282226562e+00
1.942353844642639160e+00 7.242091745138168335e-02 -1.464897871017456055e+00
2.079910278320312500e+00 8.049836754798889160e-02 -1.576820373535156250e+00
2.137680530548095703e+00 8.728465437889099121e-02 -1.675309419631958008e+00
2.115605831146240234e+00 7.923944294452667236e-02 -1.604979753494262695e+00
2.142943382263183594e+00 8.314391970634460449e-02 -1.591908097267150879e+00
2.062562942504882812e+00 8.260866999626159668e-02 -1.623289585113525391e+00
1.974506735801696777e+00 7.324093580245971680e-02 -1.524742841720581055e+00
2.070978164672851562e+00 7.623502612113952637e-02 -1.532507181167602539e+00
2.068365573883056641e+00 7.743760198354721069e-02 -1.574000597000122070e+00
2.244013786315917969e+00 9.044849872589111328e-02 -1.693694353103637695e+00
2.181974887847900391e+00 8.950863778591156006e-02 -1.666884183883666992e+00
2.083394527435302734e+00 8.529233932495117188e-02 -1.648472547531127930e+00
1.997024655342102051e+00 7.524073123931884766e-02 -1.492501258850097656e+00
2.203147411346435547e+00 8.728273957967758179e-02 -1.668135881423950195e+00
2.060082912445068359e+00 7.810588926076889038e-02 -1.583239436149597168e+00
2.016910552978515625e+00 7.673867046833038330e-02 -1.576984286308288574e+00
1.999611020088195801e+00 7.147539407014846802e-02 -1.485610365867614746e+00
2.069902420043945312e+00 7.744143158197402954e-02 -1.557446718215942383e+00
2.100895881652832031e+00 8.131138980388641357e-02 -1.598433732986450195e+00
2.097505092620849609e+00 8.378823101520538330e-02 -1.595809221267700195e+00
2.033486366271972656e+00 8.348335325717926025e-02 -1.613174438476562500e+00
2.048041820526123047e+00 7.359442859888076782e-02 -1.487032651901245117e+00
2.018707275390625000e+00 7.300546020269393921e-02 -1.470136284828186035e+00
2.158642292022705078e+00 8.460764586925506592e-02 -1.644807100296020508e+00
2.055467605590820312e+00 7.894589751958847046e-02 -1.554553270339965820e+00
2.196554660797119141e+00 8.763086795806884766e-02 -1.667222738265991211e+00
2.153380870819091797e+00 8.376711606979370117e-02 -1.662883877754211426e+00
2.229156970977783203e+00 9.039296209812164307e-02 -1.731944441795349121e+00
2.096956253051757812e+00 7.997944951057434082e-02 -1.587554335594177246e+00
2.076023578643798828e+00 7.832609117031097412e-02 -1.541142702102661133e+00
2.038062572479248047e+00 7.377229630947113037e-02 -1.495768070220947266e+00
2.022438526153564453e+00 7.265254110097885132e-02 -1.479905366897583008e+00
2.051103115081787109e+00 7.687436789274215698e-02 -1.501264333724975586e+00
2.171678066253662109e+00 7.928016036748886108e-02 -1.593844890594482422e+00
2.140134334564208984e+00 7.936829328536987305e-02 -1.633161664009094238e+00
2.044621467590332031e+00 7.768610119819641113e-02 -1.569976329803466797e+00
2.063392162322998047e+00 7.558062672615051270e-02 -1.543338060379028320e+00
2.069261550903320312e+00 7.150657474994659424e-02 -1.483889341354370117e+00
2.092089176177978516e+00 7.552609592676162720e-02 -1.542405128479003906e+00
1.976578354835510254e+00 6.766173243522644043e-02 -1.435360670089721680e+00
2.102327346801757812e+00 8.328004181385040283e-02 -1.626976251602172852e+00
2.123620986938476562e+00 8.300692588090896606e-02 -1.631962060928344727e+00
1.947386384010314941e+00 7.016652077436447144e-02 -1.488297224044799805e+00
1.948692679405212402e+00 7.367527484893798828e-02 -1.485498547554016113e+00
2.089381694793701172e+00 7.634173333644866943e-02 -1.560632109642028809e+00
2.009237766265869141e+00 7.940478622913360596e-02 -1.597720861434936523e+00
2.014034271240234375e+00 7.871440052986145020e-02 -1.576992034912109375e+00
2.062844753265380859e+00 8.397247642278671265e-02 -1.649023056030273438e+00
2.158174037933349609e+00 8.580860495567321777e-02 -1.745581030845642090e+00
2.134896755218505859e+00 8.556279540061950684e-02 -1.709683895111083984e+00
2.065529823303222656e+00 7.709356397390365601e-02 -1.587928295135498047e+00
1.921408295631408691e+00 7.206403464078903198e-02 -1.518639802932739258e+00
2.025391101837158203e+00 7.822864502668380737e-02 -1.587976217269897461e+00
2.109598159790039062e+00 8.421485871076583862e-02 -1.634934425354003906e+00
2.055020332336425781e+00 7.993547618389129639e-02 -1.589435338973999023e+00
2.074329376220703125e+00 8.162277936935424805e-02 -1.654145836830139160e+00
2.028671741485595703e+00 8.025213330984115601e-02 -1.585945367813110352e+00
2.011169910430908203e+00 7.892789691686630249e-02 -1.598936080932617188e+00
2.145563125610351562e+00 8.309248089790344238e-02 -1.639424800872802734e+00
1.993719935417175293e+00 7.410372048616409302e-02 -1.488318681716918945e+00
2.111722946166992188e+00 7.935418933629989624e-02 -1.590107560157775879e+00
2.128386974334716797e+00 7.840128988027572632e-02 -1.610311269760131836e+00
2.023593425750732422e+00 7.621674984693527222e-02 -1.521213531494140625e+00
1.968145728111267090e+00 7.847879827022552490e-02 -1.531633615493774414e+00
2.078094482421875000e+00 7.893741130828857422e-02 -1.556232690811157227e+00
2.060648441314697266e+00 8.007358014583587646e-02 -1.565576910972595215e+00
2.063911914825439453e+00 8.133617788553237915e-02 -1.581169247627258301e+00
2.177639961242675781e+00 8.741807937622070312e-02 -1.673890233039855957e+00
2.114645481109619141e+00 8.170288801193237305e-02 -1.631413936614990234e+00
1.967160105705261230e+00 7.684997469186782837e-02 -1.578258752822875977e+00
2.039322853088378906e+00 7.678951323032379150e-02 -1.572928547859191895e+00
2.036139965057373047e+00 8.518721163272857666e-02 -1.659704923629760742e+00
2.116485118865966797e+00 8.796963095664978027e-02 -1.674792051315307617e+00
2.190834999084472656e+00 8.372785151004791260e-02 -1.632410049438476562e+00
2.158620834350585938e+00 8.460990339517593384e-02 -1.607437849044799805e+00
2.057024955749511719e+00 7.579397410154342651e-02 -1.529761075973510742e+00
2.116649150848388672e+00 8.400976657867431641e-02 -1.658331155776977539e+00
2.109080314636230469e+00 8.152081817388534546e-02 -1.606315612792968750e+00
2.131189346313476562e+00 8.205004781484603882e-02 -1.623283147811889648e+00
2.138689994812011719e+00 8.348639309406280518e-02 -1.643192172050476074e+00
2.133564949035644531e+00 8.594159781932830811e-02 -1.652891159057617188e+00
2.130584716796875000e+00 8.860110491514205933e-02 -1.676951646804809570e+00
2.161550998687744141e+00 8.531758934259414673e-02 -1.662951946258544922e+00
2.192564964294433594e+00 9.007560461759567261e-02 -1.751507759094238281e+00
2.060401439666748047e+00 8.356670290231704712e-02 -1.608282327651977539e+00
2.091634750366210938e+00 8.313953876495361328e-02 -1.627067565917968750e+00
2.099167346954345703e+00 8.462578058242797852e-02 -1.607568621635437012e+00
2.169693946838378906e+00 8.783230930566787720e-02 -1.625608921051025391e+00
2.118102073669433594e+00 8.239833265542984009e-02 -1.617712497711181641e+00
2.067953109741210938e+00 8.206100761890411377e-02 -1.624680876731872559e+00
2.093740463256835938e+00 8.264544606208801270e-02 -1.573109865188598633e+00
2.073197364807128906e+00 8.041756600141525269e-02 -1.573834180831909180e+00
2.033904552459716797e+00 7.816109061241149902e-02 -1.537347197532653809e+00
2.081816196441650391e+00 8.023243397474288940e-02 -1.563587427139282227e+00
2.139174938201904297e+00 8.584054559469223022e-02 -1.627964973449707031e+00
2.215738296508789062e+00 9.250359982252120972e-02 -1.684211373329162598e+00
2.121826648712158203e+00 7.677031308412551880e-02 -1.514783859252929688e+00
2.173300743103027344e+00 7.878349721431732178e-02 -1.567787051200866699e+00
2.111977100372314453e+00 8.067802339792251587e-02 -1.589019775390625000e+00
2.119411945343017578e+00 8.456775546073913574e-02 -1.599776029586791992e+00
2.172840118408203125e+00 8.815739303827285767e-02 -1.658299922943115234e+00
2.054040431976318359e+00 8.248134702444076538e-02 -1.582821011543273926e+00
1.990190625190734863e+00 7.804096490144729614e-02 -1.530864119529724121e+00
2.080852031707763672e+00 8.440194278955459595e-02 -1.613475441932678223e+00
2.087359428405761719e+00 8.535999804735183716e-02 -1.583301186561584473e+00
1.865907788276672363e+00 5.670793354511260986e-02 -1.316917896270751953e+00
1.939942479133605957e+00 6.830187886953353882e-02 -1.433606505393981934e+00
2.067115783691406250e+00 7.670696824789047241e-02 -1.491865634918212891e+00
1.914239048957824707e+00 7.730397582054138184e-02 -1.507056474685668945e+00
1.943605303764343262e+00 7.433874160051345825e-02 -1.508381128311157227e+00
2.057709693908691406e+00 7.223761081695556641e-02 -1.523722410202026367e+00
2.064160346984863281e+00 7.426781207323074341e-02 -1.480230569839477539e+00
2.103171825408935547e+00 8.620440959930419922e-02 -1.626309633255004883e+00
2.079874038696289062e+00 7.951185107231140137e-02 -1.555019140243530273e+00
2.089250087738037109e+00 8.471897244453430176e-02 -1.579052329063415527e+00
2.183513641357421875e+00 9.383378177881240845e-02 -1.705820560455322266e+00
2.016756534576416016e+00 8.569031953811645508e-02 -1.577004194259643555e+00
2.143174648284912109e+00 8.882983028888702393e-02 -1.582430243492126465e+00
2.114458560943603516e+00 8.994634449481964111e-02 -1.559421420097351074e+00
2.045011520385742188e+00 8.988485485315322876e-02 -1.596731662750244141e+00
2.040830612182617188e+00 8.471209555864334106e-02 -1.529416561126708984e+00
2.062392234802246094e+00 8.990629017353057861e-02 -1.611613988876342773e+00
2.037922859191894531e+00 8.489447832107543945e-02 -1.504305839538574219e+00
1.964492201805114746e+00 9.156424552202224731e-02 -1.569487810134887695e+00
2.061114788055419922e+00 8.739273995161056519e-02 -1.493377327919006348e+00
2.163311958312988281e+00 9.372103214263916016e-02 -1.604806065559387207e+00
2.190655708312988281e+00 9.146580845117568970e-02 -1.537289857864379883e+00
2.274370670318603516e+00 9.592302143573760986e-02 -1.590839624404907227e+00
2.183112621307373047e+00 9.451182931661605835e-02 -1.641975641250610352e+00
2.096395492553710938e+00 8.839824795722961426e-02 -1.516655564308166504e+00
1.914049983024597168e+00 7.855236530303955078e-02 -1.365149378776550293e+00
1.938372015953063965e+00 8.128467202186584473e-02 -1.325757503509521484e+00
1.885353922843933105e+00 8.474212884902954102e-02 -1.331972837448120117e+00
1.865174889564514160e+00 8.051726967096328735e-02 -1.278838157653808594e+00
2.023747444152832031e+00 8.944462984800338745e-02 -1.363188743591308594e+00
2.091923236846923828e+00 9.122076630592346191e-02 -1.335762739181518555e+00
2.028316020965576172e+00 9.665407240390777588e-02 -1.397200942039489746e+00
2.171514987945556641e+00 9.495471417903900146e-02 -1.445740461349487305e+00
2.430523872375488281e+00 1.016153842210769653e-01 -1.569188237190246582e+00
2.201288700103759766e+00 9.923090040683746338e-02 -1.530734419822692871e+00
2.121501922607421875e+00 9.071417897939682007e-02 -1.422986268997192383e+00
2.119491577148437500e+00 9.585727751255035400e-02 -1.439946174621582031e+00
2.092864513397216797e+00 9.097992628812789917e-02 -1.398859977722167969e+00
2.285243034362792969e+00 1.011817827820777893e-01 -1.592574357986450195e+00
2.355881214141845703e+00 9.930257499217987061e-02 -1.549106597900390625e+00
2.382676124572753906e+00 1.003649681806564331e-01 -1.634673118591308594e+00
2.213433742523193359e+00 9.765762835741043091e-02 -1.542384862899780273e+00
2.135308265686035156e+00 9.229439496994018555e-02 -1.476801156997680664e+00
2.192434787750244141e+00 9.022164344787597656e-02 -1.492141604423522949e+00
2.053360939025878906e+00 8.873508870601654053e-02 -1.474727869033813477e+00
2.184285163879394531e+00 9.311325103044509888e-02 -1.483805418014526367e+00
2.190085411071777344e+00 9.958656132221221924e-02 -1.545682430267333984e+00
2.138314723968505859e+00 8.832674473524093628e-02 -1.394963502883911133e+00
1.915211796760559082e+00 4.539086297154426575e-02 -1.032871723175048828e+00
2.043677330017089844e+00 5.170111730694770813e-02 -1.141832947731018066e+00
1.978733181953430176e+00 8.009338378906250000e-02 -1.296603202819824219e+00
1.949701189994812012e+00 9.103285521268844604e-02 -1.433119058609008789e+00
2.126228809356689453e+00 8.370483666658401489e-02 -1.365634322166442871e+00
2.244138717651367188e+00 9.082346409559249878e-02 -1.517507433891296387e+00
2.198829650878906250e+00 8.523473143577575684e-02 -1.473439931869506836e+00
2.193034648895263672e+00 9.417115151882171631e-02 -1.535129427909851074e+00
2.317708015441894531e+00 9.815091639757156372e-02 -1.596247076988220215e+00
2.388604640960693359e+00 1.029627993702888489e-01 -1.665814876556396484e+00
2.311452865600585938e+00 9.029938280582427979e-02 -1.596194028854370117e+00
2.207815170288085938e+00 8.936004340648651123e-02 -1.536900281906127930e+00
2.167627334594726562e+00 9.066662192344665527e-02 -1.554236888885498047e+00
2.287699222564697266e+00 9.103533625602722168e-02 -1.593324065208435059e+00
2.156591892242431641e+00 7.945858687162399292e-02 -1.504756212234497070e+00
2.021243572235107422e+00 7.394518703222274780e-02 -1.379420757293701172e+00
2.253683567047119141e+00 8.625376969575881958e-02 -1.537393808364868164e+00
2.430887222290039062e+00 9.640807658433914185e-02 -1.687344074249267578e+00
2.280945301055908203e+00 8.611040562391281128e-02 -1.550014734268188477e+00
2.338494300842285156e+00 9.025304019451141357e-02 -1.588340282440185547e+00
2.317823410034179688e+00 8.914267271757125854e-02 -1.595569849014282227e+00
2.370043277740478516e+00 9.879620373249053955e-02 -1.716697096824645996e+00
2.376887321472167969e+00 8.586939424276351929e-02 -1.616258859634399414e+00
2.289673805236816406e+00 8.373133093118667603e-02 -1.570600271224975586e+00
2.383103370666503906e+00 8.710891008377075195e-02 -1.575124025344848633e+00
2.350605964660644531e+00 8.540338277816772461e-02 -1.584856748580932617e+00
2.384360313415527344e+00 9.051382541656494141e-02 -1.636664152145385742e+00
2.435336589813232422e+00 8.569209277629852295e-02 -1.597116708755493164e+00
2.226688861846923828e+00 8.134184777736663818e-02 -1.507604122161865234e+00
2.026350975036621094e+00 6.860646605491638184e-02 -1.404171228408813477e+00
2.168323516845703125e+00 7.692517340183258057e-02 -1.468501806259155273e+00
2.376484394073486328e+00 8.428946882486343384e-02 -1.590023398399353027e+00
2.305834770202636719e+00 7.762587070465087891e-02 -1.473567485809326172e+00
2.287793636322021484e+00 8.126758038997650146e-02 -1.535612821578979492e+00
2.303211688995361328e+00 8.491744846105575562e-02 -1.581677794456481934e+00
2.114699840545654297e+00 7.679813355207443237e-02 -1.511033892631530762e+00
2.219364643096923828e+00 8.429682254791259766e-02 -1.584942579269409180e+00
2.159046173095703125e+00 8.024967461824417114e-02 -1.551609396934509277e+00
2.108661174774169922e+00 8.444574475288391113e-02 -1.496351838111877441e+00
2.055205345153808594e+00 8.348669111728668213e-02 -1.461276292800903320e+00
2.216573238372802734e+00 9.825803339481353760e-02 -1.599872112274169922e+00
2.115272998809814453e+00 8.642958104610443115e-02 -1.506727814674377441e+00
2.071995735168457031e+00 7.053530216217041016e-02 -1.363578200340270996e+00
2.070597648620605469e+00 8.657014369964599609e-02 -1.560121059417724609e+00
1.954849600791931152e+00 7.010042667388916016e-02 -1.397242546081542969e+00
2.105951786041259766e+00 6.548941880464553833e-02 -1.353990316390991211e+00
2.171459674835205078e+00 7.467003911733627319e-02 -1.415894865989685059e+00
2.274229526519775391e+00 7.458890229463577271e-02 -1.448072195053100586e+00
2.145140647888183594e+00 6.966990232467651367e-02 -1.351395010948181152e+00
2.208566188812255859e+00 7.276582717895507812e-02 -1.379043817520141602e+00
2.347630500793457031e+00 8.968924731016159058e-02 -1.578524827957153320e+00
2.292761802673339844e+00 8.576294034719467163e-02 -1.541565895080566406e+00
2.379186630249023438e+00 8.590963482856750488e-02 -1.561091423034667969e+00
2.327726840972900391e+00 8.764853328466415405e-02 -1.583539605140686035e+00
2.161174774169921875e+00 7.222382724285125732e-02 -1.422982454299926758e+00
2.170252799987792969e+00 7.465979456901550293e-02 -1.429813623428344727e+00
2.073093891143798828e+00 6.829968094825744629e-02 -1.337841629981994629e+00
2.263587474822998047e+00 8.753112703561782837e-02 -1.543208122253417969e+00
2.326254844665527344e+00 8.494642376899719238e-02 -1.531250953674316406e+00
2.175445556640625000e+00 7.282738387584686279e-02 -1.390871286392211914e+00
2.038842678070068359e+00 6.317527592182159424e-02 -1.271862745285034180e+00
2.120329856872558594e+00 6.911250948905944824e-02 -1.351171493530273438e+00
2.145455360412597656e+00 6.926299631595611572e-02 -1.348861336708068848e+00
2.158597946166992188e+00 7.292915880680084229e-02 -1.330257892608642578e+00
2.460521221160888672e+00 8.964391052722930908e-02 -1.550643444061279297e+00
2.437014579772949219e+00 9.047497063875198364e-02 -1.558294057846069336e+00
2.382110118865966797e+00 8.516828715801239014e-02 -1.523223638534545898e+00
2.229423522949218750e+00 7.425393909215927124e-02 -1.379521369934082031e+00
2.166473865509033203e+00 7.188325375318527222e-02 -1.346281528472900391e+00
2.125423908233642578e+00 6.550635397434234619e-02 -1.289930462837219238e+00
2.078258514404296875e+00 5.978896096348762512e-02 -1.194927453994750977e+00
2.099441528320312500e+00 6.265944242477416992e-02 -1.271277904510498047e+00
2.220973491668701172e+00 6.661246716976165771e-02 -1.302009105682373047e+00
2.315228462219238281e+00 7.149755209684371948e-02 -1.305884361267089844e+00
2.290533065795898438e+00 6.504024565219879150e-02 -1.210214018821716309e+00
2.273345470428466797e+00 6.057244539260864258e-02 -1.228157639503479004e+00
2.192742824554443359e+00 6.324787437915802002e-02 -1.210199594497680664e+00
2.252905845642089844e+00 6.626377999782562256e-02 -1.328838944435119629e+00
2.267549514770507812e+00 7.040421664714813232e-02 -1.306307315826416016e+00
2.334457397460937500e+00 6.729709357023239136e-02 -1.286921024322509766e+00
2.337532520294189453e+00 6.832283735275268555e-02 -1.284708738327026367e+00
2.230448246002197266e+00 6.666685640811920166e-02 -1.257467985153198242e+00
2.124003410339355469e+00 6.027965992689132690e-02 -1.186775207519531250e+00
2.149251937866210938e+00 5.657853931188583374e-02 -1.168749213218688965e+00
2.102870464324951172e+00 5.699305236339569092e-02 -1.190114378929138184e+00
2.192355632781982422e+00 6.548190116882324219e-02 -1.273487329483032227e+00
2.386757850646972656e+00 7.940391451120376587e-02 -1.443409442901611328e+00
2.299697399139404297e+00 7.428054511547088623e-02 -1.418344974517822266e+00
2.305060863494873047e+00 7.820490002632141113e-02 -1.444993853569030762e+00
2.386061191558837891e+00 8.354328572750091553e-02 -1.508983016014099121e+00
2.286837577819824219e+00 7.648660242557525635e-02 -1.445865154266357422e+00
2.171329975128173828e+00 7.379830628633499146e-02 -1.388142228126525879e+00
2.231272220611572266e+00 7.526508718729019165e-02 -1.427047491073608398e+00
2.190381050109863281e+00 7.902142405509948730e-02 -1.414059877395629883e+00
2.162161350250244141e+00 7.572159171104431152e-02 -1.435677766799926758e+00
2.082352638244628906e+00 6.903076916933059692e-02 -1.323139429092407227e+00
2.011628150939941406e+00 6.058609113097190857e-02 -1.225440621376037598e+00
1.907432198524475098e+00 6.289807707071304321e-02 -1.212597846984863281e+00
1.897454142570495605e+00 5.977851524949073792e-02 -1.170100450515747070e+00
1.957253813743591309e+00 5.986602604389190674e-02 -1.195018410682678223e+00
2.101269245147705078e+00 6.737776100635528564e-02 -1.285426855087280273e+00
1.822341561317443848e+00 5.648586153984069824e-02 -1.140290737152099609e+00
1.874989151954650879e+00 6.129639968276023865e-02 -1.198240280151367188e+00
2.012873172760009766e+00 6.344386935234069824e-02 -1.220377326011657715e+00
1.965980887413024902e+00 6.386025995016098022e-02 -1.229984045028686523e+00
2.199669837951660156e+00 7.059258222579956055e-02 -1.243275403976440430e+00
2.220595836639404297e+00 6.883180886507034302e-02 -1.270306825637817383e+00
2.180787563323974609e+00 7.243667542934417725e-02 -1.307072520256042480e+00
2.205731868743896484e+00 7.414545863866806030e-02 -1.362097024917602539e+00
2.162245273590087891e+00 7.832781225442886353e-02 -1.369578838348388672e+00
2.075793266296386719e+00 5.923883244395256042e-02 -1.140267014503479004e+00
2.225831031799316406e+00 6.999675184488296509e-02 -1.400223612785339355e+00
2.295144081115722656e+00 6.946876645088195801e-02 -1.393462777137756348e+00
2.176718711853027344e+00 6.564161926507949829e-02 -1.263703823089599609e+00
2.251312255859375000e+00 6.630533188581466675e-02 -1.310205578804016113e+00
2.186557292938232422e+00 6.092824041843414307e-02 -1.239686250686645508e+00
2.229453086853027344e+00 6.348004192113876343e-02 -1.297620773315429688e+00
2.322671890258789062e+00 6.691403687000274658e-02 -1.359041333198547363e+00
2.120863437652587891e+00 5.807510763406753540e-02 -1.213941097259521484e+00
2.195468425750732422e+00 6.297750771045684814e-02 -1.238096594810485840e+00
2.261287689208984375e+00 6.624545156955718994e-02 -1.257155537605285645e+00
2.118979930877685547e+00 6.387634575366973877e-02 -1.211548566818237305e+00
2.144945144653320312e+00 5.362158268690109253e-02 -1.182251691818237305e+00
2.291012287139892578e+00 6.405767053365707397e-02 -1.267344713211059570e+00
2.440600395202636719e+00 7.998602092266082764e-02 -1.422915220260620117e+00
2.423570156097412109e+00 7.854522764682769775e-02 -1.465855479240417480e+00
2.339344501495361328e+00 7.586286962032318115e-02 -1.383103609085083008e+00
2.196949958801269531e+00 6.755045056343078613e-02 -1.319821357727050781e+00
2.260023593902587891e+00 8.551810681819915771e-02 -1.232453465461730957e+00
2.370974063873291016e+00 6.963504105806350708e-02 -1.323188543319702148e+00
2.547637462615966797e+00 9.258166700601577759e-02 -1.440047621726989746e+00
2.399079322814941406e+00 7.408332824707031250e-02 -1.327437758445739746e+00
2.240649700164794922e+00 6.684983521699905396e-02 -1.236390471458435059e+00
2.199595928192138672e+00 6.210335344076156616e-02 -1.210418462753295898e+00
2.435836791992187500e+00 8.265840262174606323e-02 -1.454253673553466797e+00
2.133477210998535156e+00 6.588787585496902466e-02 -1.169791579246520996e+00
2.389495372772216797e+00 7.600677013397216797e-02 -1.344737291336059570e+00
2.231818199157714844e+00 6.331364065408706665e-02 -1.200510025024414062e+00
2.181453227996826172e+00 5.705871433019638062e-02 -1.154850363731384277e+00
2.327391624450683594e+00 6.427338719367980957e-02 -1.216709733009338379e+00
2.071282386779785156e+00 5.722987651824951172e-02 -1.135792732238769531e+00
2.081635475158691406e+00 5.828486010432243347e-02 -1.176314711570739746e+00
2.076750278472900391e+00 5.416183173656463623e-02 -1.159077882766723633e+00
2.160861968994140625e+00 6.221068277955055237e-02 -1.205214262008666992e+00
2.280092716217041016e+00 7.326519489288330078e-02 -1.374621391296386719e+00
2.223981380462646484e+00 6.553926318883895874e-02 -1.202693343162536621e+00
2.081145763397216797e+00 6.104193627834320068e-02 -1.215523123741149902e+00
2.190891742706298828e+00 6.529656797647476196e-02 -1.251801252365112305e+00
2.348457813262939453e+00 7.203866541385650635e-02 -1.327913522720336914e+00
2.253198146820068359e+00 6.593301892280578613e-02 -1.277733087539672852e+00
2.269546508789062500e+00 7.141882926225662231e-02 -1.321630716323852539e+00
2.267673969268798828e+00 6.757811456918716431e-02 -1.234091281890869141e+00
2.486285209655761719e+00 8.954316377639770508e-02 -1.526211500167846680e+00
2.472934246063232422e+00 9.188646078109741211e-02 -1.505064964294433594e+00
2.486599922180175781e+00 8.589547872543334961e-02 -1.483801841735839844e+00
2.263593196868896484e+00 5.543142929673194885e-02 -1.137413024902343750e+00
2.094187736511230469e+00 4.556697234511375427e-02 -1.025844097137451172e+00
2.335368633270263672e+00 5.988271534442901611e-02 -1.220660686492919922e+00
2.131506443023681641e+00 5.836813151836395264e-02 -1.167405843734741211e+00
2.510913372039794922e+00 7.725282013416290283e-02 -1.380999565124511719e+00
2.424263477325439453e+00 7.433320581912994385e-02 -1.302396535873413086e+00
2.501335620880126953e+00 7.422732561826705933e-02 -1.309263944625854492e+00
2.625580310821533203e+00 8.426423370838165283e-02 -1.420141816139221191e+00
2.732482433319091797e+00 9.230938553810119629e-02 -1.548121690750122070e+00
2.676526069641113281e+00 9.456571936607360840e-02 -1.532684564590454102e+00
2.459959506988525391e+00 7.141400128602981567e-02 -1.285804986953735352e+00
2.646646499633789062e+00 7.685384899377822876e-02 -1.370541334152221680e+00
2.472980022430419922e+00 7.110007107257843018e-02 -1.267480492591857910e+00
2.438719749450683594e+00 7.022225111722946167e-02 -1.215438365936279297e+00
2.488039970397949219e+00 7.066816836595535278e-02 -1.268504858016967773e+00
2.499074935913085938e+00 6.920839846134185791e-02 -1.226958036422729492e+00
2.492453575134277344e+00 6.794776767492294312e-02 -1.298403501510620117e+00
2.649484157562255859e+00 8.033357560634613037e-02 -1.407480955123901367e+00
2.524799346923828125e+00 6.900195032358169556e-02 -1.290277838706970215e+00
2.341396331787109375e+00 5.641268193721771240e-02 -1.098501443862915039e+00
2.414154529571533203e+00 6.147936731576919556e-02 -1.238027095794677734e+00
2.316034317016601562e+00 6.122697517275810242e-02 -1.158482551574707031e+00
2.428887844085693359e+00 7.143257558345794678e-02 -1.258631944656372070e+00
2.342372417449951172e+00 6.292195618152618408e-02 -1.189519882202148438e+00
2.415808200836181641e+00 6.970789283514022827e-02 -1.234210968017578125e+00
2.250827789306640625e+00 6.439198553562164307e-02 -1.190113544464111328e+00
2.394649505615234375e+00 6.913931667804718018e-02 -1.250212430953979492e+00
2.380562782287597656e+00 5.920762196183204651e-02 -1.184495329856872559e+00
2.392221927642822266e+00 6.787382066249847412e-02 -1.313066244125366211e+00
2.272304534912109375e+00 5.299519747495651245e-02 -1.126474738121032715e+00
2.252429962158203125e+00 6.410515308380126953e-02 -1.225372314453125000e+00
2.416555881500244141e+00 7.418912649154663086e-02 -1.337714552879333496e+00
2.357234954833984375e+00 7.315414398908615112e-02 -1.282055020332336426e+00
2.446691036224365234e+00 6.857243925333023071e-02 -1.252921938896179199e+00
2.353330135345458984e+00 5.732981488108634949e-02 -1.183389186859130859e+00
2.308277130126953125e+00 6.163860112428665161e-02 -1.163369655609130859e+00
2.319930076599121094e+00 6.144913658499717712e-02 -1.142313241958618164e+00
2.255320072174072266e+00 6.498496979475021362e-02 -1.150305271148681641e+00
2.163281917572021484e+00 5.879896879196166992e-02 -1.138417601585388184e+00
2.324919700622558594e+00 7.247956842184066772e-02 -1.265005111694335938e+00
2.489665985107421875e+00 7.341712713241577148e-02 -1.329117536544799805e+00
2.183691978454589844e+00 6.344573199748992920e-02 -1.170339941978454590e+00
2.314716339111328125e+00 7.015050947666168213e-02 -1.307106971740722656e+00
2.196118831634521484e+00 6.378346681594848633e-02 -1.245659112930297852e+00
2.216612339019775391e+00 6.607321649789810181e-02 -1.217852115631103516e+00
2.284432888031005859e+00 7.145798206329345703e-02 -1.301312685012817383e+00
2.291616439819335938e+00 7.112849503755569458e-02 -1.261969089508056641e+00
2.166192054748535156e+00 6.204088777303695679e-02 -1.189625859260559082e+00
2.257320404052734375e+00 6.635595858097076416e-02 -1.236718654632568359e+00
2.251252651214599609e+00 6.618862599134445190e-02 -1.249182224273681641e+00
2.404685974121093750e+00 7.316066324710845947e-02 -1.337844133377075195e+00
2.362880706787109375e+00 6.985415518283843994e-02 -1.302075862884521484e+00
2.270595073699951172e+00 6.397800147533416748e-02 -1.215914011001586914e+00
2.168621540069580078e+00 6.244643405079841614e-02 -1.222427368164062500e+00
2.190717697143554688e+00 6.431587040424346924e-02 -1.216778755187988281e+00
2.320131778717041016e+00 6.384348124265670776e-02 -1.241586446762084961e+00
2.248242855072021484e+00 6.564660370349884033e-02 -1.270544290542602539e+00
2.165452957153320312e+00 6.604915857315063477e-02 -1.245517492294311523e+00
2.128400802612304688e+00 6.362872570753097534e-02 -1.215256214141845703e+00
2.104173660278320312e+00 5.879077315330505371e-02 -1.131533384323120117e+00
2.136564731597900391e+00 6.243102625012397766e-02 -1.195382118225097656e+00
2.071369171142578125e+00 6.439964473247528076e-02 -1.235882997512817383e+00
2.007992267608642578e+00 6.451159715652465820e-02 -1.217421054840087891e+00
1.989248633384704590e+00 6.940017640590667725e-02 -1.234406709671020508e+00
1.994997143745422363e+00 6.281463056802749634e-02 -1.128200531005859375e+00
2.062967777252197266e+00 6.039257347583770752e-02 -1.169996976852416992e+00
2.437888622283935547e+00 8.128566294908523560e-02 -1.380314469337463379e+00
2.167293071746826172e+00 7.141276448965072632e-02 -1.230096817016601562e+00
2.266418933868408203e+00 6.184678524732589722e-02 -1.165922999382019043e+00
2.059526443481445312e+00 5.400171875953674316e-02 -1.045552253723144531e+00
2.372842788696289062e+00 6.934621185064315796e-02 -1.276323795318603516e+00
2.152905941009521484e+00 4.943076148629188538e-02 -9.731671214103698730e-01
2.007450580596923828e+00 6.810834258794784546e-02 -1.216242194175720215e+00
2.170232772827148438e+00 4.851286113262176514e-02 -9.191796183586120605e-01
2.040209293365478516e+00 3.613548725843429565e-02 -8.932685852050781250e-01
2.055415630340576172e+00 4.504968225955963135e-02 -9.747775793075561523e-01
1.919968485832214355e+00 4.493024945259094238e-02 -9.091572761535644531e-01
2.069705009460449219e+00 5.384723842144012451e-02 -1.045841932296752930e+00
2.154565811157226562e+00 6.216887012124061584e-02 -1.120709776878356934e+00
1.977105736732482910e+00 6.183232367038726807e-02 -1.136944770812988281e+00
2.150505542755126953e+00 5.521733686327934265e-02 -1.017281889915466309e+00
2.183250427246093750e+00 5.906370282173156738e-02 -1.095222949981689453e+00
2.034896373748779297e+00 5.215328931808471680e-02 -1.009006977081298828e+00
1.978422522544860840e+00 4.494566842913627625e-02 -9.223402738571166992e-01
2.257697582244873047e+00 6.171958893537521362e-02 -1.147603154182434082e+00
2.172382831573486328e+00 6.524100899696350098e-02 -1.150558829307556152e+00
2.188220977783203125e+00 7.473460584878921509e-02 -1.236808061599731445e+00
2.299098491668701172e+00 6.242768093943595886e-02 -1.162331581115722656e+00
2.100306987762451172e+00 5.692924931645393372e-02 -1.085737586021423340e+00
2.131858825683593750e+00 4.989324510097503662e-02 -1.013663887977600098e+00
2.117236614227294922e+00 4.804120212793350220e-02 -9.914163947105407715e-01
2.181651115417480469e+00 5.090299248695373535e-02 -1.005143642425537109e+00
2.260631561279296875e+00 5.442002415657043457e-02 -1.074748396873474121e+00
2.228183746337890625e+00 6.086914613842964172e-02 -1.141118049621582031e+00
2.247742652893066406e+00 5.245217680931091309e-02 -1.034808635711669922e+00
2.247973918914794922e+00 5.281057208776473999e-02 -1.054024696350097656e+00
2.228135108947753906e+00 4.672293365001678467e-02 -9.581740498542785645e-01
2.029979228973388672e+00 4.441520571708679199e-02 -9.078581333160400391e-01
2.339341163635253906e+00 7.334675639867782593e-02 -1.265206098556518555e+00
2.219898223876953125e+00 5.918407812714576721e-02 -1.075850248336791992e+00
2.291520118713378906e+00 5.954947695136070251e-02 -1.112684011459350586e+00
2.092268943786621094e+00 4.467381536960601807e-02 -9.001413583755493164e-01
1.904515385627746582e+00 3.324701637029647827e-02 -8.316687345504760742e-01
1.830914378166198730e+00 2.392085269093513489e-02 -8.146013021469116211e-01
2.029388427734375000e+00 3.383817151188850403e-02 -9.212289452552795410e-01
1.915452837944030762e+00 2.742843702435493469e-02 -8.764583468437194824e-01
1.837600588798522949e+00 3.124271705746650696e-02 -8.365146517753601074e-01
2.116459846496582031e+00 4.798254370689392090e-02 -1.040730476379394531e+00
2.056366443634033203e+00 5.196617171168327332e-02 -1.032670378684997559e+00
2.147162437438964844e+00 6.228329613804817200e-02 -1.165397524833679199e+00
2.061800003051757812e+00 5.996629223227500916e-02 -1.073955297470092773e+00
2.197630882263183594e+00 6.166843697428703308e-02 -1.114428997039794922e+00
2.105895996093750000e+00 5.178903043270111084e-02 -1.022283911705017090e+00
1.961404204368591309e+00 4.614172875881195068e-02 -9.466642141342163086e-01
2.047404289245605469e+00 5.475597456097602844e-02 -1.020130872726440430e+00
1.900458931922912598e+00 5.202402547001838684e-02 -9.918871521949768066e-01
1.868299126625061035e+00 5.232224613428115845e-02 -9.846884012222290039e-01
1.872360825538635254e+00 5.034863203763961792e-02 -1.009323477745056152e+00
2.027472019195556641e+00 6.210657209157943726e-02 -1.089512109756469727e+00
1.909800410270690918e+00 5.541063472628593445e-02 -1.033361434936523438e+00
1.914523243904113770e+00 4.855862259864807129e-02 -9.346948862075805664e-01
2.000339031219482422e+00 5.070223659276962280e-02 -1.021768331527709961e+00
2.037551403045654297e+00 5.234179273247718811e-02 -1.019694209098815918e+00
2.014560699462890625e+00 5.476553365588188171e-02 -1.055589914321899414e+00
2.115950107574462891e+00 5.979784578084945679e-02 -1.105472326278686523e+00
2.132789611816406250e+00 6.186349317431449890e-02 -1.114548921585083008e+00
2.076960563659667969e+00 5.813361704349517822e-02 -1.083183526992797852e+00
2.035321235656738281e+00 5.780572444200515747e-02 -1.065237045288085938e+00
2.060236454010009766e+00 5.943567305803298950e-02 -1.073746562004089355e+00
2.197628021240234375e+00 6.668434292078018188e-02 -1.187904119491577148e+00
2.164313793182373047e+00 6.331277638673782349e-02 -1.115048885345458984e+00
2.173202991485595703e+00 5.866324901580810547e-02 -1.113169908523559570e+00
2.096431255340576172e+00 5.894292518496513367e-02 -1.087720632553100586e+00
2.104193210601806641e+00 5.852694064378738403e-02 -1.103163838386535645e+00
2.217945575714111328e+00 6.253672391176223755e-02 -1.136180877685546875e+00
2.180226802825927734e+00 6.110516190528869629e-02 -1.126004576683044434e+00
2.177028656005859375e+00 5.722884461283683777e-02 -1.119530677795410156e+00
2.297930240631103516e+00 6.347933411598205566e-02 -1.142685055732727051e+00
2.337778091430664062e+00 6.538639217615127563e-02 -1.182740211486816406e+00
2.423422813415527344e+00 6.697893142700195312e-02 -1.211880922317504883e+00
2.374336719512939453e+00 6.582733243703842163e-02 -1.160391807556152344e+00
2.188070774078369141e+00 5.466167628765106201e-02 -1.039587736129760742e+00
2.350074291229248047e+00 6.275895982980728149e-02 -1.136097431182861328e+00
2.319470882415771484e+00 5.723347514867782593e-02 -1.062176585197448730e+00
2.182626247406005859e+00 5.326261371374130249e-02 -1.041433572769165039e+00
1.948839068412780762e+00 4.073848947882652283e-02 -9.209048748016357422e-01
1.556327223777770996e+00 2.679083496332168579e-02 -7.751294970512390137e-01
1.894960045814514160e+00 3.790679574012756348e-02 -9.440109133720397949e-01
1.945182442665100098e+00 3.794068470597267151e-02 -1.009057641029357910e+00
1.887694954872131348e+00 3.976005315780639648e-02 -9.331389665603637695e-01
1.862205386161804199e+00 4.134643077850341797e-02 -9.011437892913818359e-01
1.807962298393249512e+00 4.032309353351593018e-02 -9.143788814544677734e-01
1.777186512947082520e+00 3.722788393497467041e-02 -8.619801998138427734e-01
1.830444931983947754e+00 3.754742071032524109e-02 -8.874613642692565918e-01
1.719251990318298340e+00 3.847648203372955322e-02 -8.805393576622009277e-01
1.942769169807434082e+00 4.218081384897232056e-02 -9.790819883346557617e-01
2.006141662597656250e+00 4.022619128227233887e-02 -9.500855207443237305e-01
1.767251372337341309e+00 3.158277273178100586e-02 -8.555639386177062988e-01
1.687330365180969238e+00 3.023673593997955322e-02 -8.381680250167846680e-01
1.870018362998962402e+00 3.319897130131721497e-02 -8.372924327850341797e-01
1.937797427177429199e+00 4.416861012578010559e-02 -9.726198315620422363e-01
1.920614123344421387e+00 5.125989764928817749e-02 -1.085708141326904297e+00
1.786750674247741699e+00 3.764671459794044495e-02 -8.882427811622619629e-01
1.788213849067687988e+00 3.814441710710525513e-02 -8.812487721443176270e-01
1.962432980537414551e+00 5.000509694218635559e-02 -1.014794349670410156e+00
1.900568366050720215e+00 5.060178786516189575e-02 -1.017046093940734863e+00
1.919417262077331543e+00 5.279844254255294800e-02 -9.965599775314331055e-01
1.888289093971252441e+00 5.095865204930305481e-02 -1.004878163337707520e+00
2.065115928649902344e+00 6.381338089704513550e-02 -1.163343667984008789e+00
2.010821819305419922e+00 6.160658597946166992e-02 -1.054283380508422852e+00
1.941564917564392090e+00 5.078945681452751160e-02 -8.754361271858215332e-01
1.853038430213928223e+00 4.369324445724487305e-02 -8.572070002555847168e-01
1.673948168754577637e+00 3.443878516554832458e-02 -7.373763322830200195e-01
1.957557320594787598e+00 5.048125237226486206e-02 -9.735858440399169922e-01
1.976651787757873535e+00 5.403253436088562012e-02 -1.014446258544921875e+00
2.132236480712890625e+00 6.073537841439247131e-02 -1.129729866981506348e+00
2.132600307464599609e+00 6.573147326707839966e-02 -1.182075262069702148e+00
1.950829148292541504e+00 5.965299904346466064e-02 -9.620134830474853516e-01
2.002333164215087891e+00 5.774942040443420410e-02 -9.849439859390258789e-01
2.120280265808105469e+00 6.158753484487533569e-02 -1.087409496307373047e+00
2.191618919372558594e+00 6.741343438625335693e-02 -1.204656124114990234e+00
2.067619323730468750e+00 6.065324693918228149e-02 -1.111768126487731934e+00
2.088622570037841797e+00 6.023613363504409790e-02 -1.027851700782775879e+00
2.031367301940917969e+00 5.878922715783119202e-02 -1.081670403480529785e+00
2.218439102172851562e+00 5.535838007926940918e-02 -1.063016414642333984e+00
2.103427886962890625e+00 6.069454178214073181e-02 -1.072439670562744141e+00
1.917644619941711426e+00 5.909524485468864441e-02 -9.879457950592041016e-01
1.895337939262390137e+00 6.124330684542655945e-02 -9.962122440338134766e-01
1.751717686653137207e+00 5.566859245300292969e-02 -9.335977435111999512e-01
1.853059649467468262e+00 5.409761145710945129e-02 -9.021612405776977539e-01
1.859805226325988770e+00 5.282579734921455383e-02 -9.022172689437866211e-01
1.975432991981506348e+00 6.028229743242263794e-02 -1.045094490051269531e+00
2.026016712188720703e+00 6.282596290111541748e-02 -1.097732424736022949e+00
2.081422328948974609e+00 6.359254568815231323e-02 -1.115720033645629883e+00
2.035145282745361328e+00 6.053416803479194641e-02 -1.062981724739074707e+00
2.056303501129150391e+00 6.183022633194923401e-02 -1.119772076606750488e+00
1.944219946861267090e+00 6.143669039011001587e-02 -1.113016486167907715e+00
1.931136965751647949e+00 5.949610099196434021e-02 -1.049517035484313965e+00
2.004724502563476562e+00 6.236208230257034302e-02 -1.064842939376831055e+00
1.912517666816711426e+00 5.668588727712631226e-02 -1.020142316818237305e+00
2.156060695648193359e+00 5.823790282011032104e-02 -1.080071926116943359e+00
1.861968159675598145e+00 5.603681504726409912e-02 -9.730882644653320312e-01
1.857213377952575684e+00 5.825278908014297485e-02 -1.032385230064392090e+00
2.066333293914794922e+00 6.152020767331123352e-02 -1.094644546508789062e+00
2.014864444732666016e+00 6.735446304082870483e-02 -1.090864181518554688e+00
2.005318641662597656e+00 6.817247718572616577e-02 -1.128150463104248047e+00
2.066877841949462891e+00 5.774198472499847412e-02 -1.041233897209167480e+00
2.059249401092529297e+00 6.406346708536148071e-02 -1.067782640457153320e+00
1.812445759773254395e+00 4.865630343556404114e-02 -8.866568803787231445e-01
2.042068958282470703e+00 5.807866901159286499e-02 -1.003555536270141602e+00
1.854144454002380371e+00 5.190403759479522705e-02 -9.141323566436767578e-01
1.723999381065368652e+00 4.392397776246070862e-02 -8.301090598106384277e-01
1.855025172233581543e+00 4.308554530143737793e-02 -8.585664629936218262e-01
1.693739295005798340e+00 4.169603437185287476e-02 -7.735859155654907227e-01
1.762602210044860840e+00 4.540132358670234680e-02 -8.409744501113891602e-01
2.009647369384765625e+00 5.546573549509048462e-02 -9.494730830192565918e-01
2.093603134155273438e+00 5.902608111500740051e-02 -1.000917196273803711e+00
2.077721595764160156e+00 5.262601375579833984e-02 -9.694004058837890625e-01
2.027025699615478516e+00 5.099731683731079102e-02 -9.698287248611450195e-01
1.905615687370300293e+00 4.856225103139877319e-02 -9.006346464157104492e-01
1.938608527183532715e+00 5.110295861959457397e-02 -9.568257331848144531e-01
1.939198851585388184e+00 4.957595840096473694e-02 -9.291207194328308105e-01
1.874047160148620605e+00 4.704289883375167847e-02 -8.709763288497924805e-01
1.951867222785949707e+00 5.045755952596664429e-02 -9.262182116508483887e-01
1.968919396400451660e+00 4.902165383100509644e-02 -9.352555274963378906e-01
1.986691594123840332e+00 4.885177314281463623e-02 -9.037623405456542969e-01
1.870125651359558105e+00 4.953845962882041931e-02 -8.911560177803039551e-01
1.935857653617858887e+00 4.576056823134422302e-02 -8.440589308738708496e-01
1.898123145103454590e+00 5.330731719732284546e-02 -9.328359365463256836e-01
2.047931194305419922e+00 5.555547028779983521e-02 -9.949687719345092773e-01
1.964028954505920410e+00 4.921922832727432251e-02 -8.920693993568420410e-01
1.911717057228088379e+00 5.393693968653678894e-02 -9.293816089630126953e-01
1.977905631065368652e+00 5.342322587966918945e-02 -9.229599237442016602e-01
2.075835227966308594e+00 5.273599177598953247e-02 -9.368963241577148438e-01
2.037944793701171875e+00 6.493158638477325439e-02 -1.025849342346191406e+00
1.996711850166320801e+00 6.183578446507453918e-02 -9.947067499160766602e-01
1.870795845985412598e+00 5.523797124624252319e-02 -9.280886054039001465e-01
1.914018034934997559e+00 5.579139292240142822e-02 -9.263502359390258789e-01
1.876480937004089355e+00 6.215389817953109741e-02 -9.640838503837585449e-01
1.968619942665100098e+00 6.386108696460723877e-02 -1.004680037498474121e+00
1.687272667884826660e+00 5.968720465898513794e-02 -9.039992094039916992e-01
1.736422657966613770e+00 6.561178714036941528e-02 -9.438957571983337402e-01
1.757902264595031738e+00 6.561183184385299683e-02 -9.343242645263671875e-01
1.665131926536560059e+00 6.096140295267105103e-02 -8.435910344123840332e-01
1.665942072868347168e+00 6.402149796485900879e-02 -8.633377552032470703e-01
1.595839381217956543e+00 6.288295239210128784e-02 -8.752763867378234863e-01
1.609737992286682129e+00 6.610222160816192627e-02 -9.567914009094238281e-01
1.537623524665832520e+00 5.972373113036155701e-02 -9.201261997222900391e-01
1.381045222282409668e+00 5.181083828210830688e-02 -8.503006696701049805e-01
1.343336939811706543e+00 5.029108747839927673e-02 -7.881976962089538574e-01
1.344711899757385254e+00 5.748339742422103882e-02 -7.867208719253540039e-01
1.091021180152893066e+00 4.163717478513717651e-02 -7.418227195739746094e-01
1.042170166969299316e+00 5.237578228116035461e-02 -7.331283092498779297e-01
9.062892198562622070e-01 5.375244468450546265e-02 -8.354953527450561523e-01
1.005388617515563965e+00 4.825191944837570190e-02 -7.694939970970153809e-01
8.955885171890258789e-01 2.816940844058990479e-02 -6.934099793434143066e-01
8.728784322738647461e-01 2.689496800303459167e-02 -7.257892489433288574e-01
9.400888681411743164e-01 5.581258982419967651e-02 -1.120270013809204102e+00
9.382385015487670898e-01 5.169623345136642456e-02 -1.040472865104675293e+00
9.416342973709106445e-01 4.705759137868881226e-02 -1.078990459442138672e+00
9.352933168411254883e-01 3.211621567606925964e-02 -1.035862684249877930e+00
1.122912764549255371e+00 4.846548289060592651e-02 -1.147409796714782715e+00
1.122926115989685059e+00 4.192683845758438110e-02 -1.073831677436828613e+00
1.063191533088684082e+00 4.523526132106781006e-02 -1.054093837738037109e+00
1.099615216255187988e+00 6.715279072523117065e-02 -1.326122641563415527e+00
1.095713496208190918e+00 7.736669480800628662e-02 -1.430650711059570312e+00
1.109357714653015137e+00 6.454472243785858154e-02 -1.334876775741577148e+00
9.463337659835815430e-01 6.371844559907913208e-02 -1.361749649047851562e+00
9.366565942764282227e-01 6.629670411348342896e-02 -1.360353112220764160e+00
1.020976662635803223e+00 6.793813407421112061e-02 -1.444969654083251953e+00
9.220677614212036133e-01 5.799822881817817688e-02 -1.343257665634155273e+00
7.133182287216186523e-01 4.945458099246025085e-02 -1.303560853004455566e+00
7.186962366104125977e-01 4.847962409257888794e-02 -1.330488920211791992e+00
7.852420806884765625e-01 4.500900954008102417e-02 -1.286953449249267578e+00
5.750586986541748047e-01 3.346377983689308167e-02 -1.186854839324951172e+00
6.915555000305175781e-01 6.038102507591247559e-02 -1.470796585083007812e+00
6.118496656417846680e-01 6.692472845315933228e-02 -1.542138099670410156e+00
3.858528137207031250e-01 5.992856249213218689e-02 -1.480454683303833008e+00
3.122760057449340820e-01 6.680135428905487061e-02 -1.603488564491271973e+00
4.458422660827636719e-01 8.028490096330642700e-02 -1.680535554885864258e+00
5.007407665252685547e-01 7.959949970245361328e-02 -1.603170037269592285e+00
1.203725337982177734e-01 6.588830798864364624e-02 -1.527663826942443848e+00
1.499516963958740234e-01 5.789025872945785522e-02 -1.425825119018554688e+00
-5.765736103057861328e-02 4.744424670934677124e-02 -1.340207815170288086e+00
-1.582481861114501953e-01 4.944338276982307434e-02 -1.425408601760864258e+00
-2.563534379005432129e-01 3.731493651866912842e-02 -1.291226863861083984e+00
-2.679132223129272461e-01 3.895243629813194275e-02 -1.344307422637939453e+00
-3.374765515327453613e-01 3.029100969433784485e-02 -1.260298252105712891e+00
-4.799711704254150391e-01 3.526069596409797668e-02 -1.294891357421875000e+00
-4.020095467567443848e-01 3.195570036768913269e-02 -1.252166509628295898e+00
-3.473969697952270508e-01 3.337109833955764771e-02 -1.268556475639343262e+00
-4.458248019218444824e-01 3.380240872502326965e-02 -1.319236516952514648e+00
-5.525779724121093750e-01 2.806322276592254639e-02 -1.233149290084838867e+00
-4.875168204307556152e-01 2.447165921330451965e-02 -1.204334974288940430e+00
-6.034811735153198242e-01 3.507298976182937622e-02 -1.293633222579956055e+00
-4.032737016677856445e-01 4.185549914836883545e-02 -1.333198547363281250e+00
-3.753066062927246094e-01 3.895077854394912720e-02 -1.241065740585327148e+00
-3.392797708511352539e-01 4.938889294862747192e-02 -1.451721429824829102e+00
-4.521009325981140137e-01 3.784115612506866455e-02 -1.318367719650268555e+00
-5.009484291076660156e-01 2.349516749382019043e-02 -1.117671608924865723e+00
-5.964924097061157227e-01 2.774080634117126465e-02 -1.228638887405395508e+00
-5.933268666267395020e-01 2.838605269789695740e-02 -1.211334466934204102e+00
-5.631824135780334473e-01 2.625561133027076721e-02 -1.066014766693115234e+00
-6.920094490051269531e-01 3.072882443666458130e-02 -1.037893056869506836e+00
-6.338984966278076172e-01 2.409187331795692444e-02 -1.012867212295532227e+00
-8.203406929969787598e-01 2.663020417094230652e-02 -1.011102080345153809e+00
-9.320204257965087891e-01 4.023387655615806580e-02 -1.059633731842041016e+00
-9.894584417343139648e-01 3.366062045097351074e-02 -1.050751686096191406e+00
-1.073059439659118652e+00 3.719779103994369507e-02 -1.101658344268798828e+00
-1.186105370521545410e+00 4.235879331827163696e-02 -1.140968561172485352e+00
-1.112938523292541504e+00 3.919545933604240417e-02 -1.101405978202819824e+00
-1.027550339698791504e+00 3.761035948991775513e-02 -9.775408506393432617e-01
-1.072226881980895996e+00 3.954266756772994995e-02 -9.871566295623779297e-01
-9.379048347473144531e-01 3.866328299045562744e-02 -8.317552804946899414e-01
-9.398908615112304688e-01 3.615948185324668884e-02 -7.977909445762634277e-01
-1.047666311264038086e+00 3.358123824000358582e-02 -8.205193877220153809e-01
-9.388623833656311035e-01 3.751789405941963196e-02 -8.405411243438720703e-01
-9.191695451736450195e-01 3.374286741018295288e-02 -7.779647707939147949e-01
-9.767925739288330078e-01 3.307847306132316589e-02 -7.820322513580322266e-01
-1.041754484176635742e+00 3.028997033834457397e-02 -7.446678876876831055e-01
-1.116047859191894531e+00 3.452777117490768433e-02 -7.548436522483825684e-01
-1.255279183387756348e+00 3.755222260951995850e-02 -7.962271571159362793e-01
-1.149078249931335449e+00 4.091499000787734985e-02 -7.301124334335327148e-01
-1.013648629188537598e+00 3.720900416374206543e-02 -6.262065172195434570e-01
-1.025611042976379395e+00 3.435065969824790955e-02 -5.831573009490966797e-01
-1.083572149276733398e+00 3.527682274580001831e-02 -6.132341027259826660e-01
-1.137942314147949219e+00 3.557632863521575928e-02 -5.807183980941772461e-01
-1.128466248512268066e+00 3.474601358175277710e-02 -5.768753886222839355e-01
-1.132647633552551270e+00 3.599121794104576111e-02 -5.363521575927734375e-01
-1.126079320907592773e+00 3.350712731480598450e-02 -4.765667319297790527e-01
-1.324429035186767578e+00 3.231298923492431641e-02 -4.629647135734558105e-01
-1.147605657577514648e+00 4.400734975934028625e-02 -4.185455441474914551e-01
-1.236415624618530273e+00 3.776866570115089417e-02 -4.031995534896850586e-01
-1.260665416717529297e+00 3.181878477334976196e-02 -4.076132774353027344e-01
-1.314273715019226074e+00 3.249654173851013184e-02 -3.994193971157073975e-01
-1.440526604652404785e+00 3.250081837177276611e-02 -3.748925924301147461e-01
-1.396768093109130859e+00 3.362230956554412842e-02 -3.299607634544372559e-01
-1.547516107559204102e+00 3.370528295636177063e-02 -3.224504292011260986e-01
-1.609855413436889648e+00 2.978553995490074158e-02 -3.292569220066070557e-01
-1.528633356094360352e+00 2.832571417093276978e-02 -3.437522053718566895e-01
-1.461736202239990234e+00 3.041948005557060242e-02 -3.251038193702697754e-01
-1.515104651451110840e+00 3.763785585761070251e-02 -3.269557952880859375e-01
-1.633800745010375977e+00 3.184126317501068115e-02 -2.622292041778564453e-01
-1.547369003295898438e+00 3.713285550475120544e-02 -2.718012630939483643e-01
-1.485162973403930664e+00 3.651165589690208435e-02 -2.122646570205688477e-01
-1.443673253059387207e+00 3.874075412750244141e-02 -2.775833308696746826e-01
-1.489000201225280762e+00 4.343909770250320435e-02 -2.227235138416290283e-01
-1.423975229263305664e+00 4.290656745433807373e-02 -2.113211154937744141e-01
-1.340615034103393555e+00 4.003006964921951294e-02 -2.142399251461029053e-01
-1.316084742546081543e+00 4.470542818307876587e-02 -1.769382953643798828e-01
-1.286046147346496582e+00 4.287620261311531067e-02 -1.180670857429504395e-01
-1.308685183525085449e+00 4.133176803588867188e-02 -1.541733741760253906e-01
-1.332137703895568848e+00 4.222510755062103271e-02 -1.292781233787536621e-01
-1.253479838371276855e+00 4.627731442451477051e-02 -1.171802878379821777e-01
-1.163014411926269531e+00 4.648794978857040405e-02 -1.249921321868896484e-01
-1.196442008018493652e+00 4.394386708736419678e-02 -9.439498186111450195e-02
-1.220889210700988770e+00 4.644195735454559326e-02 -8.735328912734985352e-02
-1.219477891921997070e+00 4.527678340673446655e-02 -1.072642803192138672e-01
-1.177735805511474609e+00 4.723719507455825806e-02 -1.032459735870361328e-01
-1.116446375846862793e+00 4.740217700600624084e-02 -9.297966957092285156e-02
-1.142382502555847168e+00 4.607556387782096863e-02 -1.139876842498779297e-01
-1.221735119819641113e+00 5.053535103797912598e-02 -1.001812219619750977e-01
-1.098335266113281250e+00 4.976565763354301453e-02 -7.334256172180175781e-02
-1.179069161415100098e+00 5.239537358283996582e-02 -8.324539661407470703e-02
-1.131420016288757324e+00 5.072411894798278809e-02 -7.247459888458251953e-02
-1.162450075149536133e+00 4.864855110645294189e-02 -8.373349905014038086e-02
-1.137190103530883789e+00 5.091363191604614258e-02 -8.882516622543334961e-02
-1.199458360671997070e+00 5.606648698449134827e-02 -1.025464534759521484e-01
-1.071228504180908203e+00 5.524209141731262207e-02 -6.240707635879516602e-02
-1.145836353302001953e+00 5.278075113892555237e-02 -9.242087602615356445e-02
-1.062804222106933594e+00 4.507630690932273865e-02 -7.992100715637207031e-02
-1.031437754631042480e+00 4.641662910580635071e-02 -8.458781242370605469e-02
-1.031972169876098633e+00 4.616741836071014404e-02 -4.722934961318969727e-02
-1.245345354080200195e+00 4.512309655547142029e-02 -7.690453529357910156e-02
-1.315210461616516113e+00 4.560286551713943481e-02 -6.637942790985107422e-02
-1.276462912559509277e+00 5.097642540931701660e-02 -9.180933237075805664e-02
-1.373679637908935547e+00 4.694591835141181946e-02 -8.817923069000244141e-02
-1.322532892227172852e+00 4.382407292723655701e-02 -7.944750785827636719e-02
-1.328253030776977539e+00 3.999863564968109131e-02 -6.721699237823486328e-02
-1.323507905006408691e+00 3.533991053700447083e-02 -6.505870819091796875e-02
-1.399495363235473633e+00 3.399297967553138733e-02 -7.422822713851928711e-02
-1.388760924339294434e+00 3.769332915544509888e-02 -1.518446207046508789e-02
-1.456265568733215332e+00 3.609751537442207336e-02 -1.875698566436767578e-02
-1.326994299888610840e+00 3.036712482571601868e-02 -1.361805200576782227e-02
-1.238072395324707031e+00 2.904013916850090027e-02 -2.383065223693847656e-02
-1.227074503898620605e+00 2.234419807791709900e-02 -1.046329736709594727e-02
-1.362945318222045898e+00 2.243896573781967163e-02 -2.928376197814941406e-03
-1.336110591888427734e+00 2.436848357319831848e-02 -1.179438829421997070e-02
-1.343674540519714355e+00 2.886545285582542419e-02 -3.059506416320800781e-04
-1.275939941406250000e+00 3.516921401023864746e-02 1.693785190582275391e-02
-1.108612298965454102e+00 3.407614678144454956e-02 4.369795322418212891e-02
-1.006597161293029785e+00 2.955635637044906616e-02 7.436048984527587891e-02
-1.027964830398559570e+00 2.836415544152259827e-02 1.346478462219238281e-01
-9.786070585250854492e-01 2.803620696067810059e-02 1.541020274162292480e-01
-9.204292297363281250e-01 2.580327913165092468e-02 1.552484035491943359e-01
-8.478919863700866699e-01 2.403474226593971252e-02 1.604480743408203125e-01
-8.217728137969970703e-01 2.269572019577026367e-02 1.572062373161315918e-01
-8.601499199867248535e-01 2.488936111330986023e-02 2.309160232543945312e-01
-8.348643183708190918e-01 3.123033046722412109e-02 3.476105928421020508e-01
-9.492852091789245605e-01 3.167145326733589172e-02 4.296491146087646484e-01
-9.239809513092041016e-01 3.120703622698783875e-02 4.755854606628417969e-01
-9.413847327232360840e-01 2.668638527393341064e-02 4.852643013000488281e-01
-9.292750358581542969e-01 2.728065103292465210e-02 5.521988868713378906e-01
-9.144273996353149414e-01 2.578928694128990173e-02 5.537650585174560547e-01
-8.347766399383544922e-01 2.509542554616928101e-02 5.648659467697143555e-01
-8.812369108200073242e-01 2.195623889565467834e-02 6.129306554794311523e-01
-8.581964969635009766e-01 2.661387994885444641e-02 6.994838714599609375e-01
-8.570569753646850586e-01 2.344346046447753906e-02 7.313567399978637695e-01
-8.284016847610473633e-01 1.986941695213317871e-02 7.870792150497436523e-01
-7.683241367340087891e-01 2.377420663833618164e-02 7.847458124160766602e-01
-7.248375415802001953e-01 2.252232283353805542e-02 8.168923854827880859e-01
-6.744114756584167480e-01 2.036263421177864075e-02 8.137047290802001953e-01
-6.304162740707397461e-01 1.954599469900131226e-02 8.249620199203491211e-01
-6.972643136978149414e-01 1.665306463837623596e-02 9.507009983062744141e-01
-6.556701660156250000e-01 1.242007315158843994e-02 9.713603258132934570e-01
-6.530011296272277832e-01 6.677016615867614746e-03 1.009726405143737793e+00
-5.477731227874755859e-01 8.735198527574539185e-03 8.582541942596435547e-01
-4.924873709678649902e-01 1.325003057718276978e-02 9.441661834716796875e-01
-4.168319106101989746e-01 1.634383201599121094e-02 9.171684980392456055e-01
-3.763128519058227539e-01 1.831700652837753296e-02 9.119564294815063477e-01
-3.410301208496093750e-01 1.520394533872604370e-02 9.327627420425415039e-01
-3.223470449447631836e-01 1.427925750613212585e-02 9.080708026885986328e-01
-3.210693597793579102e-01 6.849020719528198242e-03 9.571952819824218750e-01
-2.818118929862976074e-01 1.064550504088401794e-02 1.016531705856323242e+00
-3.359594345092773438e-01 4.954934120178222656e-03 9.381080865859985352e-01
-3.623772859573364258e-01 6.949186325073242188e-03 1.001688957214355469e+00
-2.206940054893493652e-01 -1.892909407615661621e-03 1.009569287300109863e+00
-1.429419517517089844e-01 -9.910419583320617676e-03 1.026851296424865723e+00
-9.501647949218750000e-02 1.781746745109558105e-03 9.871016740798950195e-01
-8.050024509429931641e-02 1.285001635551452637e-03 9.802794456481933594e-01
-1.158542633056640625e-01 4.889667034149169922e-04 1.020242452621459961e+00
-2.144980430603027344e-02 -9.341314435005187988e-04 1.012861132621765137e+00
-3.733611106872558594e-02 1.357451081275939941e-03 1.130702853202819824e+00
-2.064776420593261719e-02 -3.036469221115112305e-03 1.110361576080322266e+00
8.849287033081054688e-02 -7.717028260231018066e-03 1.018642783164978027e+00
1.438096761703491211e-01 -1.623822003602981567e-02 1.062860846519470215e+00
2.649683952331542969e-01 -1.406016945838928223e-02 1.015360116958618164e+00
2.913600206375122070e-01 -1.466628164052963257e-02 1.091558694839477539e+00
2.400925159454345703e-01 -2.062877267599105835e-02 1.061490297317504883e+00
1.855990886688232422e-01 -2.145353704690933228e-02 1.100274443626403809e+00
4.479185342788696289e-01 -2.283644676208496094e-02 9.612975120544433594e-01
4.274415969848632812e-01 -2.403719723224639893e-02 9.854878187179565430e-01
4.015132188796997070e-01 -2.546264976263046265e-02 9.735616445541381836e-01
4.047710895538330078e-01 -2.574371546506881714e-02 9.850697517395019531e-01
4.361835718154907227e-01 -2.633168548345565796e-02 9.992228746414184570e-01
3.702771663665771484e-01 -2.767347544431686401e-02 1.015397548675537109e+00
4.565055370330810547e-01 -2.901170402765274048e-02 1.010801315307617188e+00
5.066957473754882812e-01 -3.387723863124847412e-02 1.053047776222229004e+00
5.133104324340820312e-01 -3.381424397230148315e-02 1.110761404037475586e+00
5.710222721099853516e-01 -2.854721248149871826e-02 1.139860153198242188e+00
5.768487453460693359e-01 -2.793331444263458252e-02 1.128764748573303223e+00
5.553399324417114258e-01 -2.689114958047866821e-02 1.237856268882751465e+00
5.354545116424560547e-01 -2.316594123840332031e-02 1.260766267776489258e+00
5.375298261642456055e-01 -2.055777609348297119e-02 1.194807291030883789e+00
5.231029987335205078e-01 -1.561123877763748169e-02 1.144158959388732910e+00
4.977198839187622070e-01 -1.138780266046524048e-02 1.096119523048400879e+00
5.287877321243286133e-01 -7.457353174686431885e-03 1.114694714546203613e+00
5.455981492996215820e-01 -8.298523724079132080e-03 1.029237866401672363e+00
5.370987653732299805e-01 -8.648373186588287354e-03 1.002374172210693359e+00
5.948129892349243164e-01 -2.258725464344024658e-03 1.020614147186279297e+00
5.584264993667602539e-01 -5.353696644306182861e-03 1.021253585815429688e+00
5.719228982925415039e-01 -6.571657955646514893e-03 1.020773410797119141e+00
5.514951944351196289e-01 -7.313258945941925049e-03 1.005870699882507324e+00
5.878545045852661133e-01 -7.113493978977203369e-03 1.035098552703857422e+00
5.890914201736450195e-01 -6.344802677631378174e-03 1.005234122276306152e+00
5.653530359268188477e-01 -5.853123962879180908e-03 1.052479624748229980e+00
5.633846521377563477e-01 -5.561538040637969971e-03 1.036051034927368164e+00
