-2.926337718963623047e-02 -9.400591254234313965e-03 9.231369495391845703e-01
-6.171452999114990234e-02 -5.010418593883514404e-03 1.045191407203674316e+00
7.775425910949707031e-03 -6.488844752311706543e-03 1.174956321716308594e+00
-7.004380226135253906e-03 -4.751615226268768311e-03 1.154742717742919922e+00
1.493799686431884766e-02 -3.776542842388153076e-03 1.002709150314331055e+00
-8.138775825500488281e-03 -6.847463548183441162e-03 1.021196603775024414e+00
-6.454002857208251953e-02 -7.748633623123168945e-03 9.981923103332519531e-01
-6.265902519226074219e-02 -6.354175508022308350e-03 9.817726612091064453e-01
-5.965125560760498047e-02 -8.629225194454193115e-03 1.035725474357604980e+00
-5.023217201232910156e-02 -1.309327036142349243e-02 1.017458319664001465e+00
-2.875733375549316406e-02 -1.200637221336364746e-02 1.069069862365722656e+00
-5.336499214172363281e-02 -1.048041135072708130e-02 1.093921542167663574e+00
-3.301036357879638672e-02 -1.173033565282821655e-02 1.113330483436584473e+00
-4.854702949523925781e-02 -1.837414503097534180e-02 1.136553168296813965e+00
-9.477889537811279297e-02 -1.396404951810836792e-02 1.152402758598327637e+00
-7.940495014190673828e-02 -1.882721483707427979e-02 1.156740546226501465e+00
-8.500170707702636719e-02 -2.024748921394348145e-02 1.132670640945434570e+00
-9.463787078857421875e-02 -1.924800127744674683e-02 1.141089200973510742e+00
-9.488558769226074219e-02 -1.748482137918472290e-02 1.122909784317016602e+00
-1.214315891265869141e-01 -1.630386710166931152e-02 1.103628754615783691e+00
-8.080887794494628906e-02 -1.470522582530975342e-02 1.027197718620300293e+00
-7.761824131011962891e-02 -1.646483689546585083e-02 1.045532464981079102e+00
-3.449857234954833984e-02 -1.596866548061370850e-02 1.014870882034301758e+00
-9.826421737670898438e-03 -1.663877069950103760e-02 1.033588290214538574e+00
-1.991820335388183594e-02 -9.604275226593017578e-03 1.131244063377380371e+00
7.486343383789062500e-04 -1.031161099672317505e-02 1.045397162437438965e+00
-3.351283073425292969e-02 -9.449355304241180420e-03 1.065216064453125000e+00
-6.787812709808349609e-02 -7.725112140178680420e-03 1.108107924461364746e+00
-4.796516895294189453e-02 -1.272969692945480347e-02 9.744769334793090820e-01
-3.730487823486328125e-02 -1.549455523490905762e-02 9.011729955673217773e-01
-6.505763530731201172e-02 -1.424021273851394653e-02 8.855032920837402344e-01
-1.618444919586181641e-02 -1.292633265256881714e-02 9.739606380462646484e-01
3.571248054504394531e-02 -2.101063728332519531e-02 9.178431034088134766e-01
2.529442310333251953e-02 -2.226064354181289673e-02 9.347945451736450195e-01
5.970358848571777344e-03 -2.127935737371444702e-02 9.565421342849731445e-01
4.912149906158447266e-02 -3.067383915185928345e-02 8.426415920257568359e-01
3.260326385498046875e-02 -3.221086412668228149e-02 8.436601161956787109e-01
-3.245198726654052734e-02 -3.204938769340515137e-02 8.214433193206787109e-01
-4.968583583831787109e-02 -2.228602021932601929e-02 9.022465944290161133e-01
-4.674518108367919922e-02 -1.654203236103057861e-02 9.227544069290161133e-01
5.083560943603515625e-03 -2.666079252958297729e-02 8.527752161026000977e-01
-8.959054946899414062e-03 -3.002227097749710083e-02 8.215414285659790039e-01
-2.980291843414306641e-02 -2.281551808118820190e-02 8.644505739212036133e-01
-9.394288063049316406e-03 -2.487387508153915405e-02 8.176615238189697266e-01
1.111125946044921875e-02 -2.312393486499786377e-02 8.303133249282836914e-01
-1.211500167846679688e-02 -2.439694106578826904e-02 8.304706811904907227e-01
4.979705810546875000e-02 -2.510580420494079590e-02 8.403733968734741211e-01
2.758920192718505859e-02 -4.122459888458251953e-02 7.044430971145629883e-01
4.225444793701171875e-02 -2.481916546821594238e-02 7.895814180374145508e-01
8.908033370971679688e-03 -2.219431102275848389e-02 8.264377117156982422e-01
-1.835966110229492188e-02 -2.922076731920242310e-02 7.043297290802001953e-01
-3.123438358306884766e-02 -3.209390491247177124e-02 6.527338027954101562e-01
-9.583234786987304688e-03 -2.876868844032287598e-02 6.648690700531005859e-01
1.440024375915527344e-02 -3.899974375963211060e-02 6.010286808013916016e-01
2.597868442535400391e-02 -4.021865129470825195e-02 6.116453409194946289e-01
-2.296447753906250000e-02 -4.000327736139297485e-02 5.963500738143920898e-01
-5.311310291290283203e-02 -3.609453886747360229e-02 5.780844688415527344e-01
-8.022880554199218750e-02 -3.670457005500793457e-02 5.474510192871093750e-01
-1.202059984207153320e-01 -3.495030105113983154e-02 5.489777326583862305e-01
-4.814398288726806641e-02 -3.359420597553253174e-02 5.814887285232543945e-01
-3.362596035003662109e-02 -3.182338923215866089e-02 5.486704111099243164e-01
-4.745197296142578125e-02 -2.708321809768676758e-02 5.651215314865112305e-01
4.124164581298828125e-03 -3.130368888378143311e-02 6.012619733810424805e-01
-5.180346965789794922e-02 -3.049454092979431152e-02 5.714342594146728516e-01
-7.426667213439941406e-02 -2.910152822732925415e-02 5.278289318084716797e-01
-7.270264625549316406e-02 -3.207024931907653809e-02 5.975787639617919922e-01
-9.425747394561767578e-02 -3.337436914443969727e-02 4.967538118362426758e-01
-1.370232105255126953e-01 -3.260489553213119507e-02 4.943042993545532227e-01
-1.293818950653076172e-01 -3.455355763435363770e-02 5.839676856994628906e-01
-9.717977046966552734e-02 -3.990168869495391846e-02 5.933984518051147461e-01
-1.326657533645629883e-01 -4.227106273174285889e-02 5.827838182449340820e-01
-1.640601158142089844e-01 -4.689688980579376221e-02 5.432730913162231445e-01
-1.948022246360778809e-01 -4.758252203464508057e-02 4.912451505661010742e-01
-2.150914072990417480e-01 -4.846410453319549561e-02 4.574986696243286133e-01
-1.635882854461669922e-01 -4.345303028821945190e-02 4.490765333175659180e-01
-1.534945964813232422e-01 -4.389988631010055542e-02 5.072479248046875000e-01
-6.375098228454589844e-02 -3.000123053789138794e-02 4.698402881622314453e-01
5.753469467163085938e-02 -2.500657737255096436e-02 4.848303794860839844e-01
4.459905624389648438e-02 -2.061440050601959229e-02 5.339151620864868164e-01
1.398665904998779297e-01 -2.190407365560531616e-02 5.631175041198730469e-01
1.595529317855834961e-01 -2.234678715467453003e-02 4.956216812133789062e-01
1.242940425872802734e-01 -3.311952948570251465e-02 5.441395044326782227e-01
1.967402696609497070e-01 -4.151669144630432129e-02 5.573313236236572266e-01
3.588036298751831055e-01 -4.164546728134155273e-02 5.190498828887939453e-01
4.045665264129638672e-01 -3.942894190549850464e-02 5.071277618408203125e-01
2.393852472305297852e-01 -3.931146115064620972e-02 5.784989595413208008e-01
2.232092618942260742e-01 -3.569804877042770386e-02 5.337650775909423828e-01
1.866514682769775391e-01 -3.303938359022140503e-02 4.806805849075317383e-01
2.715491056442260742e-01 -3.746475279331207275e-02 5.314472913742065430e-01
3.106056451797485352e-01 -4.059714823961257935e-02 5.878834724426269531e-01
3.620183467864990234e-01 -4.186271876096725464e-02 4.909033775329589844e-01
3.709543943405151367e-01 -4.305137693881988525e-02 4.025485515594482422e-01
3.823188543319702148e-01 -4.056146740913391113e-02 3.153260946273803711e-01
4.984117746353149414e-01 -3.296961635351181030e-02 3.754314184188842773e-01
3.913756608963012695e-01 -2.624380588531494141e-02 2.370782494544982910e-01
2.804253101348876953e-01 -2.219493687152862549e-02 8.873707056045532227e-02
2.679890394210815430e-01 -1.651634275913238525e-02 9.459197521209716797e-03
2.211265563964843750e-01 -1.531273126602172852e-02 -1.710239052772521973e-01
2.459433078765869141e-01 -1.994250714778900146e-02 -1.862013936042785645e-01
3.486571311950683594e-01 -2.154994755983352661e-02 -1.694107651710510254e-01
1.216752529144287109e-01 -1.359028369188308716e-02 -3.282763957977294922e-01
3.938076496124267578e-01 -1.198404282331466675e-02 -2.138894796371459961e-01
4.902271032333374023e-01 -1.155556738376617432e-02 -1.130211353302001953e-01
6.291372776031494141e-01 -1.222783327102661133e-02 -1.284348368644714355e-01
6.327811479568481445e-01 -9.913384914398193359e-03 -1.509380340576171875e-01
6.793196201324462891e-01 -1.242868602275848389e-02 -1.395629644393920898e-01
5.847468376159667969e-01 -1.805332303047180176e-02 -3.022807836532592773e-02
6.400042772293090820e-01 -1.396640390157699585e-02 1.360845565795898438e-02
6.811488866806030273e-01 -1.447524875402450562e-02 1.334220170974731445e-02
7.595533132553100586e-01 -1.760889589786529541e-02 -1.931548118591308594e-02
6.194523572921752930e-01 -2.385856956243515015e-02 -2.415764331817626953e-02
5.858604907989501953e-01 -2.547692507505416870e-02 -6.911516189575195312e-02
5.867084264755249023e-01 -1.641311496496200562e-02 -5.068665742874145508e-02
6.473746299743652344e-01 -1.568106561899185181e-02 -6.095874309539794922e-02
7.351108789443969727e-01 -1.629355549812316895e-02 -2.616578340530395508e-02
7.638262510299682617e-01 -2.813050150871276855e-02 -6.057816743850708008e-02
7.547845840454101562e-01 -3.677313774824142456e-02 -7.531392574310302734e-02
7.078459262847900391e-01 -3.901731967926025391e-02 -1.076935529708862305e-01
7.016152143478393555e-01 -3.682568669319152832e-02 -1.175769567489624023e-01
6.722939014434814453e-01 -3.893222659826278687e-02 -1.570163369178771973e-01
6.172182559967041016e-01 -4.367473721504211426e-02 -8.612358570098876953e-02
6.537245512008666992e-01 -4.138281196355819702e-02 -4.693585634231567383e-02
6.971615552902221680e-01 -3.876037150621414185e-02 8.133947849273681641e-03
6.814204454421997070e-01 -3.843607753515243530e-02 -4.547631740570068359e-02
6.825988292694091797e-01 -4.025366902351379395e-02 -5.860322713851928711e-02
6.567969322204589844e-01 -3.554217517375946045e-02 -6.079584360122680664e-02
6.928825378417968750e-01 -3.216147422790527344e-02 -2.965873479843139648e-02
6.388227939605712891e-01 -3.224896639585494995e-02 2.898991107940673828e-03
7.145158052444458008e-01 -3.647753596305847168e-02 3.197872638702392578e-02
8.227654695510864258e-01 -3.029669821262359619e-02 -4.276913404464721680e-02
7.398434877395629883e-01 -2.713578194379806519e-02 -4.509025812149047852e-02
6.971853971481323242e-01 -2.895154058933258057e-02 -1.139867305755615234e-02
6.709811687469482422e-01 -3.293618559837341309e-02 9.241342544555664062e-03
6.883466243743896484e-01 -3.437273204326629639e-02 2.459913492202758789e-02
7.169419527053833008e-01 -3.859470784664154053e-02 1.499474048614501953e-02
7.028120756149291992e-01 -3.958602994680404663e-02 6.690204143524169922e-03
6.791287660598754883e-01 -3.845211863517761230e-02 -2.079099416732788086e-02
6.108150482177734375e-01 -4.152122884988784790e-02 3.965210914611816406e-02
5.687545537948608398e-01 -4.344902187585830688e-02 -1.788020133972167969e-03
5.653085708618164062e-01 -4.881901293992996216e-02 -4.524075984954833984e-02
6.117243766784667969e-01 -4.395919293165206909e-02 -2.713799476623535156e-04
6.070499420166015625e-01 -4.684131592512130737e-02 -2.852928638458251953e-02
7.748976945877075195e-01 -4.219052940607070923e-02 1.236993074417114258e-02
7.633361816406250000e-01 -4.103766381740570068e-02 -2.738958597183227539e-02
8.518170118331909180e-01 -4.014424979686737061e-02 -2.280056476593017578e-03
8.629354238510131836e-01 -4.460476338863372803e-02 2.285426855087280273e-02
8.115346431732177734e-01 -4.353283345699310303e-02 3.220725059509277344e-02
7.441880702972412109e-01 -4.601339250802993774e-02 9.782636165618896484e-02
6.790748834609985352e-01 -3.534925729036331177e-02 7.734841108322143555e-02
6.525024175643920898e-01 -3.716905415058135986e-02 8.889412879943847656e-02
6.829296350479125977e-01 -3.759995847940444946e-02 1.196117997169494629e-01
7.158050537109375000e-01 -3.335594385862350464e-02 8.933216333389282227e-02
5.944136381149291992e-01 -3.502788394689559937e-02 2.580744028091430664e-02
5.347332954406738281e-01 -3.659934550523757935e-02 6.037503480911254883e-02
6.187406778335571289e-01 -3.083690255880355835e-02 1.628637313842773438e-02
6.793309450149536133e-01 -3.230942040681838989e-02 2.401298284530639648e-02
6.346009969711303711e-01 -3.867246955633163452e-02 1.089210510253906250e-01
5.636527538299560547e-01 -4.337718337774276733e-02 8.573621511459350586e-02
6.158498525619506836e-01 -4.231603443622589111e-02 9.293001890182495117e-02
5.439648628234863281e-01 -4.209486395120620728e-02 1.016953587532043457e-01
6.112942695617675781e-01 -4.833853989839553833e-02 8.702808618545532227e-02
6.316790580749511719e-01 -4.311172664165496826e-02 1.160780191421508789e-01
6.681467294692993164e-01 -4.041939228773117065e-02 1.284604668617248535e-01
7.024015188217163086e-01 -3.150141239166259766e-02 1.149731874465942383e-01
7.768706083297729492e-01 -4.198445379734039307e-02 1.289060711860656738e-01
7.300573587417602539e-01 -4.826874285936355591e-02 1.450952291488647461e-01
7.670702934265136719e-01 -3.990114480257034302e-02 1.092177629470825195e-01
7.632410526275634766e-01 -4.695285111665725708e-02 9.465497732162475586e-02
7.741425037384033203e-01 -4.462903738021850586e-02 1.222024559974670410e-01
7.046169042587280273e-01 -4.387969523668289185e-02 1.661543846130371094e-01
6.991966962814331055e-01 -4.301693290472030640e-02 1.700640916824340820e-01
6.645685434341430664e-01 -3.231857717037200928e-02 1.579364538192749023e-01
7.330948114395141602e-01 -3.298245370388031006e-02 1.584400534629821777e-01
7.410726547241210938e-01 -3.691919893026351929e-02 1.687240600585937500e-01
7.663853168487548828e-01 -3.801608085632324219e-02 1.470888853073120117e-01
7.880716323852539062e-01 -4.051529616117477417e-02 1.611568927764892578e-01
7.547230720520019531e-01 -4.064846783876419067e-02 1.589917540550231934e-01
7.463053464889526367e-01 -4.790540784597396851e-02 1.536457538604736328e-01
7.296336889266967773e-01 -3.904643654823303223e-02 1.596347689628601074e-01
7.466011047363281250e-01 -3.962107002735137939e-02 1.907922625541687012e-01
7.124384641647338867e-01 -3.760921955108642578e-02 1.735407114028930664e-01
7.133424282073974609e-01 -3.502861410379409790e-02 1.750297546386718750e-01
7.210265398025512695e-01 -4.091943800449371338e-02 1.551949977874755859e-01
6.625030040740966797e-01 -3.615970909595489502e-02 1.389336585998535156e-01
7.110873460769653320e-01 -2.965611219406127930e-02 1.413537263870239258e-01
7.163792848587036133e-01 -2.568607777357101440e-02 1.507427096366882324e-01
6.936274766921997070e-01 -2.419979125261306763e-02 1.515722274780273438e-01
6.362769603729248047e-01 -2.500122040510177612e-02 1.003494262695312500e-01
6.252477169036865234e-01 -3.439740836620330811e-02 1.225314736366271973e-01
5.581429004669189453e-01 -3.407906740903854370e-02 8.181709051132202148e-02
6.099383831024169922e-01 -3.666266053915023804e-02 8.982634544372558594e-02
5.429329872131347656e-01 -3.578562289476394653e-02 1.052824258804321289e-01
5.285847187042236328e-01 -3.524377942085266113e-02 6.766641139984130859e-02
5.479115247726440430e-01 -2.687446027994155884e-02 5.010563135147094727e-02
5.866402387619018555e-01 -3.070425242185592651e-02 6.241452693939208984e-02
5.294051170349121094e-01 -3.786599636077880859e-02 7.770693302154541016e-02
4.775521755218505859e-01 -3.970343619585037231e-02 8.351624011993408203e-02
5.116194486618041992e-01 -4.240531474351882935e-02 1.006819009780883789e-01
5.199836492538452148e-01 -4.229664057493209839e-02 9.140002727508544922e-02
5.505126714706420898e-01 -4.371977597475051880e-02 1.014258861541748047e-01
5.767406225204467773e-01 -4.000791907310485840e-02 8.098393678665161133e-02
6.771519184112548828e-01 -3.848949074745178223e-02 1.096077561378479004e-01
6.744613647460937500e-01 -3.787745535373687744e-02 1.491831541061401367e-01
6.897196769714355469e-01 -4.059397429227828979e-02 1.664003133773803711e-01
6.751796007156372070e-01 -4.564733058214187622e-02 1.942691206932067871e-01
6.920155286788940430e-01 -5.249211937189102173e-02 2.192999720573425293e-01
7.297221422195434570e-01 -4.875998198986053467e-02 2.072809338569641113e-01
7.149593830108642578e-01 -5.174374580383300781e-02 2.261469364166259766e-01
6.966394186019897461e-01 -4.649275541305541992e-02 2.028921246528625488e-01
6.860826015472412109e-01 -4.849302023649215698e-02 1.804646849632263184e-01
6.509301662445068359e-01 -4.757971316576004028e-02 1.724746227264404297e-01
6.070785522460937500e-01 -4.983141273260116577e-02 1.602534055709838867e-01
6.189947128295898438e-01 -4.864347726106643677e-02 2.206821441650390625e-01
6.269506216049194336e-01 -4.555855691432952881e-02 2.001295685768127441e-01
5.943059921264648438e-01 -3.855293989181518555e-02 2.093635201454162598e-01
6.156599521636962891e-01 -3.705656528472900391e-02 2.075757384300231934e-01
6.293854713439941406e-01 -3.499607741832733154e-02 2.520446181297302246e-01
6.708147525787353516e-01 -3.617547452449798584e-02 2.478252053260803223e-01
6.224771738052368164e-01 -3.221704810857772827e-02 2.540833353996276855e-01
6.435370445251464844e-01 -3.405524790287017822e-02 2.466710209846496582e-01
6.970735788345336914e-01 -3.645452857017517090e-02 2.933109998703002930e-01
7.385106086730957031e-01 -4.404176771640777588e-02 3.656265735626220703e-01
6.204445362091064453e-01 -3.644328564405441284e-02 3.141762018203735352e-01
6.821792125701904297e-01 -3.379976004362106323e-02 3.096852302551269531e-01
5.394233465194702148e-01 -1.548995822668075562e-02 2.700179219245910645e-01
6.045233011245727539e-01 -2.609951049089431763e-02 2.487451434135437012e-01
7.479087114334106445e-01 -3.340353071689605713e-02 2.825027704238891602e-01
7.420412302017211914e-01 -3.016281127929687500e-02 3.458641767501831055e-01
6.287492513656616211e-01 -3.538145869970321655e-02 3.064615726470947266e-01
5.641373395919799805e-01 -3.683970123529434204e-02 2.786638736724853516e-01
5.131161212921142578e-01 -3.240308165550231934e-02 2.837829589843750000e-01
5.177029371261596680e-01 -3.484892845153808594e-02 2.742402553558349609e-01
5.342062711715698242e-01 -3.550391644239425659e-02 2.837418317794799805e-01
5.076467990875244141e-01 -3.548531979322433472e-02 2.655116915702819824e-01
4.792969226837158203e-01 -4.209406673908233643e-02 2.492354512214660645e-01
5.882388353347778320e-01 -4.389065504074096680e-02 2.658301591873168945e-01
7.222080230712890625e-01 -4.902567714452743530e-02 3.611955642700195312e-01
6.422595977783203125e-01 -4.823745042085647583e-02 3.053108453750610352e-01
5.532947778701782227e-01 -4.446493834257125854e-02 3.083249330520629883e-01
5.266407728195190430e-01 -4.334499686956405640e-02 2.904785275459289551e-01
5.495052337646484375e-01 -4.076027125120162964e-02 2.928948998451232910e-01
6.408348083496093750e-01 -4.888827353715896606e-02 3.323625326156616211e-01
6.419961452484130859e-01 -3.933149576187133789e-02 3.402662277221679688e-01
6.051819324493408203e-01 -3.991857916116714478e-02 3.187477588653564453e-01
6.143316030502319336e-01 -4.317747801542282104e-02 3.505892753601074219e-01
5.627604722976684570e-01 -4.331685602664947510e-02 3.338085412979125977e-01
5.091447830200195312e-01 -3.552111983299255371e-02 3.268162012100219727e-01
4.289951324462890625e-01 -4.818811267614364624e-02 2.870422601699829102e-01
4.488924741744995117e-01 -4.796329885721206665e-02 3.085041046142578125e-01
4.648898839950561523e-01 -5.042251944541931152e-02 3.124783039093017578e-01
4.965656995773315430e-01 -4.658540338277816772e-02 3.181971311569213867e-01
5.107741355895996094e-01 -4.603312164545059204e-02 3.379811048507690430e-01
4.783167839050292969e-01 -4.713986068964004517e-02 3.471803665161132812e-01
4.652395248413085938e-01 -5.294211208820343018e-02 3.224211931228637695e-01
3.398729562759399414e-01 -5.955340713262557983e-02 3.459486961364746094e-01
3.268908262252807617e-01 -6.328507512807846069e-02 3.697321414947509766e-01
2.973495721817016602e-01 -6.248528510332107544e-02 3.126375675201416016e-01
3.544007539749145508e-01 -5.478782206773757935e-02 3.214861154556274414e-01
3.689215183258056641e-01 -5.789854377508163452e-02 3.828471899032592773e-01
4.100502729415893555e-01 -5.351459234952926636e-02 3.770692348480224609e-01
3.665866851806640625e-01 -5.457819998264312744e-02 3.513230085372924805e-01
3.039216995239257812e-01 -5.803545564413070679e-02 3.075462579727172852e-01
4.446883201599121094e-01 -5.322969704866409302e-02 3.508559465408325195e-01
4.344625473022460938e-01 -4.969346523284912109e-02 3.561652898788452148e-01
4.044729471206665039e-01 -4.899405688047409058e-02 3.688440322875976562e-01
3.814909458160400391e-01 -5.082531273365020752e-02 3.754553794860839844e-01
4.022185802459716797e-01 -5.429658293724060059e-02 3.980803489685058594e-01
3.181401491165161133e-01 -6.195110827684402466e-02 3.962048292160034180e-01
3.254641294479370117e-01 -5.760674923658370972e-02 3.739330768585205078e-01
4.154423475265502930e-01 -5.695027858018875122e-02 3.916560411453247070e-01
4.578946828842163086e-01 -4.819134622812271118e-02 4.080691337585449219e-01
3.789966106414794922e-01 -4.586919397115707397e-02 3.774063587188720703e-01
3.745409250259399414e-01 -4.847106337547302246e-02 3.676693439483642578e-01
3.970810174942016602e-01 -4.238780587911605835e-02 3.828221559524536133e-01
4.127947092056274414e-01 -4.719322919845581055e-02 4.070352315902709961e-01
3.095948696136474609e-01 -4.806578904390335083e-02 3.695188760757446289e-01
4.498621225357055664e-01 -4.737428575754165649e-02 4.303771257400512695e-01
4.565819501876831055e-01 -4.894689470529556274e-02 3.938325643539428711e-01
4.557863473892211914e-01 -4.975254088640213013e-02 4.471155405044555664e-01
4.572212696075439453e-01 -4.531576484441757202e-02 4.471355676651000977e-01
4.584037065505981445e-01 -4.789514094591140747e-02 4.909590482711791992e-01
5.414867401123046875e-01 -4.502858966588973999e-02 4.565545320510864258e-01
5.927102565765380859e-01 -4.639428853988647461e-02 4.897236824035644531e-01
5.933310985565185547e-01 -4.786624014377593994e-02 4.782478809356689453e-01
4.776787757873535156e-01 -4.604643583297729492e-02 4.684422016143798828e-01
4.457114934921264648e-01 -4.118251055479049683e-02 4.393539428710937500e-01
4.034423828125000000e-01 -3.799437731504440308e-02 4.836046695709228516e-01
5.028635263442993164e-01 -3.802742809057235718e-02 5.270617008209228516e-01
5.088561773300170898e-01 -3.796923905611038208e-02 5.449503660202026367e-01
5.440957546234130859e-01 -4.501193016767501831e-02 5.274659395217895508e-01
5.053430795669555664e-01 -3.927498310804367065e-02 4.996598958969116211e-01
5.425195693969726562e-01 -3.766379505395889282e-02 4.777250289916992188e-01
4.634246826171875000e-01 -4.603371769189834595e-02 5.171294212341308594e-01
5.552347898483276367e-01 -5.210363119840621948e-02 5.885231494903564453e-01
5.481272935867309570e-01 -4.222714155912399292e-02 5.565093755722045898e-01
4.418770074844360352e-01 -3.171561658382415771e-02 6.651219129562377930e-01
5.366357564926147461e-01 -3.676468133926391602e-02 6.090291738510131836e-01
5.756949186325073242e-01 -4.327840358018875122e-02 6.142884492874145508e-01
5.757648944854736328e-01 -4.856952279806137085e-02 6.445699930191040039e-01
5.541303157806396484e-01 -4.741450399160385132e-02 6.814681291580200195e-01
5.861507654190063477e-01 -4.277091473340988159e-02 7.145361900329589844e-01
5.786553621292114258e-01 -4.691769182682037354e-02 7.220902442932128906e-01
5.991975069046020508e-01 -4.295585304498672485e-02 7.078750133514404297e-01
6.535891294479370117e-01 -3.724042326211929321e-02 7.357405424118041992e-01
6.866909265518188477e-01 -3.324611485004425049e-02 7.501823902130126953e-01
6.129945516586303711e-01 -3.089839965105056763e-02 6.824994087219238281e-01
5.996881723403930664e-01 -2.646424621343612671e-02 6.680759191513061523e-01
6.508696079254150391e-01 -2.992943674325942993e-02 7.384954690933227539e-01
6.557549238204956055e-01 -3.057203441858291626e-02 7.277749776840209961e-01
6.346244812011718750e-01 -3.060264140367507935e-02 7.142912149429321289e-01
6.063435077667236328e-01 -3.444130718708038330e-02 7.191191911697387695e-01
6.440355777740478516e-01 -3.772779554128646851e-02 7.188420295715332031e-01
5.476801395416259766e-01 -4.006487876176834106e-02 5.673313140869140625e-01
4.983562231063842773e-01 -3.510469198226928711e-02 5.573486089706420898e-01
5.164911746978759766e-01 -3.936080634593963623e-02 5.488653182983398438e-01
5.381461381912231445e-01 -5.148521065711975098e-02 5.687354803085327148e-01
5.412517786026000977e-01 -4.728060215711593628e-02 5.962830781936645508e-01
5.417383909225463867e-01 -4.712006449699401855e-02 5.753532648086547852e-01
5.949451923370361328e-01 -5.205026268959045410e-02 5.937619209289550781e-01
5.715794563293457031e-01 -5.784460157155990601e-02 5.923818349838256836e-01
5.107290744781494141e-01 -5.679828673601150513e-02 5.340182781219482422e-01
4.921089410781860352e-01 -5.602688342332839966e-02 5.419130325317382812e-01
5.709203481674194336e-01 -5.070637166500091553e-02 6.001660823822021484e-01
6.342458724975585938e-01 -4.453644901514053345e-02 5.893701314926147461e-01
6.753801107406616211e-01 -3.460012376308441162e-02 6.857724189758300781e-01
7.965378761291503906e-01 -4.248549789190292358e-02 6.242977380752563477e-01
6.949191093444824219e-01 -3.240926563739776611e-02 6.566041707992553711e-01
6.210106611251831055e-01 -3.445927053689956665e-02 5.818392038345336914e-01
6.183137893676757812e-01 -4.287921637296676636e-02 5.087008476257324219e-01
6.454250812530517578e-01 -4.038242250680923462e-02 4.827246665954589844e-01
5.629920959472656250e-01 -4.002062231302261353e-02 4.815399646759033203e-01
5.519716739654541016e-01 -3.459142893552780151e-02 4.990217685699462891e-01
6.536496877670288086e-01 -3.784622997045516968e-02 5.396158695220947266e-01
6.475758552551269531e-01 -3.778165578842163086e-02 5.152550935745239258e-01
5.714493989944458008e-01 -4.143913835287094116e-02 4.578452110290527344e-01
5.000483989715576172e-01 -4.136267304420471191e-02 4.175869226455688477e-01
5.072643756866455078e-01 -2.248481661081314087e-02 3.909723758697509766e-01
5.848234891891479492e-01 -4.430233687162399292e-02 4.448294639587402344e-01
5.523467063903808594e-01 -4.570320993661880493e-02 4.864449501037597656e-01
5.946530103683471680e-01 -4.540167748928070068e-02 4.833084344863891602e-01
5.830198526382446289e-01 -3.976199775934219360e-02 4.705884456634521484e-01
6.054711341857910156e-01 -4.012725502252578735e-02 4.210122823715209961e-01
6.126307249069213867e-01 -4.443865269422531128e-02 4.997175931930541992e-01
5.455489158630371094e-01 -4.330411553382873535e-02 4.916739463806152344e-01
5.971686840057373047e-01 -4.054820537567138672e-02 4.826281070709228516e-01
6.722334623336791992e-01 -3.888829797506332397e-02 5.151022672653198242e-01
7.378454208374023438e-01 -3.523871302604675293e-02 4.558714628219604492e-01
6.865792274475097656e-01 -3.296684473752975464e-02 4.578799009323120117e-01
6.703490018844604492e-01 -2.461352944374084473e-02 4.184048175811767578e-01
7.082805633544921875e-01 -2.716254442930221558e-02 4.566215276718139648e-01
6.347166299819946289e-01 -3.884150087833404541e-02 4.255479574203491211e-01
6.797137260437011719e-01 -3.636573255062103271e-02 4.507992267608642578e-01
7.996883392333984375e-01 -3.125178068876266479e-02 5.252407789230346680e-01
7.595714330673217773e-01 -3.264196217060089111e-02 4.649715423583984375e-01
6.831328868865966797e-01 -3.113168478012084961e-02 4.325327873229980469e-01
6.048973798751831055e-01 -2.603278309106826782e-02 3.846493959426879883e-01
6.212375164031982422e-01 -2.892341464757919312e-02 3.674441576004028320e-01
5.885334014892578125e-01 -3.681705147027969360e-02 3.712269067764282227e-01
5.422303676605224609e-01 -3.629949688911437988e-02 4.004012346267700195e-01
5.350115299224853516e-01 -2.515454590320587158e-02 3.769346475601196289e-01
5.544553995132446289e-01 -3.019244968891143799e-02 3.581664562225341797e-01
5.840215682983398438e-01 -3.628749400377273560e-02 3.645172119140625000e-01
5.624790191650390625e-01 -3.504800051450729370e-02 3.570965528488159180e-01
5.724786520004272461e-01 -4.415538161993026733e-02 3.273138999938964844e-01
4.986126422882080078e-01 -4.586838930845260620e-02 3.271257877349853516e-01
4.371786117553710938e-01 -4.955776780843734741e-02 3.138298988342285156e-01
4.013862609863281250e-01 -4.545983672142028809e-02 2.999410033226013184e-01
5.835092067718505859e-01 -4.554747045040130615e-02 3.736641407012939453e-01
7.452861070632934570e-01 -4.772657155990600586e-02 4.193483591079711914e-01
6.771202087402343750e-01 -3.365690261125564575e-02 4.060317277908325195e-01
6.347252130508422852e-01 -3.540316224098205566e-02 3.417719602584838867e-01
5.598245859146118164e-01 -3.655288368463516235e-02 3.217415809631347656e-01
5.830904245376586914e-01 -4.099473357200622559e-02 3.090840578079223633e-01
6.049450635910034180e-01 -3.939589858055114746e-02 3.031218647956848145e-01
5.353053808212280273e-01 -3.988611698150634766e-02 2.573971748352050781e-01
5.767260789871215820e-01 -3.801990300416946411e-02 2.645167112350463867e-01
6.409101486206054688e-01 -3.689900040626525879e-02 2.720744609832763672e-01
7.135826349258422852e-01 -4.167690128087997437e-02 3.180980682373046875e-01
6.418083906173706055e-01 -4.511614888906478882e-02 2.534670829772949219e-01
5.292211771011352539e-01 -4.563358426094055176e-02 2.046529054641723633e-01
5.046577453613281250e-01 -4.226368665695190430e-02 2.005670070648193359e-01
5.145999193191528320e-01 -3.953311592340469360e-02 1.930857896804809570e-01
5.647754669189453125e-01 -3.944910317659378052e-02 2.274155616760253906e-01
5.998616218566894531e-01 -3.326494246721267700e-02 2.385063767433166504e-01
5.905312299728393555e-01 -3.107941150665283203e-02 2.294031381607055664e-01
5.479551553726196289e-01 -2.540774643421173096e-02 2.593158483505249023e-01
5.887666940689086914e-01 -2.166628092527389526e-02 2.704319357872009277e-01
6.168470382690429688e-01 -2.036563307046890259e-02 2.512829303741455078e-01
6.845794916152954102e-01 -2.350818365812301636e-02 2.323922514915466309e-01
7.015026807785034180e-01 -2.255861461162567139e-02 2.416395545005798340e-01
7.256546020507812500e-01 -2.179194986820220947e-02 2.558376789093017578e-01
7.845265865325927734e-01 -2.285138517618179321e-02 2.922981977462768555e-01
9.219661951065063477e-01 -2.453789114952087402e-02 2.951831221580505371e-01
7.465616464614868164e-01 -2.016019821166992188e-02 2.301388978958129883e-01
6.367213726043701172e-01 -2.072940766811370850e-02 1.445500850677490234e-01
8.655015230178833008e-01 -2.417916059494018555e-02 2.414509654045104980e-01
8.521534204483032227e-01 -2.146404981613159180e-02 2.694250345230102539e-01
7.966576814651489258e-01 -1.775716245174407959e-02 2.789876461029052734e-01
8.107237815856933594e-01 -1.860406994819641113e-02 2.530946135520935059e-01
8.766168355941772461e-01 -2.288187295198440552e-02 2.032724618911743164e-01
8.888436555862426758e-01 -2.496563643217086792e-02 2.088229656219482422e-01
8.103761672973632812e-01 -2.469370514154434204e-02 1.873884201049804688e-01
8.141744136810302734e-01 -1.794521510601043701e-02 2.179676890373229980e-01
8.545454740524291992e-01 -2.010402828454971313e-02 2.253625988960266113e-01
7.786700725555419922e-01 -2.513856440782546997e-02 1.705805063247680664e-01
7.881932258605957031e-01 -3.193236887454986572e-02 1.688327789306640625e-01
6.837794780731201172e-01 -2.227006107568740845e-02 1.502535343170166016e-01
7.598170042037963867e-01 -1.725905388593673706e-02 1.797579526901245117e-01
7.185521125793457031e-01 -1.776102185249328613e-02 2.079750895500183105e-01
8.398050069808959961e-01 -2.672550827264785767e-02 2.160471081733703613e-01
8.318027257919311523e-01 -2.032921463251113892e-02 2.268140912055969238e-01
7.362934350967407227e-01 -2.291125059127807617e-02 2.009028196334838867e-01
7.987725734710693359e-01 -2.985102683305740356e-02 2.119717001914978027e-01
7.921897172927856445e-01 -2.467334270477294922e-02 1.752486228942871094e-01
6.929272413253784180e-01 -1.869459450244903564e-02 1.685443520545959473e-01
6.711877584457397461e-01 -2.436735481023788452e-02 1.330295801162719727e-01
7.687253952026367188e-01 -3.750501573085784912e-02 1.022616028785705566e-01
8.032410144805908203e-01 -2.936780452728271484e-02 1.470567584037780762e-01
7.563340663909912109e-01 -2.532226592302322388e-02 2.013176679611206055e-01
7.992095947265625000e-01 -2.514322847127914429e-02 1.832786202430725098e-01
9.010015726089477539e-01 -2.981965988874435425e-02 1.635477542877197266e-01
7.493109703063964844e-01 -2.078356593847274780e-02 1.228539347648620605e-01
7.950837612152099609e-01 -2.870023995637893677e-02 1.444422006607055664e-01
7.504431009292602539e-01 -2.839394658803939819e-02 1.589133739471435547e-01
8.091454505920410156e-01 -3.414911776781082153e-02 2.334074378013610840e-01
8.671480417251586914e-01 -3.371009975671768188e-02 2.555053234100341797e-01
9.204157590866088867e-01 -3.442941606044769287e-02 2.438939213752746582e-01
8.787182569503784180e-01 -3.199154138565063477e-02 1.830672621726989746e-01
8.343755006790161133e-01 -3.169088810682296753e-02 1.988592743873596191e-01
7.571406364440917969e-01 -3.607545047998428345e-02 1.799721717834472656e-01
8.014591932296752930e-01 -3.945428878068923950e-02 1.826749444007873535e-01
8.310657739639282227e-01 -4.147637635469436646e-02 1.599771380424499512e-01
8.002703189849853516e-01 -4.082427918910980225e-02 1.576523780822753906e-01
7.760159969329833984e-01 -3.697700053453445435e-02 1.385690569877624512e-01
7.929798364639282227e-01 -3.572691977024078369e-02 1.519014835357666016e-01
7.553211450576782227e-01 -3.659325838088989258e-02 1.418582201004028320e-01
7.736763954162597656e-01 -3.403867036104202271e-02 1.556642651557922363e-01
7.176342010498046875e-01 -3.015037626028060913e-02 6.797981262207031250e-02
6.617765426635742188e-01 -3.187640756368637085e-02 7.094496488571166992e-02
7.899224758148193359e-01 -3.802923113107681274e-02 1.175063848495483398e-01
6.398545503616333008e-01 -3.486792743206024170e-02 8.118939399719238281e-02
7.842284440994262695e-01 -4.794513434171676636e-02 1.417800784111022949e-01
7.580860853195190430e-01 -4.138342291116714478e-02 1.554459929466247559e-01
7.563966512680053711e-01 -4.752753674983978271e-02 1.055490970611572266e-01
8.592809438705444336e-01 -4.318714886903762817e-02 9.023380279541015625e-02
8.587666749954223633e-01 -3.354953974485397339e-02 8.328175544738769531e-02
8.399111032485961914e-01 -2.599285542964935303e-02 9.752935171127319336e-02
8.319562673568725586e-01 -2.921830117702484131e-02 1.314768195152282715e-01
8.647719621658325195e-01 -2.256818860769271851e-02 1.226980686187744141e-01
8.563247919082641602e-01 -2.207424491643905640e-02 1.090366840362548828e-01
6.270793676376342773e-01 -1.534074544906616211e-03 -7.884508371353149414e-02
7.205733060836791992e-01 -2.715826034545898438e-03 -3.867530822753906250e-02
8.616386651992797852e-01 -1.069579273462295532e-02 2.076047658920288086e-02
7.016078233718872070e-01 -1.450899988412857056e-02 7.191735506057739258e-02
7.222136259078979492e-01 -2.234446257352828979e-02 7.672238349914550781e-02
6.903636455535888672e-01 -2.415300160646438599e-02 5.346083641052246094e-02
6.647325754165649414e-01 -2.245830744504928589e-02 4.871463775634765625e-02
6.543195247650146484e-01 -1.984186470508575439e-02 3.881037235260009766e-02
6.676433086395263672e-01 -2.228302508592605591e-02 9.589827060699462891e-02
7.758345603942871094e-01 -2.203443646430969238e-02 5.890035629272460938e-02
6.732485294342041016e-01 -1.387541741132736206e-02 1.873546838760375977e-02
6.181757450103759766e-01 -1.238362491130828857e-02 1.158970594406127930e-02
6.890540122985839844e-01 -1.316426694393157959e-02 -2.049779891967773438e-02
7.689208984375000000e-01 -1.716475933790206909e-02 3.791671991348266602e-02
7.843176126480102539e-01 -2.012524753808975220e-02 1.113921403884887695e-02
7.780936956405639648e-01 -1.832489669322967529e-02 -1.663327217102050781e-03
7.162865400314331055e-01 -1.906307786703109741e-02 -3.057479858398437500e-02
6.727174520492553711e-01 -2.123897522687911987e-02 -7.038652896881103516e-03
7.481956481933593750e-01 -2.422910928726196289e-02 -2.960789203643798828e-02
8.208825588226318359e-01 -2.887711673974990845e-02 -3.159362077713012695e-02
8.659607172012329102e-01 -3.072559833526611328e-02 -1.526081562042236328e-02
8.795136213302612305e-01 -3.332176804542541504e-02 -3.484380245208740234e-02
8.906062841415405273e-01 -3.149426728487014771e-02 -2.588599920272827148e-02
7.795197963714599609e-01 -2.787778526544570923e-02 -2.843260765075683594e-02
7.516810894012451172e-01 -3.563622385263442993e-02 -3.566509485244750977e-02
6.948343515396118164e-01 -3.205504268407821655e-02 -2.001351118087768555e-02
7.161082029342651367e-01 -3.825067728757858276e-02 -4.489362239837646484e-03
7.018238306045532227e-01 -3.756095468997955322e-02 -5.660057067871093750e-03
7.395687103271484375e-01 -3.757881373167037964e-02 -1.006829738616943359e-02
7.925235033035278320e-01 -4.056491702795028687e-02 9.902596473693847656e-03
7.859970331192016602e-01 -3.323075175285339355e-02 -1.867467164993286133e-02
8.370920419692993164e-01 -2.223759889602661133e-02 1.804393529891967773e-02
8.645182847976684570e-01 -2.500577270984649658e-02 2.129197120666503906e-02
8.078212738037109375e-01 -2.329299598932266235e-02 2.836281061172485352e-02
7.383621931076049805e-01 -2.526445686817169189e-02 -3.706753253936767578e-03
6.788026094436645508e-01 -3.163900226354598999e-02 6.200313568115234375e-03
6.959964036941528320e-01 -3.247187286615371704e-02 3.636217117309570312e-02
7.375038862228393555e-01 -3.597106784582138062e-02 6.902229785919189453e-02
7.022336721420288086e-01 -3.888044506311416626e-02 4.995304346084594727e-02
6.897100210189819336e-01 -4.202765226364135742e-02 3.290158510208129883e-02
7.608238458633422852e-01 -4.033549875020980835e-02 1.866894960403442383e-02
7.655987739562988281e-01 -3.980815410614013672e-02 -3.095626831054687500e-03
6.944370269775390625e-01 -4.118322581052780151e-02 2.184420824050903320e-02
7.526544332504272461e-01 -3.367369621992111206e-02 -4.280209541320800781e-04
7.057144641876220703e-01 -3.694854676723480225e-02 1.039552688598632812e-02
7.061445713043212891e-01 -3.449729084968566895e-02 1.023447513580322266e-02
7.181020975112915039e-01 -3.600925952196121216e-02 3.739154338836669922e-02
6.853176355361938477e-01 -4.111246764659881592e-02 3.514611721038818359e-02
6.561205387115478516e-01 -3.856924176216125488e-02 8.229136466979980469e-03
6.597995758056640625e-01 -3.596591949462890625e-02 3.833723068237304688e-02
6.086690425872802734e-01 -3.704285621643066406e-02 2.404099702835083008e-02
6.423102617263793945e-01 -3.730884939432144165e-02 3.615087270736694336e-02
6.293766498565673828e-01 -3.432182967662811279e-02 2.701228857040405273e-02
6.227611303329467773e-01 -3.523407876491546631e-02 4.636049270629882812e-03
5.197823047637939453e-01 -3.775396198034286499e-02 -1.646643877029418945e-02
4.941643476486206055e-01 -3.733152896165847778e-02 -2.379673719406127930e-02
4.604753255844116211e-01 -4.305656999349594116e-02 5.048513412475585938e-05
4.158062934875488281e-01 -3.988634049892425537e-02 -3.089469671249389648e-02
4.253633022308349609e-01 -4.092209041118621826e-02 -2.492010593414306641e-02
4.047992229461669922e-01 -3.800861537456512451e-02 -4.075735807418823242e-02
5.167595148086547852e-01 -3.633881360292434692e-02 -5.807340145111083984e-03
5.303181409835815430e-01 -3.818779438734054565e-02 8.813440799713134766e-03
5.615909099578857422e-01 -3.624177724123001099e-02 -2.908825874328613281e-03
5.482364892959594727e-01 -3.720740973949432373e-02 2.847015857696533203e-03
5.573107004165649414e-01 -3.379324078559875488e-02 -4.228949546813964844e-03
5.318864583969116211e-01 -3.516885638236999512e-02 -1.328122615814208984e-02
4.670795202255249023e-01 -4.074514657258987427e-02 -2.198517322540283203e-02
4.801859855651855469e-01 -4.328893870115280151e-02 -1.500427722930908203e-02
4.605906009674072266e-01 -4.467673599720001221e-02 -1.320910453796386719e-02
4.959144592285156250e-01 -4.001744091510772705e-02 1.376259326934814453e-02
5.078178644180297852e-01 -3.979742527008056641e-02 3.709214925765991211e-02
5.457364320755004883e-01 -3.815566748380661011e-02 6.583815813064575195e-02
6.035766601562500000e-01 -3.467806428670883179e-02 5.017173290252685547e-02
5.707093477249145508e-01 -4.264072328805923462e-02 6.760692596435546875e-02
6.220799684524536133e-01 -4.805741459131240845e-02 4.826325178146362305e-02
6.718015670776367188e-01 -4.688320308923721313e-02 6.146669387817382812e-03
6.685321331024169922e-01 -4.204960912466049194e-02 4.129970073699951172e-02
6.405544281005859375e-01 -4.336944222450256348e-02 3.219372034072875977e-02
7.527515888214111328e-01 -4.607268422842025757e-02 2.709245681762695312e-02
7.970997095108032227e-01 -4.211211949586868286e-02 8.337515592575073242e-02
7.397928237915039062e-01 -4.597283899784088135e-02 6.887644529342651367e-02
7.042096853256225586e-01 -4.802731424570083618e-02 4.098427295684814453e-02
6.756062507629394531e-01 -4.533371329307556152e-02 5.536544322967529297e-02
6.880388259887695312e-01 -3.298113495111465454e-02 8.627200126647949219e-02
6.579058170318603516e-01 -3.862211853265762329e-02 4.764246940612792969e-02
6.382021903991699219e-01 -4.434424638748168945e-02 2.327716350555419922e-02
7.078992128372192383e-01 -4.552033543586730957e-02 4.448878765106201172e-02
7.368973493576049805e-01 -4.546101391315460205e-02 1.250815391540527344e-02
6.918907165527343750e-01 -4.851608723402023315e-02 3.269255161285400391e-03
6.189606189727783203e-01 -4.471650719642639160e-02 3.632485866546630859e-02
6.437803506851196289e-01 -4.310198873281478882e-02 8.317041397094726562e-02
7.728821039199829102e-01 -4.669880867004394531e-02 6.723982095718383789e-02
7.759122848510742188e-01 -4.439396411180496216e-02 4.114389419555664062e-02
7.488871812820434570e-01 -3.685003519058227539e-02 3.658026456832885742e-02
7.345713376998901367e-01 -3.801280260086059570e-02 1.989156007766723633e-02
7.486549615859985352e-01 -3.423859179019927979e-02 6.581401824951171875e-02
7.450022697448730469e-01 -2.643495053052902222e-02 6.689131259918212891e-02
8.273459672927856445e-01 -3.172683715820312500e-02 6.694376468658447266e-02
8.414975404739379883e-01 -3.581024706363677979e-02 2.709734439849853516e-02
8.370455503463745117e-01 -2.632848173379898071e-02 3.549778461456298828e-02
8.046238422393798828e-01 -2.693910151720046997e-02 4.689109325408935547e-02
7.890673875808715820e-01 -3.201834112405776978e-02 4.941028356552124023e-02
8.285065889358520508e-01 -3.441215306520462036e-02 5.503296852111816406e-02
8.242224454879760742e-01 -3.706766664981842041e-02 7.862597703933715820e-02
8.294345140457153320e-01 -4.302002489566802979e-02 1.014127135276794434e-01
7.535972595214843750e-01 -4.101670533418655396e-02 9.629958868026733398e-02
8.229202032089233398e-01 -4.049409180879592896e-02 8.626598119735717773e-02
7.785460948944091797e-01 -4.909732937812805176e-02 1.190546154975891113e-01
8.077822923660278320e-01 -5.803027004003524780e-02 1.337882876396179199e-01
7.217906713485717773e-01 -5.366935580968856812e-02 1.602400541305541992e-01
7.579302787780761719e-01 -5.427546054124832153e-02 1.445145606994628906e-01
6.825799942016601562e-01 -5.319571495056152344e-02 1.320975422859191895e-01
6.995928287506103516e-01 -5.112819373607635498e-02 1.301087737083435059e-01
7.236607074737548828e-01 -5.195672810077667236e-02 1.082292199134826660e-01
7.342054843902587891e-01 -4.993131011724472046e-02 1.202062368392944336e-01
8.363159894943237305e-01 -4.355840384960174561e-02 1.086689829826354980e-01
8.004068136215209961e-01 -4.284615069627761841e-02 9.165436029434204102e-02
9.150501489639282227e-01 -3.453642129898071289e-02 7.019269466400146484e-02
9.201155900955200195e-01 -2.561786770820617676e-02 6.118232011795043945e-02
8.902083635330200195e-01 -3.094916790723800659e-02 1.281530261039733887e-01
8.986726999282836914e-01 -3.017698973417282104e-02 4.940372705459594727e-02
9.547702074050903320e-01 -3.798200190067291260e-02 7.675290107727050781e-02
8.918145895004272461e-01 -3.936909884214401245e-02 6.682687997817993164e-02
8.792961835861206055e-01 -4.395084083080291748e-02 7.250821590423583984e-02
8.049867153167724609e-01 -4.474155604839324951e-02 1.161933541297912598e-01
8.134236335754394531e-01 -5.512300878763198853e-02 1.570640802383422852e-01
8.352402448654174805e-01 -5.811084061861038208e-02 1.384954452514648438e-01
8.894156217575073242e-01 -6.018093973398208618e-02 1.279280781745910645e-01
8.543680906295776367e-01 -5.144134163856506348e-02 1.264443397521972656e-01
8.041776418685913086e-01 -4.175612330436706543e-02 1.059212684631347656e-01
6.933900117874145508e-01 -3.449938446283340454e-02 7.933884859085083008e-02
8.264307975769042969e-01 -3.344685584306716919e-02 6.392425298690795898e-02
7.838433980941772461e-01 -4.263262450695037842e-02 1.034049987792968750e-01
8.368948698043823242e-01 -3.829363733530044556e-02 2.953350543975830078e-02
7.300260066986083984e-01 -1.782678067684173584e-02 7.278800010681152344e-03
8.452798128128051758e-01 -1.955799758434295654e-02 6.382745504379272461e-02
8.920384645462036133e-01 -3.398884832859039307e-02 1.136282086372375488e-01
8.819452524185180664e-01 -3.532366454601287842e-02 1.533904075622558594e-01
8.592382669448852539e-01 -4.092049598693847656e-02 8.866125345230102539e-02
8.343423604965209961e-01 -4.195043444633483887e-02 1.291110515594482422e-01
7.561603784561157227e-01 -4.865699261426925659e-02 2.190476655960083008e-01
7.544494867324829102e-01 -4.729862511157989502e-02 2.050580382347106934e-01
8.736864328384399414e-01 -2.910909801721572876e-02 1.152197718620300293e-01
8.930760622024536133e-01 -2.687724679708480835e-02 1.227804422378540039e-01
8.016599416732788086e-01 -3.509557247161865234e-02 1.341756582260131836e-01
7.702198028564453125e-01 -3.017023205757141113e-02 1.270615458488464355e-01
8.010358810424804688e-01 -3.612985461950302124e-02 1.699545383453369141e-01
7.900987863540649414e-01 -4.003431648015975952e-02 1.814960241317749023e-01
7.630369663238525391e-01 -4.006953537464141846e-02 1.812399625778198242e-01
7.789274454116821289e-01 -4.297128319740295410e-02 1.829102039337158203e-01
7.484074831008911133e-01 -4.456705600023269653e-02 2.105947136878967285e-01
7.238274812698364258e-01 -4.496613889932632446e-02 2.249799966812133789e-01
7.348371744155883789e-01 -4.409704357385635376e-02 2.412675619125366211e-01
7.501126527786254883e-01 -4.382086545228958130e-02 2.631174325942993164e-01
7.027102708816528320e-01 -4.587136954069137573e-02 2.250725626945495605e-01
6.674005985260009766e-01 -4.942269623279571533e-02 2.590618133544921875e-01
6.008402109146118164e-01 -5.558111518621444702e-02 2.565784454345703125e-01
6.912579536437988281e-01 -5.677210539579391479e-02 2.741122245788574219e-01
6.844230890274047852e-01 -5.369005352258682251e-02 2.893909215927124023e-01
7.114322185516357422e-01 -5.180679261684417725e-02 2.393240928649902344e-01
6.515088081359863281e-01 -4.092339426279067993e-02 2.305330634117126465e-01
7.205625772476196289e-01 -3.805004060268402100e-02 2.087404727935791016e-01
7.042887210845947266e-01 -3.953929245471954346e-02 2.396596670150756836e-01
6.941087245941162109e-01 -4.433633387088775635e-02 2.712264657020568848e-01
6.567144393920898438e-01 -4.924473911523818970e-02 2.830055952072143555e-01
5.934934616088867188e-01 -5.259074270725250244e-02 2.919594645500183105e-01
6.880676746368408203e-01 -5.359276384115219116e-02 3.001792430877685547e-01
6.234956979751586914e-01 -5.613846331834793091e-02 2.791692018508911133e-01
6.367141008377075195e-01 -5.060246586799621582e-02 2.637923955917358398e-01
6.249686479568481445e-01 -4.246678203344345093e-02 2.319442629814147949e-01
6.453930139541625977e-01 -4.483722150325775146e-02 2.425463795661926270e-01
6.382915973663330078e-01 -5.077914893627166748e-02 2.606628537178039551e-01
5.980284214019775391e-01 -5.284891277551651001e-02 2.610977292060852051e-01
5.717322826385498047e-01 -5.283404141664505005e-02 2.200191020965576172e-01
6.719714403152465820e-01 -4.463078081607818604e-02 2.122020721435546875e-01
6.724164485931396484e-01 -4.652979224920272827e-02 2.345820665359497070e-01
6.767026185989379883e-01 -4.607879370450973511e-02 2.014707922935485840e-01
7.286013364791870117e-01 -4.468617588281631470e-02 2.553865313529968262e-01
7.492555379867553711e-01 -4.663241654634475708e-02 2.774434685707092285e-01
6.311017274856567383e-01 -4.864653944969177246e-02 2.410703897476196289e-01
5.760935544967651367e-01 -5.049049854278564453e-02 1.865063905715942383e-01
6.853678226470947266e-01 -5.295042693614959717e-02 2.386838793754577637e-01
6.847109794616699219e-01 -4.906687140464782715e-02 1.917629837989807129e-01
6.476631164550781250e-01 -5.507513135671615601e-02 2.035716772079467773e-01
7.336577177047729492e-01 -4.851866513490676880e-02 2.266563773155212402e-01
7.282277345657348633e-01 -4.346586018800735474e-02 1.710750460624694824e-01
5.910673141479492188e-01 -3.884407877922058105e-02 1.583892107009887695e-01
5.480390787124633789e-01 -4.596081376075744629e-02 1.390140652656555176e-01
6.609305143356323242e-01 -4.917778819799423218e-02 2.292256355285644531e-01
5.770016908645629883e-01 -5.846726149320602417e-02 2.375123500823974609e-01
5.602990388870239258e-01 -5.419580638408660889e-02 2.084724903106689453e-01
6.376609802246093750e-01 -4.721380025148391724e-02 1.988230347633361816e-01
6.736555099487304688e-01 -4.264305531978607178e-02 1.858034729957580566e-01
7.057437896728515625e-01 -3.914116322994232178e-02 1.927454471588134766e-01
7.879616022109985352e-01 -4.402457922697067261e-02 2.152267694473266602e-01
7.705062627792358398e-01 -4.023089259862899780e-02 2.245836853981018066e-01
7.339546680450439453e-01 -4.031789302825927734e-02 2.073543667793273926e-01
6.622791290283203125e-01 -4.236454516649246216e-02 1.917995810508728027e-01
6.212387084960937500e-01 -4.100023210048675537e-02 2.017427086830139160e-01
6.244277954101562500e-01 -3.960126638412475586e-02 2.125247716903686523e-01
6.932877302169799805e-01 -4.951881617307662964e-02 2.509318590164184570e-01
7.852969169616699219e-01 -5.339091271162033081e-02 2.729977369308471680e-01
7.722966670989990234e-01 -5.709671229124069214e-02 3.159161806106567383e-01
8.370684385299682617e-01 -5.740781873464584351e-02 3.460164070129394531e-01
7.986922264099121094e-01 -5.629403144121170044e-02 3.193430900573730469e-01
7.887345552444458008e-01 -4.550869017839431763e-02 2.876880764961242676e-01
7.695074081420898438e-01 -3.766220062971115112e-02 2.629790902137756348e-01
7.316012382507324219e-01 -3.620368987321853638e-02 2.685514688491821289e-01
7.937595844268798828e-01 -3.714876621961593628e-02 3.016927242279052734e-01
6.979204416275024414e-01 -4.584030061960220337e-02 2.534541487693786621e-01
7.154971361160278320e-01 -4.470977187156677246e-02 3.063720464706420898e-01
7.234158515930175781e-01 -3.866040706634521484e-02 2.461813688278198242e-01
6.561768054962158203e-01 -4.722616076469421387e-02 2.318119406700134277e-01
6.476045846939086914e-01 -4.961402714252471924e-02 2.273548841476440430e-01
6.714117527008056641e-01 -4.747244715690612793e-02 2.829501628875732422e-01
6.131068468093872070e-01 -4.899853467941284180e-02 2.466225028038024902e-01
5.858266353607177734e-01 -4.964331537485122681e-02 2.387859821319580078e-01
5.687358379364013672e-01 -4.757627099752426147e-02 1.932807564735412598e-01
6.204349994659423828e-01 -3.858756273984909058e-02 1.642596125602722168e-01
6.713711023330688477e-01 -3.837849199771881104e-02 2.095313072204589844e-01
6.415227651596069336e-01 -4.717415571212768555e-02 1.551432013511657715e-01
6.263009309768676758e-01 -5.131503939628601074e-02 1.669958233833312988e-01
5.787464380264282227e-01 -5.620946735143661499e-02 2.303012013435363770e-01
6.905658245086669922e-01 -4.989611357450485229e-02 2.585779428482055664e-01
8.674172163009643555e-01 -5.429486930370330811e-02 2.600170969963073730e-01
9.142733812332153320e-01 -5.447359383106231689e-02 2.638695240020751953e-01
9.637218713760375977e-01 -5.608680099248886108e-02 2.535133361816406250e-01
7.989923954010009766e-01 -5.338466167449951172e-02 2.510172724723815918e-01
6.796287298202514648e-01 -4.893543571233749390e-02 2.108027338981628418e-01
7.232410907745361328e-01 -4.127335548400878906e-02 2.518677711486816406e-01
6.976259946823120117e-01 -4.336853325366973877e-02 2.355642318725585938e-01
7.232900857925415039e-01 -4.733272641897201538e-02 2.564894556999206543e-01
6.960700750350952148e-01 -4.959049820899963379e-02 2.569044232368469238e-01
7.377287149429321289e-01 -4.688674211502075195e-02 3.031616210937500000e-01
6.840206384658813477e-01 -5.042038112878799438e-02 2.919469475746154785e-01
7.650810480117797852e-01 -4.674994200468063354e-02 2.852574586868286133e-01
7.207374572753906250e-01 -4.829826951026916504e-02 2.807868123054504395e-01
7.343125343322753906e-01 -4.869983345270156860e-02 2.772501111030578613e-01
7.168546915054321289e-01 -4.986206442117691040e-02 2.393525242805480957e-01
6.665565967559814453e-01 -4.986606538295745850e-02 2.559052705764770508e-01
7.270017862319946289e-01 -4.479783773422241211e-02 2.610105276107788086e-01
7.275776863098144531e-01 -4.200686514377593994e-02 2.753562331199645996e-01
8.181216716766357422e-01 -4.484599083662033081e-02 2.927040457725524902e-01
7.869138717651367188e-01 -4.299647361040115356e-02 2.909331917762756348e-01
7.861623764038085938e-01 -3.994725644588470459e-02 2.425543665885925293e-01
7.741543054580688477e-01 -3.090005367994308472e-02 2.540951371192932129e-01
7.678040266036987305e-01 -3.302891552448272705e-02 2.475953102111816406e-01
7.925654649734497070e-01 -3.352688252925872803e-02 2.349251508712768555e-01
7.340663671493530273e-01 -3.365039080381393433e-02 2.376978397369384766e-01
7.657642364501953125e-01 -3.051962703466415405e-02 2.480539083480834961e-01
8.299511671066284180e-01 -3.006134927272796631e-02 2.682185769081115723e-01
7.377765178680419922e-01 -3.120526671409606934e-02 2.685233950614929199e-01
6.260846853256225586e-01 -3.362347930669784546e-02 2.696542143821716309e-01
7.532089948654174805e-01 -2.830462157726287842e-02 2.652840018272399902e-01
6.326702833175659180e-01 -2.399469912052154541e-02 2.097009420394897461e-01
6.929496526718139648e-01 -2.996653318405151367e-02 2.661406397819519043e-01
8.048889636993408203e-01 -3.321540355682373047e-02 2.963669300079345703e-01
8.451665639877319336e-01 -4.074668884277343750e-02 2.804996967315673828e-01
7.131534814834594727e-01 -3.633444756269454956e-02 2.349966168403625488e-01
6.906727552413940430e-01 -3.581070899963378906e-02 2.000005841255187988e-01
6.531652212142944336e-01 -3.891620784997940063e-02 1.976394057273864746e-01
6.367847919464111328e-01 -4.182994365692138672e-02 2.042252421379089355e-01
5.906091928482055664e-01 -4.653013497591018677e-02 1.965291500091552734e-01
6.193047761917114258e-01 -4.377730935811996460e-02 2.191324234008789062e-01
6.083393096923828125e-01 -4.793532937765121460e-02 2.031264901161193848e-01
6.202042102813720703e-01 -4.512242227792739868e-02 1.640806794166564941e-01
5.247762203216552734e-01 -4.805809259414672852e-02 1.347615122795104980e-01
4.309620857238769531e-01 -4.868350923061370850e-02 1.176819205284118652e-01
4.517518281936645508e-01 -4.796762764453887939e-02 7.224559783935546875e-02
4.894167184829711914e-01 -4.400902241468429565e-02 9.978842735290527344e-02
4.823256731033325195e-01 -4.078325629234313965e-02 9.066748619079589844e-02
4.474607706069946289e-01 -4.177279770374298096e-02 8.625149726867675781e-02
4.492446184158325195e-01 -4.157984256744384766e-02 8.123832941055297852e-02
4.358347654342651367e-01 -4.188574105501174927e-02 6.926178932189941406e-02
4.385701417922973633e-01 -4.183018207550048828e-02 8.081418275833129883e-02
4.621562957763671875e-01 -4.031798243522644043e-02 8.078885078430175781e-02
4.120538234710693359e-01 -4.194488376379013062e-02 4.083663225173950195e-02
3.807830810546875000e-01 -4.115278273820877075e-02 2.988767623901367188e-02
3.977887630462646484e-01 -4.034142196178436279e-02 1.713508367538452148e-02
4.003297090530395508e-01 -4.002919793128967285e-02 2.125024795532226562e-02
4.149755239486694336e-01 -3.910911828279495239e-02 5.765748023986816406e-02
4.462777376174926758e-01 -3.970488905906677246e-02 9.651130437850952148e-02
4.353007078170776367e-01 -3.945933282375335693e-02 9.187501668930053711e-02
4.516006708145141602e-01 -3.909573704004287720e-02 9.674024581909179688e-02
4.531047344207763672e-01 -3.982499986886978149e-02 9.259003400802612305e-02
4.402627944946289062e-01 -3.946832567453384399e-02 1.102539896965026855e-01
4.442999362945556641e-01 -3.791785240173339844e-02 1.094020605087280273e-01
4.611741304397583008e-01 -3.541781008243560791e-02 1.434572339057922363e-01
4.353091716766357422e-01 -3.360606729984283447e-02 1.592991352081298828e-01
4.255856275558471680e-01 -3.281113505363464355e-02 2.224133014678955078e-01
4.094396829605102539e-01 -3.135392069816589355e-02 2.180805206298828125e-01
3.400295972824096680e-01 -3.481460362672805786e-02 2.254577279090881348e-01
3.526806831359863281e-01 -3.062137216329574585e-02 2.260910868644714355e-01
3.263972997665405273e-01 -2.292903512716293335e-02 1.874757409095764160e-01
1.970403194427490234e-01 -2.313095331192016602e-02 2.090173363685607910e-01
2.271996736526489258e-01 -2.499183267354965210e-02 2.210729718208312988e-01
2.311984300613403320e-01 -2.573315054178237915e-02 2.644823193550109863e-01
2.439785003662109375e-01 -2.680325508117675781e-02 2.410507798194885254e-01
3.651857376098632812e-01 -3.171106427907943726e-02 2.466544508934020996e-01
2.838109731674194336e-01 -2.995648980140686035e-02 3.070652484893798828e-01
1.998441219329833984e-01 -4.323099553585052490e-02 2.694251537322998047e-01
2.803364992141723633e-01 -5.131290107965469360e-02 1.863896846771240234e-01
2.587612867355346680e-01 -5.390813201665878296e-02 1.001758575439453125e-01
2.555763721466064453e-01 -4.805535078048706055e-02 1.595344543457031250e-01
2.102704048156738281e-01 -3.594750165939331055e-02 1.036438345909118652e-01
8.967268466949462891e-02 -3.577061742544174194e-02 5.110859870910644531e-02
8.545243740081787109e-02 -2.838283777236938477e-02 1.002848148345947266e-01
2.015461921691894531e-01 -2.279654145240783691e-02 1.667262315750122070e-01
2.064121961593627930e-01 -2.386627346277236938e-02 1.711115241050720215e-01
1.618860960006713867e-01 -2.497647702693939209e-02 1.018688678741455078e-01
1.847807168960571289e-01 -3.294953703880310059e-02 1.666787862777709961e-01
2.247295379638671875e-01 -3.642966598272323608e-02 9.449380636215209961e-02
3.021098375320434570e-01 -3.432980179786682129e-02 3.387618064880371094e-02
3.358635902404785156e-01 -3.073467314243316650e-02 8.676171302795410156e-03
4.436600208282470703e-01 -2.844897657632827759e-02 8.581423759460449219e-02
5.132861137390136719e-01 -3.028371185064315796e-02 9.721851348876953125e-02
5.509105920791625977e-01 -2.912960946559906006e-02 1.037192940711975098e-01
5.074917078018188477e-01 -3.361800312995910645e-02 5.866575241088867188e-02
4.435169696807861328e-01 -4.100508242845535278e-02 4.984492063522338867e-02
3.378893136978149414e-01 -4.691726714372634888e-02 6.162399053573608398e-02
3.682705163955688477e-01 -4.422988742589950562e-02 1.080315113067626953e-01
3.862745761871337891e-01 -3.999173641204833984e-02 1.393684148788452148e-01
3.840655088424682617e-01 -3.512156009674072266e-02 1.840463876724243164e-01
3.714830875396728516e-01 -3.231758624315261841e-02 1.884782314300537109e-01
3.682224750518798828e-01 -3.202895075082778931e-02 2.094807028770446777e-01
3.764746189117431641e-01 -3.081636875867843628e-02 2.029163837432861328e-01
4.700398445129394531e-01 -2.792729437351226807e-02 2.374221682548522949e-01
4.146852493286132812e-01 -2.893481403589248657e-02 2.350873351097106934e-01
3.052186965942382812e-01 -3.491109609603881836e-02 2.272708415985107422e-01
2.932561635971069336e-01 -3.398469835519790649e-02 2.787150740623474121e-01
2.526732683181762695e-01 -2.545864880084991455e-02 3.042423725128173828e-01
2.650479078292846680e-01 -2.507311850786209106e-02 3.051621913909912109e-01
2.479757070541381836e-01 -1.636003702878952026e-02 2.296391129493713379e-01
2.409377098083496094e-01 -2.010510116815567017e-02 2.158990502357482910e-01
1.961827278137207031e-01 -2.743178606033325195e-02 2.373122572898864746e-01
1.724168062210083008e-01 -2.500762045383453369e-02 2.157467603683471680e-01
1.581445932388305664e-01 -2.560789138078689575e-02 2.147084474563598633e-01
1.660683155059814453e-01 -2.320662885904312134e-02 2.177414894104003906e-01
2.038791179656982422e-01 -2.226635068655014038e-02 2.281863093376159668e-01
2.370439767837524414e-01 -2.173050493001937866e-02 2.326532006263732910e-01
1.260223388671875000e-01 -2.080233395099639893e-02 2.345173954963684082e-01
1.036310195922851562e-02 -2.087451517581939697e-02 1.845952272415161133e-01
9.657049179077148438e-02 -1.841767132282257080e-02 1.996483206748962402e-01
2.901489734649658203e-01 -1.985925436019897461e-02 2.088676095008850098e-01
3.214821815490722656e-01 -1.863884925842285156e-02 2.112042903900146484e-01
3.904217481613159180e-01 -2.055537700653076172e-02 2.366878986358642578e-01
3.695459365844726562e-01 -1.830936223268508911e-02 2.380167245864868164e-01
2.170791625976562500e-01 -1.233080029487609863e-02 2.160485982894897461e-01
1.945016384124755859e-01 -1.293043792247772217e-02 2.043490409851074219e-01
2.568279504776000977e-01 -1.454930007457733154e-02 2.033418416976928711e-01
