-2.616552710533142090e-01 -1.046918332576751709e-02 4.689329862594604492e-01
-2.469683289527893066e-01 -1.239906251430511475e-02 4.486979246139526367e-01
-2.252179384231567383e-01 -1.275361329317092896e-02 4.281190633773803711e-01
-2.867277860641479492e-01 -1.419857889413833618e-02 4.235770702362060547e-01
-2.391195297241210938e-01 -1.513024419546127319e-02 5.003265142440795898e-01
-2.246069312095642090e-01 -1.342839747667312622e-02 5.572030544281005859e-01
-2.478764057159423828e-01 -1.010057330131530762e-02 5.245820283889770508e-01
-2.835683226585388184e-01 -9.226247668266296387e-03 5.658690929412841797e-01
-2.117214202880859375e-01 -8.860014379024505615e-03 5.946886539459228516e-01
-1.752659678459167480e-01 -1.134567707777023315e-02 5.685126781463623047e-01
-1.224559545516967773e-01 -8.178979158401489258e-03 5.662961006164550781e-01
-1.146781444549560547e-01 -5.494423210620880127e-03 5.776437520980834961e-01
-1.346961259841918945e-01 -2.826534211635589600e-03 5.563473701477050781e-01
-2.103372812271118164e-01 -3.025256097316741943e-03 5.838518142700195312e-01
-2.842176556587219238e-01 -1.889340579509735107e-03 5.820146799087524414e-01
-3.157497048377990723e-01 3.535173833370208740e-03 5.359125137329101562e-01
-3.859752416610717773e-01 8.356697857379913330e-03 5.493196249008178711e-01
-4.532263278961181641e-01 4.027247428894042969e-03 5.520900487899780273e-01
-4.216897487640380859e-01 6.445899605751037598e-03 4.864084720611572266e-01
-3.978320956230163574e-01 3.671452403068542480e-03 4.769433736801147461e-01
-4.545081257820129395e-01 -2.328984439373016357e-03 5.219081640243530273e-01
-4.625257253646850586e-01 -1.505427062511444092e-03 5.153583288192749023e-01
-4.658309817314147949e-01 7.761552929878234863e-03 4.835686683654785156e-01
-5.495750308036804199e-01 6.609208881855010986e-03 4.676346778869628906e-01
-5.637139081954956055e-01 3.583438694477081299e-03 4.451540708541870117e-01
-5.909026265144348145e-01 9.217202663421630859e-03 3.795375823974609375e-01
-6.095821261405944824e-01 6.085611879825592041e-03 3.551876544952392578e-01
-6.957495808601379395e-01 1.264789327979087830e-02 3.072741031646728516e-01
-7.761645317077636719e-01 1.111197471618652344e-02 3.256802558898925781e-01
-8.594389557838439941e-01 1.659572869539260864e-02 2.821010351181030273e-01
-8.709951639175415039e-01 2.055243402719497681e-02 2.948423624038696289e-01
-9.308722019195556641e-01 2.481227368116378784e-02 3.102552890777587891e-01
-1.049049735069274902e+00 4.218590632081031799e-02 2.455492019653320312e-01
-1.013990402221679688e+00 4.533603787422180176e-02 1.545476317405700684e-01
-1.033032298088073730e+00 4.797779768705368042e-02 2.335484623908996582e-01
-9.568680524826049805e-01 4.894058406352996826e-02 8.706510066986083984e-02
-7.567948698997497559e-01 4.278390482068061829e-02 1.121401786804199219e-02
-6.368901729583740234e-01 3.497087955474853516e-02 -3.561019897460937500e-02
-5.901216268539428711e-01 3.062969073653221130e-02 -8.551406860351562500e-02
-6.366756558418273926e-01 2.858430147171020508e-02 -5.747944116592407227e-02
-5.583622455596923828e-01 2.429335191845893860e-02 -8.772987127304077148e-02
-4.994140267372131348e-01 1.997350901365280151e-02 -9.273725748062133789e-02
-4.468030333518981934e-01 2.105039358139038086e-02 -7.622581720352172852e-02
-5.283322930335998535e-01 2.207803353667259216e-02 -8.336836099624633789e-02
-6.660741567611694336e-01 3.011083230376243591e-02 -8.777350187301635742e-02
-6.908695697784423828e-01 2.576942741870880127e-02 -8.550000190734863281e-02
-7.332093715667724609e-01 2.566029503941535950e-02 -1.033781766891479492e-01
-7.915983796119689941e-01 2.954224124550819397e-02 -7.532036304473876953e-02
-8.341248035430908203e-01 3.013372421264648438e-02 -2.922326326370239258e-02
-6.701862215995788574e-01 1.924372091889381409e-02 1.041007041931152344e-02
-7.557898163795471191e-01 2.744323015213012695e-02 -2.240914106369018555e-02
-7.462084293365478516e-01 2.729156613349914551e-02 -5.246859788894653320e-02
-8.391290903091430664e-01 2.608264610171318054e-02 -3.977698087692260742e-02
-8.230676054954528809e-01 2.216102555394172668e-02 -8.806329965591430664e-02
-8.699284791946411133e-01 2.281243354082107544e-02 -6.505072116851806641e-02
-8.405926227569580078e-01 2.779059857130050659e-02 -8.989888429641723633e-02
-8.067547082901000977e-01 2.383825555443763733e-02 -6.272196769714355469e-02
-8.907508850097656250e-01 2.518198639154434204e-02 -6.849372386932373047e-02
-8.967999219894409180e-01 3.220652416348457336e-02 -9.076482057571411133e-02
-8.509587049484252930e-01 2.947729825973510742e-02 -9.030294418334960938e-02
-8.758996725082397461e-01 2.344193682074546814e-02 -4.323083162307739258e-02
-8.487838506698608398e-01 2.324467524886131287e-02 -3.021746873855590820e-02
-7.981155514717102051e-01 1.800196617841720581e-02 -3.955858945846557617e-02
-8.538316488265991211e-01 2.175997942686080933e-02 -3.989756107330322266e-02
-8.549934625625610352e-01 2.456241101026535034e-02 -4.369926452636718750e-02
-8.389045596122741699e-01 2.309767901897430420e-02 -2.906244993209838867e-02
-7.986173033714294434e-01 1.490781828761100769e-02 -5.678176879882812500e-03
-8.427120447158813477e-01 2.088253945112228394e-02 -4.526299238204956055e-02
-9.114565849304199219e-01 2.616683021187782288e-02 -4.389375448226928711e-02
-8.919677734375000000e-01 2.318318188190460205e-02 -4.705548286437988281e-03
-8.370307683944702148e-01 2.498476952314376831e-02 -6.505119800567626953e-02
-8.125094175338745117e-01 2.658616751432418823e-02 -5.594581365585327148e-02
-9.192153215408325195e-01 3.627498075366020203e-02 -6.625944375991821289e-02
-8.722929954528808594e-01 2.844671905040740967e-02 -7.650244235992431641e-02
-9.550280570983886719e-01 3.324134647846221924e-02 -7.675403356552124023e-02
-1.015033721923828125e+00 3.525868058204650879e-02 -7.376933097839355469e-02
-9.049521684646606445e-01 3.229783847928047180e-02 -4.347747564315795898e-02
-8.375035524368286133e-01 3.244432061910629272e-02 -9.230184555053710938e-02
-8.617036342620849609e-01 2.967378869652748108e-02 -9.402787685394287109e-02
-9.421738982200622559e-01 3.148043900728225708e-02 -6.149625778198242188e-02
-8.273411393165588379e-01 1.133433729410171509e-02 -4.297077655792236328e-03
-8.672499656677246094e-01 1.972520351409912109e-02 -7.818150520324707031e-02
-9.609049558639526367e-01 2.871476486325263977e-02 -1.195444464683532715e-01
-9.900949001312255859e-01 3.289395943284034729e-02 -9.353393316268920898e-02
-9.750958681106567383e-01 2.840174734592437744e-02 -7.863020896911621094e-02
-1.015432715415954590e+00 2.728594467043876648e-02 -5.509394407272338867e-02
-9.414345026016235352e-01 2.288947626948356628e-02 -4.568868875503540039e-02
-8.369913101196289062e-01 2.333356812596321106e-02 -7.507383823394775391e-02
-9.165509939193725586e-01 2.645101398229598999e-02 -5.576682090759277344e-02
-8.579257726669311523e-01 2.139921858906745911e-02 -4.253089427947998047e-02
-8.798481225967407227e-01 2.043773233890533447e-02 -3.842735290527343750e-02
-9.243152141571044922e-01 2.498019486665725708e-02 -5.757737159729003906e-02
-9.353280067443847656e-01 2.999681234359741211e-02 -8.488690853118896484e-02
-9.199402928352355957e-01 2.729548513889312744e-02 -9.995251893997192383e-02
-8.615725040435791016e-01 2.396238967776298523e-02 -5.033826828002929688e-02
-7.882248163223266602e-01 1.686218753457069397e-02 -3.763997554779052734e-02
-9.715509414672851562e-01 2.421866729855537415e-02 -7.255208492279052734e-02
-9.023042917251586914e-01 2.591123431921005249e-02 -9.964817762374877930e-02
-7.568839788436889648e-01 1.983019337058067322e-02 -1.041744947433471680e-01
-8.661943078041076660e-01 2.675126865506172180e-02 -9.847688674926757812e-02
-8.575708866119384766e-01 2.635962516069412231e-02 -7.661384344100952148e-02
-9.334586262702941895e-01 3.125789761543273926e-02 -5.617207288742065430e-02
-7.838765978813171387e-01 2.675907686352729797e-02 -7.213336229324340820e-02
-7.984871864318847656e-01 2.251391485333442688e-02 -6.376719474792480469e-02
-8.548362851142883301e-01 2.534090355038642883e-02 -2.610367536544799805e-02
-8.516369462013244629e-01 2.131969481706619263e-02 -7.783126831054687500e-02
-9.575340747833251953e-01 2.890697121620178223e-02 -7.954835891723632812e-03
-8.875385522842407227e-01 3.168584033846855164e-02 -6.528460979461669922e-02
-9.497503042221069336e-01 3.136552125215530396e-02 -7.297992706298828125e-03
-8.737000226974487305e-01 2.962590754032135010e-02 -1.668334007263183594e-02
-8.827265501022338867e-01 2.554503455758094788e-02 3.608524799346923828e-03
-8.057880997657775879e-01 1.888647302985191345e-02 -2.054357528686523438e-02
-8.227871656417846680e-01 2.289963141083717346e-02 -2.040022611618041992e-02
-7.483206391334533691e-01 2.359940111637115479e-02 -4.568421840667724609e-02
-7.997815608978271484e-01 2.259786799550056458e-02 -1.824706792831420898e-02
-7.181333303451538086e-01 1.996489986777305603e-02 -6.236547231674194336e-02
-6.352875232696533203e-01 2.157150581479072571e-02 -8.486557006835937500e-02
-6.592735648155212402e-01 2.117070555686950684e-02 -5.965411663055419922e-02
-6.240953803062438965e-01 2.480265125632286072e-02 -7.233917713165283203e-02
-6.363643407821655273e-01 2.260118350386619568e-02 -7.444953918457031250e-02
-7.696729302406311035e-01 1.140731573104858398e-02 -6.949406862258911133e-02
-8.430830240249633789e-01 2.150155976414680481e-02 -2.175992727279663086e-02
-6.742153167724609375e-01 2.820272743701934814e-02 2.515000104904174805e-02
-5.897253751754760742e-01 2.584897726774215698e-02 7.446974515914916992e-02
-7.138637900352478027e-01 3.072601929306983948e-02 1.234115362167358398e-01
-7.264508008956909180e-01 2.686633542180061340e-02 1.270213723182678223e-01
-6.401383280754089355e-01 2.771772444248199463e-02 8.148950338363647461e-02
-6.761931180953979492e-01 3.252785280346870422e-02 1.042853593826293945e-01
-6.400775313377380371e-01 3.231855854392051697e-02 1.689161658287048340e-01
-7.443197369575500488e-01 3.270857781171798706e-02 2.539546489715576172e-01
-7.121412158012390137e-01 3.466699644923210144e-02 2.238362431526184082e-01
-5.591565966606140137e-01 2.790042012929916382e-02 2.016150355339050293e-01
-5.092754364013671875e-01 2.526142820715904236e-02 2.851859331130981445e-01
-6.107528209686279297e-01 2.807008475065231323e-02 3.726544380187988281e-01
-6.829268336296081543e-01 3.599393740296363831e-02 5.761576890945434570e-01
-5.933417081832885742e-01 3.143827617168426514e-02 6.233490705490112305e-01
-2.433201074600219727e-01 9.515412151813507080e-03 4.304552078247070312e-01
-3.676220178604125977e-01 2.208016440272331238e-02 4.745713472366333008e-01
-4.706857204437255859e-01 2.670662477612495422e-02 8.724926710128784180e-01
-5.579342842102050781e-01 2.950298041105270386e-02 8.168064355850219727e-01
-4.617939591407775879e-01 1.846393570303916931e-02 7.128766775131225586e-01
-4.886288046836853027e-01 7.542420178651809692e-03 7.648309469223022461e-01
-3.376488685607910156e-01 1.092860475182533264e-02 7.667841911315917969e-01
-2.874753475189208984e-01 7.982790470123291016e-03 7.532939910888671875e-01
-1.606642007827758789e-01 2.525828778743743896e-03 5.386041402816772461e-01
-3.269547224044799805e-01 -3.764793276786804199e-03 7.947878837585449219e-01
-2.923424839973449707e-01 -1.167367398738861084e-02 7.497521638870239258e-01
-2.036242485046386719e-01 -1.344975084066390991e-02 7.362568378448486328e-01
-1.727778315544128418e-01 -1.652894169092178345e-02 7.589536905288696289e-01
-2.154859900474548340e-01 -1.654617488384246826e-02 7.590018510818481445e-01
-2.872977256774902344e-01 -8.244290947914123535e-03 8.545774221420288086e-01
-2.959228157997131348e-01 -7.073640823364257812e-03 8.778862953186035156e-01
-2.784162163734436035e-01 -1.217617839574813843e-02 8.511126041412353516e-01
-2.506561279296875000e-01 -1.683969050645828247e-02 8.377982378005981445e-01
-2.240673303604125977e-01 -1.813080161809921265e-02 7.906671762466430664e-01
-1.601161956787109375e-01 -1.548949629068374634e-02 8.051121234893798828e-01
-1.156446933746337891e-01 -1.156476885080337524e-02 7.855342626571655273e-01
-6.161117553710937500e-02 -1.725266128778457642e-02 8.425679206848144531e-01
-6.351935863494873047e-02 -1.392059028148651123e-02 8.840304613113403320e-01
-9.447789192199707031e-02 -1.098360121250152588e-02 8.213113546371459961e-01
-1.562281847000122070e-01 -2.786971628665924072e-03 8.630695343017578125e-01
-1.265462636947631836e-01 -2.483807504177093506e-03 8.427745103836059570e-01
-1.088552474975585938e-01 -4.106879234313964844e-03 8.526064157485961914e-01
-1.155035495758056641e-01 -1.229907572269439697e-02 8.680361509323120117e-01
-8.981418609619140625e-02 -1.113938540220260620e-02 8.708741664886474609e-01
-1.107426881790161133e-01 -1.940899342298507690e-02 8.718987703323364258e-01
-1.541346311569213867e-01 -8.014097809791564941e-03 8.053570985794067383e-01
-1.029858589172363281e-01 -7.383197546005249023e-03 1.003009080886840820e+00
-1.222410202026367188e-01 -7.260508835315704346e-03 9.663569927215576172e-01
-1.282682418823242188e-01 -8.952848613262176514e-03 9.260232448577880859e-01
-1.510095596313476562e-01 -1.039425283670425415e-02 1.021617412567138672e+00
-1.133269071578979492e-01 -1.317085325717926025e-02 9.097914695739746094e-01
-4.187858104705810547e-02 -1.272056251764297485e-02 8.337603807449340820e-01
1.187801361083984375e-02 -1.614921540021896362e-02 8.654606342315673828e-01
9.231805801391601562e-03 -1.196201890707015991e-02 9.438165426254272461e-01
1.518070697784423828e-02 -1.487120240926742554e-02 8.903400897979736328e-01
-2.812314033508300781e-02 -1.738358289003372192e-02 7.777243852615356445e-01
-1.332175731658935547e-02 -1.732828468084335327e-02 8.261493444442749023e-01
-4.137921333312988281e-02 -2.021489292383193970e-02 7.671114206314086914e-01
3.074240684509277344e-02 -1.804240792989730835e-02 8.694759607315063477e-01
-2.849090099334716797e-02 -1.624526828527450562e-02 8.428092002868652344e-01
-2.368998527526855469e-02 -8.923657238483428955e-03 9.731580018997192383e-01
-3.887712955474853516e-02 -7.014133036136627197e-03 8.554487228393554688e-01
-1.062473058700561523e-01 -5.129367113113403320e-03 8.683127164840698242e-01
-1.036381721496582031e-01 2.367377281188964844e-03 9.946745634078979492e-01
2.497196197509765625e-03 -5.035050213336944580e-03 9.764746427536010742e-01
-1.007218360900878906e-01 -5.332790315151214600e-03 1.028280377388000488e+00
-1.099599599838256836e-01 -6.854690611362457275e-03 9.482251405715942383e-01
-1.198316812515258789e-01 -7.904492318630218506e-03 9.291027784347534180e-01
-1.331326961517333984e-01 -8.323699235916137695e-03 9.005485773086547852e-01
-1.351193189620971680e-01 -1.232096552848815918e-02 8.337192535400390625e-01
-1.408345699310302734e-01 -1.247878372669219971e-02 8.434590101242065430e-01
-1.599566936492919922e-01 -4.440531134605407715e-03 9.517215490341186523e-01
-1.259685754776000977e-01 4.891529679298400879e-04 9.395837783813476562e-01
-1.661382913589477539e-01 7.531344890594482422e-04 9.565646648406982422e-01
-1.505875587463378906e-01 -3.755815327167510986e-03 9.488365650177001953e-01
-1.264704465866088867e-01 -3.644526004791259766e-03 9.525849819183349609e-01
-1.337879896163940430e-01 -7.605060935020446777e-03 9.303894042968750000e-01
-1.173993349075317383e-01 -1.001597195863723755e-02 9.572643041610717773e-01
-1.172252893447875977e-01 -1.086188107728958130e-02 1.034507989883422852e+00
-1.236549615859985352e-01 -1.286792010068893433e-02 9.794450998306274414e-01
-5.938935279846191406e-02 -1.099846512079238892e-02 1.016378760337829590e+00
-7.942390441894531250e-02 -9.000614285469055176e-03 1.042287468910217285e+00
-1.050556898117065430e-01 -9.081497788429260254e-03 1.069883227348327637e+00
-1.278785467147827148e-01 -1.341675966978073120e-02 9.927003383636474609e-01
-1.087900400161743164e-01 -1.117322593927383423e-02 9.495685100555419922e-01
-1.257557868957519531e-01 -1.182392239570617676e-02 9.701038599014282227e-01
-8.724391460418701172e-02 -1.984418183565139771e-02 9.492964744567871094e-01
-6.626009941101074219e-02 -1.807250082492828369e-02 8.790414333343505859e-01
-1.214705705642700195e-01 -7.981859147548675537e-03 9.442963600158691406e-01
-5.244421958923339844e-02 -1.008751243352890015e-02 9.188518524169921875e-01
-1.656246185302734375e-01 -9.090960025787353516e-03 1.017176747322082520e+00
-9.553539752960205078e-02 -1.837055385112762451e-02 9.597610235214233398e-01
-1.678415536880493164e-01 -2.602165192365646362e-02 9.652845859527587891e-01
-9.900927543640136719e-02 -1.058860868215560913e-02 9.449651241302490234e-01
-9.832334518432617188e-02 -9.318284690380096436e-03 1.006297349929809570e+00
-1.181339025497436523e-01 -6.283335387706756592e-03 9.997736215591430664e-01
-1.497409343719482422e-01 -9.617879986763000488e-04 1.037921190261840820e+00
-1.229665279388427734e-01 -4.836171865463256836e-03 9.790447950363159180e-01
-9.979557991027832031e-02 -7.016614079475402832e-03 1.007641553878784180e+00
-1.410869359970092773e-01 -1.018378138542175293e-02 9.953851699829101562e-01
-1.759985089302062988e-01 -5.144052207469940186e-03 9.828263521194458008e-01
-1.851721405982971191e-01 -8.525274693965911865e-03 1.041264295578002930e+00
-2.409036159515380859e-01 7.300280034542083740e-03 1.142887592315673828e+00
-1.961009502410888672e-01 -8.601844310760498047e-04 9.680414199829101562e-01
-2.033153772354125977e-01 -4.302009940147399902e-03 9.665327072143554688e-01
-2.022990584373474121e-01 -6.208583712577819824e-03 8.514685630798339844e-01
-2.410836815834045410e-01 -3.138482570648193359e-04 8.599665164947509766e-01
-2.237315773963928223e-01 1.727022230625152588e-03 8.726706504821777344e-01
-2.864171266555786133e-01 -3.171518445014953613e-03 8.287650346755981445e-01
-2.285376191139221191e-01 -6.075203418731689453e-05 9.047746658325195312e-01
-2.028670907020568848e-01 -3.956787288188934326e-03 9.457625150680541992e-01
-2.271918654441833496e-01 -5.226388573646545410e-03 9.615192413330078125e-01
-1.883036494255065918e-01 -5.090177059173583984e-03 8.704681396484375000e-01
-2.722377777099609375e-01 -1.116566359996795654e-03 8.868749141693115234e-01
-3.097424507141113281e-01 -2.530328929424285889e-03 7.891955375671386719e-01
-2.243153452873229980e-01 -6.421163678169250488e-03 7.487490177154541016e-01
-1.401338577270507812e-01 -6.972618401050567627e-03 6.853554248809814453e-01
-1.905189156532287598e-01 -3.293983638286590576e-03 7.014759778976440430e-01
-1.960363388061523438e-01 -7.386334240436553955e-03 7.165418863296508789e-01
-3.222919106483459473e-01 4.741623997688293457e-03 8.108921051025390625e-01
-2.907592058181762695e-01 8.234113454818725586e-03 7.315843105316162109e-01
-4.807196855545043945e-01 1.376258954405784607e-02 8.701376914978027344e-01
-4.587489962577819824e-01 2.077565342187881470e-02 9.045065641403198242e-01
-4.504147768020629883e-01 1.278183609247207642e-02 8.991953134536743164e-01
-4.666606187820434570e-01 7.184572517871856689e-03 8.589516878128051758e-01
-4.052543640136718750e-01 5.408652126789093018e-03 8.841863870620727539e-01
-4.309953451156616211e-01 1.103773713111877441e-02 9.006171226501464844e-01
-4.133272767066955566e-01 4.973985254764556885e-03 9.858158826828002930e-01
-4.704092741012573242e-01 5.889780819416046143e-03 9.211363792419433594e-01
-4.301655292510986328e-01 9.802207350730895996e-04 8.492953777313232422e-01
-4.460216164588928223e-01 1.675941050052642822e-03 8.587492704391479492e-01
-5.091874003410339355e-01 3.978393971920013428e-03 9.156333208084106445e-01
-4.720838069915771484e-01 8.738189935684204102e-04 8.693944215774536133e-01
-5.216584801673889160e-01 -3.667846322059631348e-04 9.182476997375488281e-01
-4.917469620704650879e-01 9.818520396947860718e-03 9.460879564285278320e-01
-5.534162521362304688e-01 1.193700358271598816e-02 9.101748466491699219e-01
-4.836769104003906250e-01 1.086041331291198730e-03 8.406184911727905273e-01
-4.314103722572326660e-01 -4.923380911350250244e-03 7.557843923568725586e-01
-4.475796818733215332e-01 -1.692563295364379883e-03 8.083736896514892578e-01
-3.216961026191711426e-01 -3.527395427227020264e-03 7.314448356628417969e-01
-4.659495949745178223e-01 1.115763187408447266e-02 8.146377801895141602e-01
-5.608089566230773926e-01 1.157446205615997314e-02 8.178853988647460938e-01
-4.503270983695983887e-01 1.098780333995819092e-02 8.008736371994018555e-01
-5.962947010993957520e-01 7.017768919467926025e-03 8.900420665740966797e-01
-4.892133474349975586e-01 -5.380883812904357910e-03 7.658233642578125000e-01
-3.930891752243041992e-01 5.940362811088562012e-03 8.030589818954467773e-01
-5.605573654174804688e-01 7.057152688503265381e-03 7.921719551086425781e-01
-4.514161944389343262e-01 4.048950970172882080e-03 7.159682512283325195e-01
-4.903838038444519043e-01 3.203459084033966064e-03 7.587304115295410156e-01
-2.062292098999023438e-01 -1.411083340644836426e-02 5.464659929275512695e-01
-3.122718930244445801e-01 -8.869305253028869629e-03 6.018104553222656250e-01
-3.063434958457946777e-01 -3.472261130809783936e-03 6.220601797103881836e-01
-3.841170668601989746e-01 -3.783993422985076904e-03 6.843216419219970703e-01
-4.559060335159301758e-01 9.773205965757369995e-03 7.494224309921264648e-01
-4.823535084724426270e-01 9.496945887804031372e-03 8.140053749084472656e-01
-5.586971044540405273e-01 1.203827187418937683e-02 8.083739280700683594e-01
-5.002096295356750488e-01 1.387796178460121155e-02 7.757515907287597656e-01
-5.737217068672180176e-01 9.975027292966842651e-03 8.297224044799804688e-01
-6.294064521789550781e-01 1.444531977176666260e-02 6.946936845779418945e-01
-6.992484331130981445e-01 1.987181603908538818e-02 7.644530534744262695e-01
-4.008824229240417480e-01 6.532639265060424805e-03 7.128968238830566406e-01
-4.742685556411743164e-01 -5.838513374328613281e-03 7.431178092956542969e-01
-3.519507050514221191e-01 -5.125053226947784424e-03 7.156693935394287109e-01
-4.834278821945190430e-01 -7.764719426631927490e-03 7.525798082351684570e-01
-4.209696650505065918e-01 -1.018518209457397461e-02 6.393554210662841797e-01
-4.852871298789978027e-01 -1.053746789693832397e-02 6.864887475967407227e-01
-4.408640861511230469e-01 -2.934120595455169678e-03 7.594155073165893555e-01
-4.112443327903747559e-01 -9.719215333461761475e-03 6.287075281143188477e-01
-3.537260890007019043e-01 -1.762318611145019531e-02 7.055236101150512695e-01
-3.901204466819763184e-01 -2.826902270317077637e-02 6.938117742538452148e-01
-3.616682291030883789e-01 -2.194053679704666138e-02 6.381245851516723633e-01
-3.202789425849914551e-01 -2.065648138523101807e-02 6.136603355407714844e-01
-3.004708290100097656e-01 -3.263146430253982544e-02 5.670988559722900391e-01
-3.294892907142639160e-01 -3.445523232221603394e-02 5.369375944137573242e-01
-3.648735880851745605e-01 -2.787453681230545044e-02 5.320075750350952148e-01
-4.288227558135986328e-01 -9.646125137805938721e-03 5.724680423736572266e-01
-4.274748563766479492e-01 -7.526844739913940430e-03 6.148774623870849609e-01
-5.087137818336486816e-01 1.073360443115234375e-03 6.301732063293457031e-01
-5.378999710083007812e-01 6.891235709190368652e-03 6.857180595397949219e-01
-5.219809412956237793e-01 8.876610547304153442e-03 6.542283296585083008e-01
-4.837859272956848145e-01 5.744442343711853027e-03 6.219351291656494141e-01
-5.309028029441833496e-01 9.787552058696746826e-03 5.894975662231445312e-01
-5.531300306320190430e-01 9.763091802597045898e-03 5.192928314208984375e-01
-4.601367115974426270e-01 9.339220821857452393e-03 4.014754295349121094e-01
-5.037927031517028809e-01 4.219248890876770020e-03 4.546043872833251953e-01
-4.547905325889587402e-01 -3.417432308197021484e-03 4.357990026473999023e-01
-3.888286948204040527e-01 -1.181155443191528320e-03 3.853369951248168945e-01
-4.639359116554260254e-01 -4.596665501594543457e-03 4.067566394805908203e-01
-4.520813226699829102e-01 -7.250688970088958740e-03 3.707729578018188477e-01
-4.211859703063964844e-01 2.589590847492218018e-03 3.283910751342773438e-01
-4.624002575874328613e-01 1.021568849682807922e-02 2.791396379470825195e-01
-4.942739009857177734e-01 1.726153865456581116e-02 2.745617628097534180e-01
-5.017775893211364746e-01 2.217883989214897156e-02 3.168791532516479492e-01
-5.153954625129699707e-01 2.548758313059806824e-02 3.034541010856628418e-01
-5.579881072044372559e-01 2.710903435945510864e-02 2.885215282440185547e-01
-5.574721693992614746e-01 3.323370218276977539e-02 2.934361100196838379e-01
-5.510770082473754883e-01 2.977043762803077698e-02 2.026299238204956055e-01
-5.602920651435852051e-01 2.781520038843154907e-02 2.455542683601379395e-01
-5.725932121276855469e-01 2.993874624371528625e-02 2.253797650337219238e-01
-5.492613315582275391e-01 2.759209647774696350e-02 2.057645916938781738e-01
-5.387795567512512207e-01 2.475713938474655151e-02 1.592500805854797363e-01
-5.954648256301879883e-01 2.304695919156074524e-02 1.765968799591064453e-01
-7.039071321487426758e-01 2.443126589059829712e-02 1.864105463027954102e-01
-5.697987675666809082e-01 2.702258899807929993e-02 1.819912791252136230e-01
-6.331199407577514648e-01 3.249743953347206116e-02 2.073960304260253906e-01
-6.307525038719177246e-01 3.116932138800621033e-02 7.942140102386474609e-02
-6.677615046501159668e-01 3.094043582677841187e-02 8.283430337905883789e-02
-7.230287790298461914e-01 2.829401195049285889e-02 7.920950651168823242e-02
-6.864835023880004883e-01 3.300873935222625732e-02 -3.184497356414794922e-03
-7.383595705032348633e-01 3.516378626227378845e-02 3.962099552154541016e-03
-7.129474282264709473e-01 3.575171530246734619e-02 -8.360481262207031250e-02
-7.072074413299560547e-01 3.338536992669105530e-02 2.368521690368652344e-02
-7.428951263427734375e-01 3.151801228523254395e-02 -1.374768614768981934e-01
-6.859532594680786133e-01 3.256282210350036621e-02 -1.141546368598937988e-01
-8.742625713348388672e-01 4.103093966841697693e-02 -2.250959277153015137e-01
-1.070346236228942871e+00 3.825028613209724426e-02 -1.776273250579833984e-01
-1.015479803085327148e+00 4.374728351831436157e-02 -3.563522994518280029e-01
-7.105462551116943359e-01 3.594109043478965759e-02 -3.587604463100433350e-01
-7.170082330703735352e-01 3.168426454067230225e-02 -3.612479865550994873e-01
-8.385307788848876953e-01 2.890961617231369019e-02 -3.875375390052795410e-01
-5.387845635414123535e-01 2.610800042748451233e-02 -3.287619054317474365e-01
-6.869676113128662109e-01 2.095520868897438049e-02 -2.914107441902160645e-01
-7.115036249160766602e-01 1.053476706147193909e-02 -1.134175062179565430e-01
-4.751847386360168457e-01 1.589621603488922119e-02 -2.961621880531311035e-01
-5.730229616165161133e-01 1.665555685758590698e-02 -2.552274465560913086e-01
-7.071137428283691406e-01 2.186539769172668457e-02 -3.573780059814453125e-01
-7.255358099937438965e-01 3.175783529877662659e-02 -4.715871810913085938e-01
-5.916580557823181152e-01 2.014959231019020081e-02 -4.881463646888732910e-01
-5.801328420639038086e-01 1.839094609022140503e-02 -6.170732975006103516e-01
-6.322017908096313477e-01 2.512133866548538208e-02 -5.842679738998413086e-01
-5.748814344406127930e-01 2.350201830267906189e-02 -5.554298758506774902e-01
-6.038973927497863770e-01 2.865602821111679077e-02 -5.780609846115112305e-01
-6.015226244926452637e-01 2.641318365931510925e-02 -5.333349704742431641e-01
-6.981624364852905273e-01 2.390819787979125977e-02 -5.765681266784667969e-01
-7.082026600837707520e-01 2.468176558613777161e-02 -5.587783455848693848e-01
-7.011703252792358398e-01 2.373450621962547302e-02 -5.632267594337463379e-01
-6.626083850860595703e-01 2.249032258987426758e-02 -5.805599093437194824e-01
-7.008694410324096680e-01 2.552652731537818909e-02 -5.837481021881103516e-01
-6.748781204223632812e-01 2.577988803386688232e-02 -5.660154819488525391e-01
-6.438426375389099121e-01 2.258073911070823669e-02 -5.778059363365173340e-01
-6.908921003341674805e-01 2.207604423165321350e-02 -5.760142803192138672e-01
-6.998440027236938477e-01 1.841388270258903503e-02 -5.338236093521118164e-01
-7.151995897293090820e-01 1.676873117685317993e-02 -5.461996197700500488e-01
-7.107584476470947266e-01 1.679548621177673340e-02 -5.087594389915466309e-01
-6.544283032417297363e-01 2.105535194277763367e-02 -5.093579888343811035e-01
-6.541960239410400391e-01 1.641652733087539673e-02 -5.481154918670654297e-01
-6.951804161071777344e-01 2.322004735469818115e-02 -5.711709260940551758e-01
-7.397357225418090820e-01 1.952480897307395935e-02 -5.737356543540954590e-01
-7.457943558692932129e-01 2.097790315747261047e-02 -5.918735265731811523e-01
-6.970474720001220703e-01 2.446925640106201172e-02 -6.263681650161743164e-01
-7.360956668853759766e-01 2.554863691329956055e-02 -6.031450629234313965e-01
-6.829959154129028320e-01 2.154329791665077209e-02 -6.233487129211425781e-01
-6.888319253921508789e-01 1.819042116403579712e-02 -6.405715942382812500e-01
-6.071159839630126953e-01 1.077969372272491455e-02 -6.324027776718139648e-01
-6.522772312164306641e-01 1.549891009926795959e-02 -6.460228562355041504e-01
-5.783935785293579102e-01 1.198590174317359924e-02 -6.609848141670227051e-01
-5.838801264762878418e-01 1.218874752521514893e-02 -6.590753793716430664e-01
-6.613643169403076172e-01 1.965275034308433533e-02 -6.511368751525878906e-01
-5.849755406379699707e-01 2.587837353348731995e-02 -6.207417249679565430e-01
-6.974685192108154297e-01 2.772558853030204773e-02 -6.053063273429870605e-01
-7.413907051086425781e-01 3.179970383644104004e-02 -5.992664694786071777e-01
-7.061182260513305664e-01 3.088317811489105225e-02 -5.887680053710937500e-01
-6.768839359283447266e-01 2.570825815200805664e-02 -5.570235252380371094e-01
-6.811356544494628906e-01 2.534834668040275574e-02 -5.908447504043579102e-01
-6.858649253845214844e-01 2.212332189083099365e-02 -5.674451589584350586e-01
-6.786561012268066406e-01 2.386441826820373535e-02 -5.736393928527832031e-01
-7.812998294830322266e-01 2.330754324793815613e-02 -5.682721138000488281e-01
-7.347161769866943359e-01 2.259314060211181641e-02 -5.674879550933837891e-01
-6.530027985572814941e-01 1.792081072926521301e-02 -5.539269447326660156e-01
-6.909854412078857422e-01 2.054155245423316956e-02 -5.461123585700988770e-01
-7.135006189346313477e-01 2.217263355851173401e-02 -5.536087751388549805e-01
-8.867347240447998047e-01 2.816922590136528015e-02 -5.883650779724121094e-01
-7.538285851478576660e-01 1.395060867071151733e-02 -5.075196623802185059e-01
-6.844018101692199707e-01 1.540563628077507019e-02 -5.132053494453430176e-01
-6.221000552177429199e-01 2.565980702638626099e-02 -5.765219330787658691e-01
-6.066591143608093262e-01 2.612625434994697571e-02 -5.556268692016601562e-01
-7.956998348236083984e-01 3.064899519085884094e-02 -5.831421017646789551e-01
-7.485305070877075195e-01 3.205012157559394836e-02 -5.866968035697937012e-01
-6.548676490783691406e-01 2.740856632590293884e-02 -5.172231793403625488e-01
-6.046266555786132812e-01 1.870086789131164551e-02 -5.558261871337890625e-01
-6.297901868820190430e-01 2.000864967703819275e-02 -5.984678268432617188e-01
-6.756879091262817383e-01 2.734075859189033508e-02 -6.013026237487792969e-01
-7.451239824295043945e-01 2.933780848979949951e-02 -6.016955971717834473e-01
-4.026255011558532715e-01 1.665585488080978394e-02 -5.032683610916137695e-01
-7.534465789794921875e-01 2.528279647231101990e-02 -5.544320344924926758e-01
-5.171942114830017090e-01 2.016885578632354736e-02 -5.856085419654846191e-01
-7.873805761337280273e-01 2.844674512743949890e-02 -5.423644781112670898e-01
-8.519617319107055664e-01 3.000457212328910828e-02 -5.826710462570190430e-01
-7.912937998771667480e-01 2.418668568134307861e-02 -5.350121855735778809e-01
-8.806403875350952148e-01 2.857192605733871460e-02 -6.003491878509521484e-01
-9.310680031776428223e-01 3.459352999925613403e-02 -6.351372003555297852e-01
-8.557755947113037109e-01 3.118029609322547913e-02 -6.391392946243286133e-01
-9.505129456520080566e-01 3.472381830215454102e-02 -6.475504636764526367e-01
-8.772316575050354004e-01 3.580973669886589050e-02 -6.690675020217895508e-01
-8.472191095352172852e-01 3.425609320402145386e-02 -6.671492457389831543e-01
-7.703568935394287109e-01 3.177666664123535156e-02 -5.720196962356567383e-01
-7.750941514968872070e-01 2.477973699569702148e-02 -5.562112927436828613e-01
-7.289654016494750977e-01 2.077189087867736816e-02 -5.446578264236450195e-01
-7.127587795257568359e-01 2.517903968691825867e-02 -5.395202040672302246e-01
-6.080518364906311035e-01 2.133351564407348633e-02 -4.951719045639038086e-01
-6.556178331375122070e-01 2.309305965900421143e-02 -5.534645915031433105e-01
-8.391162157058715820e-01 3.472310304641723633e-02 -5.324568152427673340e-01
-7.485065460205078125e-01 2.821487933397293091e-02 -5.240142941474914551e-01
-6.536652445793151855e-01 2.777741476893424988e-02 -5.170139670372009277e-01
-7.602438926696777344e-01 2.902394160628318787e-02 -5.104554891586303711e-01
-7.678883075714111328e-01 3.384229168295860291e-02 -5.048546195030212402e-01
-8.213133811950683594e-01 3.370317444205284119e-02 -5.276464223861694336e-01
-7.654079794883728027e-01 2.654859051108360291e-02 -5.282075405120849609e-01
-7.205331325531005859e-01 2.460444718599319458e-02 -5.370237827301025391e-01
-6.803261041641235352e-01 2.203632146120071411e-02 -5.178309679031372070e-01
-7.296857237815856934e-01 2.303489297628402710e-02 -5.408205986022949219e-01
-6.900724768638610840e-01 2.616119757294654846e-02 -5.206111669540405273e-01
-6.524216532707214355e-01 2.370884269475936890e-02 -5.285632014274597168e-01
-6.935694217681884766e-01 2.478771284222602844e-02 -5.238953232765197754e-01
-6.947584152221679688e-01 2.692463621497154236e-02 -5.310262441635131836e-01
-6.995694637298583984e-01 2.503888681530952454e-02 -5.271931886672973633e-01
-6.590594053268432617e-01 2.138875797390937805e-02 -5.225468873977661133e-01
-5.920262932777404785e-01 1.705313473939895630e-02 -5.269064903259277344e-01
-6.131360530853271484e-01 1.796827465295791626e-02 -5.463191866874694824e-01
-6.561821699142456055e-01 2.170908451080322266e-02 -4.812108874320983887e-01
-6.490325331687927246e-01 1.778510957956314087e-02 -4.927445650100708008e-01
-5.964973568916320801e-01 9.449243545532226562e-03 -5.089621543884277344e-01
-5.431894063949584961e-01 3.476813435554504395e-03 -4.804231226444244385e-01
-5.539594292640686035e-01 7.127460092306137085e-03 -4.315206706523895264e-01
-6.064798235893249512e-01 1.631698012351989746e-02 -4.490513205528259277e-01
-5.234199762344360352e-01 1.197331026196479797e-02 -4.712100028991699219e-01
-4.219492673873901367e-01 1.166483387351036072e-02 -4.771625697612762451e-01
-4.287957549095153809e-01 9.540751576423645020e-03 -4.032392799854278564e-01
-4.910574555397033691e-01 1.012710854411125183e-02 -3.368563950061798096e-01
-5.141020417213439941e-01 6.934411823749542236e-03 -2.980586290359497070e-01
-4.091292619705200195e-01 5.650408565998077393e-03 -4.305092692375183105e-01
-4.937716126441955566e-01 3.752358257770538330e-03 -4.980450868606567383e-01
-4.073386788368225098e-01 1.187138259410858154e-03 -5.215804576873779297e-01
-3.988747596740722656e-01 -1.262590289115905762e-03 -5.435900688171386719e-01
-3.602359294891357422e-01 1.107878983020782471e-03 -5.662368535995483398e-01
-2.577068209648132324e-01 1.169741153717041016e-06 -5.784631967544555664e-01
-2.841532230377197266e-01 7.448263466358184814e-03 -6.326669454574584961e-01
-2.567861676216125488e-01 2.760231494903564453e-03 -7.941157221794128418e-01
-9.390056133270263672e-02 3.769941627979278564e-03 -6.375232934951782227e-01
-1.236582994461059570e-01 5.373850464820861816e-03 -6.838991641998291016e-01
-1.283671855926513672e-01 4.108846187591552734e-04 -6.303095817565917969e-01
-3.435170650482177734e-02 -6.449967622756958008e-04 -7.650441527366638184e-01
-9.807705879211425781e-03 4.040896892547607422e-04 -7.920128107070922852e-01
-4.684436321258544922e-02 -3.890313208103179932e-03 -7.263250946998596191e-01
-9.482753276824951172e-02 -1.940049231052398682e-03 -7.477260828018188477e-01
-1.293438673019409180e-01 -3.304414451122283936e-03 -9.041799902915954590e-01
-4.922008514404296875e-02 -7.505126297473907471e-03 -7.238729000091552734e-01
-1.554882526397705078e-02 -9.713664650917053223e-03 -6.632014513015747070e-01
1.363408565521240234e-01 -7.197163999080657959e-03 -6.120752096176147461e-01
2.108628749847412109e-01 -7.713072001934051514e-03 -6.335060596466064453e-01
2.777525186538696289e-01 -2.371996641159057617e-03 -7.698491811752319336e-01
2.717423439025878906e-01 1.638896763324737549e-03 -8.063763976097106934e-01
3.199692964553833008e-01 1.318561658263206482e-02 -9.172832965850830078e-01
6.364227533340454102e-01 3.567164018750190735e-02 -1.127234578132629395e+00
6.027319431304931641e-01 2.231069654226303101e-02 -9.801729917526245117e-01
8.800693750381469727e-01 4.386469349265098572e-02 -1.232514619827270508e+00
6.816111803054809570e-01 2.297163382172584534e-02 -1.051235914230346680e+00
8.850482702255249023e-01 3.068760409951210022e-02 -1.152116537094116211e+00
4.990535974502563477e-01 -1.173323392868041992e-02 -6.339381933212280273e-01
5.255686044692993164e-01 -1.380171626806259155e-02 -5.701862573623657227e-01
4.991996288299560547e-01 -1.382321119308471680e-02 -5.347549915313720703e-01
6.927806138992309570e-01 -3.113262355327606201e-03 -6.489345431327819824e-01
6.666990518569946289e-01 -1.265236735343933105e-02 -6.557314991950988770e-01
6.953866481781005859e-01 -9.773179888725280762e-03 -7.240212559700012207e-01
6.787288188934326172e-01 -1.643620431423187256e-02 -7.541919350624084473e-01
5.951230525970458984e-01 -2.741825580596923828e-02 -7.278084754943847656e-01
5.670769214630126953e-01 -2.789419889450073242e-02 -7.161473035812377930e-01
5.650707483291625977e-01 -2.726865559816360474e-02 -7.186382412910461426e-01
6.372933387756347656e-01 -2.324122935533523560e-02 -7.209890484809875488e-01
7.859560251235961914e-01 -1.193496584892272949e-02 -8.358044624328613281e-01
8.139433860778808594e-01 -1.030276715755462646e-02 -8.451210856437683105e-01
7.989393472671508789e-01 -7.198989391326904297e-03 -8.800291419029235840e-01
7.190985679626464844e-01 -1.238540560007095337e-02 -7.844787836074829102e-01
5.952041149139404297e-01 -2.021764218807220459e-02 -7.492915391921997070e-01
6.231998205184936523e-01 -1.920657604932785034e-02 -7.718801498413085938e-01
6.380671262741088867e-01 -2.435190975666046143e-02 -7.701061964035034180e-01
6.124320030212402344e-01 -2.253946661949157715e-02 -7.686616182327270508e-01
5.806471109390258789e-01 -2.038321644067764282e-02 -7.603327035903930664e-01
6.665617227554321289e-01 -1.328897476196289062e-02 -8.225634694099426270e-01
6.202251911163330078e-01 -1.910590380430221558e-02 -8.031133413314819336e-01
5.730988979339599609e-01 -2.436785399913787842e-02 -7.252768874168395996e-01
6.141777038574218750e-01 -2.203215658664703369e-02 -8.219610452651977539e-01
6.190260648727416992e-01 -2.225047349929809570e-02 -7.867705821990966797e-01
5.500682592391967773e-01 -2.211102098226547241e-02 -7.510904073715209961e-01
5.268986225128173828e-01 -2.645660936832427979e-02 -7.223038077354431152e-01
5.886527299880981445e-01 -2.576428651809692383e-02 -8.042700290679931641e-01
7.419605255126953125e-01 -2.022720873355865479e-02 -8.138961791992187500e-01
6.601791381835937500e-01 -1.930873841047286987e-02 -8.243166208267211914e-01
7.158941030502319336e-01 -1.477019488811492920e-02 -8.356311917304992676e-01
7.137702703475952148e-01 -1.981794834136962891e-02 -8.158839344978332520e-01
6.474018096923828125e-01 -2.177796512842178345e-02 -7.484192252159118652e-01
8.260403871536254883e-01 -3.888905048370361328e-04 -1.048744678497314453e+00
7.498296499252319336e-01 -1.085584610700607300e-02 -8.821159601211547852e-01
7.483606338500976562e-01 -1.515992730855941772e-02 -8.925428390502929688e-01
7.380602359771728516e-01 -1.677107810974121094e-02 -8.110793232917785645e-01
7.193373441696166992e-01 -1.950099319219589233e-02 -8.195792436599731445e-01
6.912357807159423828e-01 -1.796362549066543579e-02 -8.091378211975097656e-01
8.765517473220825195e-01 -6.268307566642761230e-03 -9.652349948883056641e-01
7.347718477249145508e-01 -5.593217909336090088e-03 -1.023043394088745117e+00
6.702328920364379883e-01 -1.347693800926208496e-02 -9.829617142677307129e-01
7.099822759628295898e-01 -1.496276259422302246e-02 -9.592572450637817383e-01
6.751720905303955078e-01 -1.922324299812316895e-02 -8.549076914787292480e-01
6.519920825958251953e-01 -2.276241779327392578e-02 -8.311753273010253906e-01
7.254053354263305664e-01 -1.128705590963363647e-02 -8.876019120216369629e-01
8.833709955215454102e-01 5.319081246852874756e-03 -1.079518556594848633e+00
8.303922414779663086e-01 8.135214447975158691e-04 -9.055766463279724121e-01
7.481750249862670898e-01 -5.727700889110565186e-03 -7.137242555618286133e-01
7.808867692947387695e-01 -1.099289953708648682e-02 -8.375560045242309570e-01
7.227828502655029297e-01 -1.299549639225006104e-02 -8.169345855712890625e-01
7.262694835662841797e-01 -9.076319634914398193e-03 -8.951890468597412109e-01
7.657741308212280273e-01 -9.615235030651092529e-03 -8.711822628974914551e-01
6.879100799560546875e-01 -9.598620235919952393e-03 -8.193613290786743164e-01
7.235869169235229492e-01 -7.034622132778167725e-03 -8.886376619338989258e-01
6.990419626235961914e-01 -4.398413002490997314e-03 -9.069927930831909180e-01
6.505012512207031250e-01 -1.070451736450195312e-02 -7.712807059288024902e-01
6.248164176940917969e-01 -9.182751178741455078e-03 -7.345209717750549316e-01
5.711368322372436523e-01 -5.952551960945129395e-03 -5.918977856636047363e-01
6.498789787292480469e-01 -2.688415348529815674e-03 -6.536669731140136719e-01
6.537729501724243164e-01 5.583405494689941406e-03 -8.205494284629821777e-01
6.231861114501953125e-01 7.281765341758728027e-03 -7.360198497772216797e-01
6.635383367538452148e-01 5.797624588012695312e-03 -7.055092453956604004e-01
6.890293359756469727e-01 4.074610769748687744e-03 -6.987660527229309082e-01
6.532794237136840820e-01 6.092481315135955811e-03 -7.947251200675964355e-01
5.843373537063598633e-01 3.260575234889984131e-03 -8.182896375656127930e-01
5.021929740905761719e-01 -4.579335451126098633e-03 -7.941579818725585938e-01
4.553618431091308594e-01 -6.808891892433166504e-03 -7.367682456970214844e-01
4.111661911010742188e-01 -1.021817326545715332e-02 -7.168446779251098633e-01
3.803318738937377930e-01 -1.108556985855102539e-02 -6.682398319244384766e-01
4.004688262939453125e-01 -3.514647483825683594e-03 -6.173579692840576172e-01
4.006820917129516602e-01 -9.161636233329772949e-03 -6.440568566322326660e-01
3.303430080413818359e-01 -6.281532347202301025e-03 -6.634100079536437988e-01
2.711730003356933594e-01 -3.773570060729980469e-04 -7.538951635360717773e-01
2.558279037475585938e-01 -4.647850990295410156e-03 -7.800980806350708008e-01
2.252867221832275391e-01 -4.607893526554107666e-03 -7.797193527221679688e-01
1.722937822341918945e-01 -1.423437893390655518e-02 -8.365495800971984863e-01
2.279149293899536133e-01 -1.499179005622863770e-02 -7.993650436401367188e-01
1.844103336334228516e-01 -1.717192679643630981e-02 -9.015054702758789062e-01
1.631197929382324219e-01 -1.729940623044967651e-02 -9.376614689826965332e-01
1.736440658569335938e-01 -2.212683111429214478e-02 -9.126250147819519043e-01
1.344617605209350586e-01 -1.475659012794494629e-02 -1.068607449531555176e+00
1.171978712081909180e-01 -2.425071597099304199e-02 -9.725967645645141602e-01
1.241297721862792969e-01 -9.093441069126129150e-03 -1.026115179061889648e+00
4.647743701934814453e-02 -1.174544543027877808e-02 -1.117270708084106445e+00
1.269006729125976562e-02 -6.592333316802978516e-03 -1.129131793975830078e+00
6.556761264801025391e-02 -7.040910422801971436e-03 -1.198890447616577148e+00
6.464254856109619141e-02 -1.499544829130172729e-02 -1.132487297058105469e+00
5.219042301177978516e-02 -1.193111389875411987e-02 -1.112050533294677734e+00
6.045234203338623047e-02 -1.257175952196121216e-02 -1.003761768341064453e+00
5.742299556732177734e-02 -1.834698766469955444e-02 -1.037614583969116211e+00
7.384169101715087891e-02 -2.057431638240814209e-02 -1.096389293670654297e+00
1.130717992782592773e-01 -2.902334183454513550e-02 -9.801623821258544922e-01
1.627935171127319336e-01 -1.224708557128906250e-02 -9.258137941360473633e-01
1.249810457229614258e-01 -2.860426902770996094e-03 -9.308263659477233887e-01
1.338831186294555664e-01 -6.841264665126800537e-03 -1.044842839241027832e+00
1.335003376007080078e-01 -1.766756176948547363e-04 -1.105117321014404297e+00
2.010103464126586914e-01 -1.585663110017776489e-02 -9.547175168991088867e-01
3.265726566314697266e-02 -6.432957947254180908e-03 -1.149262428283691406e+00
5.659091472625732422e-02 -1.090990751981735229e-02 -1.025770783424377441e+00
1.449185609817504883e-01 5.730748176574707031e-03 -1.181696295738220215e+00
3.713357448577880859e-02 -2.354644238948822021e-03 -1.134900569915771484e+00
1.106098890304565430e-01 3.400549292564392090e-03 -1.149897336959838867e+00
1.682790517807006836e-01 -2.429857850074768066e-04 -1.058958292007446289e+00
1.777437925338745117e-01 9.899549186229705811e-03 -1.144366860389709473e+00
3.461503982543945312e-02 8.760213851928710938e-03 -1.240931749343872070e+00
-7.607817649841308594e-02 1.990927010774612427e-02 -1.371328115463256836e+00
2.021992206573486328e-02 9.144984185695648193e-03 -1.215388536453247070e+00
1.746515035629272461e-01 1.356347277760505676e-02 -1.088664054870605469e+00
5.696320533752441406e-02 1.010529696941375732e-02 -1.251197338104248047e+00
7.017624378204345703e-02 5.205608904361724854e-03 -1.167660593986511230e+00
5.583202838897705078e-02 -2.838179469108581543e-03 -1.012188196182250977e+00
7.323551177978515625e-02 -1.735731959342956543e-03 -1.077807307243347168e+00
9.776079654693603516e-02 7.958486676216125488e-04 -1.110239982604980469e+00
6.327939033508300781e-02 1.998916268348693848e-04 -1.148723363876342773e+00
7.068908214569091797e-02 -2.862147986888885498e-03 -1.092507004737854004e+00
3.437066078186035156e-02 -3.544114530086517334e-03 -1.133949160575866699e+00
3.362834453582763672e-02 -6.268098950386047363e-04 -1.092586994171142578e+00
1.714539527893066406e-02 -2.558976411819458008e-04 -1.026838183403015137e+00
8.816123008728027344e-03 -4.813566803932189941e-03 -1.087863445281982422e+00
3.589057922363281250e-02 -1.075501739978790283e-02 -1.044424057006835938e+00
2.754390239715576172e-02 -1.048991084098815918e-02 -1.114673256874084473e+00
2.365124225616455078e-02 -1.413235068321228027e-02 -1.065346956253051758e+00
3.085720539093017578e-02 -1.107052713632583618e-02 -1.029531002044677734e+00
-1.143455505371093750e-02 -1.379676908254623413e-02 -1.000464320182800293e+00
9.094595909118652344e-03 -2.460978925228118896e-02 -1.014029264450073242e+00
1.578760147094726562e-02 -1.687442511320114136e-02 -1.075454950332641602e+00
1.377227306365966797e-01 -1.640245318412780762e-03 -1.219143629074096680e+00
1.006318330764770508e-01 -3.726482391357421875e-04 -1.244520902633666992e+00
3.813982009887695312e-02 -4.078708589076995850e-03 -1.191012740135192871e+00
3.151917457580566406e-02 -1.590698957443237305e-03 -1.269293665885925293e+00
-8.122801780700683594e-03 -5.092814564704895020e-03 -1.224094629287719727e+00
3.870368003845214844e-02 -1.522256433963775635e-02 -1.075204849243164062e+00
3.149628639221191406e-03 -2.081170678138732910e-02 -9.707680344581604004e-01
4.512763023376464844e-02 -2.012475579977035522e-02 -9.875383973121643066e-01
1.177101135253906250e-01 -1.112175732851028442e-02 -9.431611299514770508e-01
8.082973957061767578e-02 -3.068540990352630615e-02 -9.478722810745239258e-01
-4.856824874877929688e-03 -5.647099763154983521e-02 -1.014540433883666992e+00
-3.289115428924560547e-02 -7.586012035608291626e-02 -9.336749315261840820e-01
3.124833106994628906e-02 -4.550742357969284058e-02 -1.069977283477783203e+00
4.305362701416015625e-03 -7.370218634605407715e-03 -1.126936674118041992e+00
7.382321357727050781e-02 -7.892698049545288086e-04 -1.059097647666931152e+00
5.744695663452148438e-03 -3.931820392608642578e-03 -1.064569711685180664e+00
6.237900257110595703e-02 -7.073193788528442383e-03 -1.061001181602478027e+00
7.716715335845947266e-02 -6.881102919578552246e-03 -1.029507994651794434e+00
8.379745483398437500e-02 -7.068611681461334229e-03 -1.014066576957702637e+00
7.141757011413574219e-02 -6.502538919448852539e-03 -1.044233560562133789e+00
4.989290237426757812e-02 -8.558087050914764404e-03 -9.969372749328613281e-01
8.678936958312988281e-02 -6.641954183578491211e-03 -9.719544053077697754e-01
1.230837106704711914e-01 -1.226495951414108276e-02 -9.143013358116149902e-01
1.314084529876708984e-01 -3.731153905391693115e-03 -9.388561844825744629e-01
1.623743772506713867e-01 1.375772058963775635e-03 -8.861678838729858398e-01
1.539338827133178711e-01 -2.191774547100067139e-03 -8.245340585708618164e-01
1.720020771026611328e-01 -1.664690673351287842e-03 -8.446044921875000000e-01
1.463419198989868164e-01 -7.370010018348693848e-03 -7.985547184944152832e-01
1.054745912551879883e-01 -7.717750966548919678e-03 -7.773002386093139648e-01
1.088579893112182617e-01 -3.319971263408660889e-03 -7.667500972747802734e-01
7.706034183502197266e-02 -6.314896047115325928e-03 -7.466681003570556641e-01
1.962251663208007812e-01 -7.369771599769592285e-03 -8.533723950386047363e-01
1.661840677261352539e-01 -3.654852509498596191e-03 -8.491518497467041016e-01
5.915093421936035156e-02 -4.043541848659515381e-03 -7.741140723228454590e-01
1.177858114242553711e-01 -1.611749827861785889e-02 -8.487948179244995117e-01
9.982824325561523438e-02 -3.928780555725097656e-03 -7.563849687576293945e-01
2.644605636596679688e-01 1.442899182438850403e-02 -9.955443739891052246e-01
1.416487693786621094e-01 1.110373064875602722e-02 -1.123793721199035645e+00
1.262133121490478516e-01 7.982477545738220215e-03 -1.071063637733459473e+00
1.169245243072509766e-01 1.163318753242492676e-03 -9.997707605361938477e-01
9.270501136779785156e-02 -2.053394913673400879e-03 -9.268057942390441895e-01
8.363151550292968750e-02 -3.219470381736755371e-04 -9.129185676574707031e-01
1.629611253738403320e-01 5.872726440429687500e-03 -9.884645938873291016e-01
2.018225193023681641e-01 7.324796169996261597e-03 -1.020868539810180664e+00
1.810680627822875977e-01 2.905063331127166748e-03 -9.064216613769531250e-01
1.720689535140991211e-01 2.024061977863311768e-03 -9.149300456047058105e-01
2.487728595733642578e-01 6.365343928337097168e-03 -9.561150074005126953e-01
1.178576946258544922e-01 -8.125603199005126953e-04 -8.415673375129699707e-01
6.784737110137939453e-02 3.505237400531768799e-03 -7.967090606689453125e-01
1.451616287231445312e-01 1.795768737792968750e-03 -9.044875502586364746e-01
2.202440500259399414e-01 8.551329374313354492e-03 -9.157503843307495117e-01
9.873068332672119141e-02 -6.498098373413085938e-04 -8.225141167640686035e-01
2.079229354858398438e-01 4.051774740219116211e-04 -9.117889404296875000e-01
2.384662628173828125e-01 8.282244205474853516e-03 -9.202435016632080078e-01
3.037056922912597656e-01 1.630261540412902832e-02 -1.051897287368774414e+00
3.264697790145874023e-01 1.838925480842590332e-02 -1.054190039634704590e+00
2.969105243682861328e-01 1.853516325354576111e-02 -1.068251609802246094e+00
2.389250993728637695e-01 2.537920325994491577e-02 -1.174148917198181152e+00
1.603782176971435547e-01 2.162772417068481445e-02 -1.173373699188232422e+00
1.349401473999023438e-01 1.717811077833175659e-02 -1.097902059555053711e+00
1.684918403625488281e-01 1.652726158499717712e-02 -1.076494574546813965e+00
1.359008550643920898e-01 1.956137269735336304e-02 -1.142756223678588867e+00
1.278512477874755859e-01 2.110825106501579285e-02 -1.204900741577148438e+00
1.662923097610473633e-01 2.159633114933967590e-02 -1.181523323059082031e+00
1.302534341812133789e-01 1.727553084492683411e-02 -1.096238851547241211e+00
1.676239967346191406e-01 1.868666335940361023e-02 -1.148652911186218262e+00
1.924787759780883789e-01 1.860608533024787903e-02 -1.119839429855346680e+00
2.282663583755493164e-01 2.500277757644653320e-02 -1.189014673233032227e+00
2.084344625473022461e-01 2.641924470663070679e-02 -1.183132052421569824e+00
2.811987400054931641e-01 3.079454600811004639e-02 -1.199491858482360840e+00
2.353557348251342773e-01 2.790072560310363770e-02 -1.190368294715881348e+00
2.291551828384399414e-01 2.514866366982460022e-02 -1.209825754165649414e+00
2.194501161575317383e-01 2.527964487671852112e-02 -1.208191156387329102e+00
2.494002580642700195e-01 2.810806035995483398e-02 -1.200902342796325684e+00
2.201159000396728516e-01 2.590469643473625183e-02 -1.189253449440002441e+00
1.990828514099121094e-01 2.408247441053390503e-02 -1.174046039581298828e+00
1.907573938369750977e-01 2.242349833250045776e-02 -1.165192604064941406e+00
2.027636766433715820e-01 2.273999899625778198e-02 -1.162669420242309570e+00
1.992129087448120117e-01 2.257353067398071289e-02 -1.160936355590820312e+00
2.079375982284545898e-01 2.291756868362426758e-02 -1.162965178489685059e+00
2.081342935562133789e-01 2.311566099524497986e-02 -1.168226003646850586e+00
1.986467838287353516e-01 2.256086468696594238e-02 -1.165332078933715820e+00
1.822412014007568359e-01 2.202494814991950989e-02 -1.162914514541625977e+00
1.290469169616699219e-01 1.768900081515312195e-02 -1.118148326873779297e+00
2.364939451217651367e-01 2.853241190314292908e-02 -1.237276315689086914e+00
1.442613601684570312e-01 2.191496640443801880e-02 -1.202571153640747070e+00
1.976705789566040039e-01 2.390376478433609009e-02 -1.194548726081848145e+00
1.588373184204101562e-01 2.379661053419113159e-02 -1.209816813468933105e+00
2.451256513595581055e-01 2.017614990472793579e-02 -1.093061208724975586e+00
1.821166276931762695e-01 2.438256144523620605e-02 -1.231296181678771973e+00
1.564151048660278320e-01 2.339939773082733154e-02 -1.188517808914184570e+00
2.057915925979614258e-01 2.524010464549064636e-02 -1.234830141067504883e+00
2.058938741683959961e-01 2.828003838658332825e-02 -1.244269967079162598e+00
2.008091211318969727e-01 2.330362424254417419e-02 -1.165422916412353516e+00
2.216745615005493164e-01 2.548230066895484924e-02 -1.235519886016845703e+00
1.680190563201904297e-01 1.971838995814323425e-02 -1.149156212806701660e+00
1.563087701797485352e-01 2.097875252366065979e-02 -1.165282249450683594e+00
1.536090373992919922e-01 2.008315175771713257e-02 -1.142877817153930664e+00
1.976139545440673828e-01 2.390789985656738281e-02 -1.182656049728393555e+00
1.422543525695800781e-01 2.035481110215187073e-02 -1.142874956130981445e+00
1.545400619506835938e-01 2.243443205952644348e-02 -1.179784297943115234e+00
1.513049602508544922e-01 2.098801359534263611e-02 -1.168966770172119141e+00
1.751180887222290039e-01 2.131531760096549988e-02 -1.170559406280517578e+00
2.074115276336669922e-01 2.269336953759193420e-02 -1.163468360900878906e+00
2.230088710784912109e-01 2.188023179769515991e-02 -1.133765935897827148e+00
2.444127798080444336e-01 2.499474957585334778e-02 -1.187536358833312988e+00
3.119915723800659180e-01 3.165495395660400391e-02 -1.247983455657958984e+00
2.525632381439208984e-01 2.666396647691726685e-02 -1.192331075668334961e+00
2.398849725723266602e-01 2.339585125446319580e-02 -1.145315647125244141e+00
1.850231885910034180e-01 1.926101371645927429e-02 -1.105685234069824219e+00
2.860088348388671875e-01 2.612339705228805542e-02 -1.156013965606689453e+00
3.678240776062011719e-01 2.798267081379890442e-02 -1.171228408813476562e+00
3.345475196838378906e-01 2.522996068000793457e-02 -1.158809423446655273e+00
3.290617465972900391e-01 2.268803492188453674e-02 -1.127744197845458984e+00
2.581669092178344727e-01 1.261304318904876709e-02 -9.832307696342468262e-01
2.604905366897583008e-01 1.541886478662490845e-02 -1.023025274276733398e+00
2.415543794631958008e-01 9.762752801179885864e-03 -9.729821681976318359e-01
2.444082498550415039e-01 1.991435885429382324e-03 -8.174719810485839844e-01
1.714890003204345703e-01 3.230348229408264160e-04 -7.205710411071777344e-01
2.236219644546508789e-01 2.598889172077178955e-03 -7.578002810478210449e-01
1.643874645233154297e-01 2.741903066635131836e-03 -7.421585321426391602e-01
7.714486122131347656e-02 1.381985843181610107e-03 -7.116559743881225586e-01
2.680288553237915039e-01 7.944121956825256348e-03 -8.353685736656188965e-01
1.568576097488403320e-01 5.743660032749176025e-03 -7.399988174438476562e-01
1.638872623443603516e-01 1.483157277107238770e-03 -7.106855511665344238e-01
1.889396905899047852e-01 -8.758381009101867676e-04 -6.351273059844970703e-01
4.318264722824096680e-01 1.222500950098037720e-02 -8.260753750801086426e-01
4.700056314468383789e-01 1.612412184476852417e-02 -8.851646184921264648e-01
6.609526872634887695e-01 2.032504230737686157e-02 -9.927503466606140137e-01
6.310529708862304688e-01 2.357342466711997986e-02 -9.602838158607482910e-01
6.085216999053955078e-01 2.153877168893814087e-02 -1.057291626930236816e+00
5.294656753540039062e-01 1.488302275538444519e-02 -9.956924915313720703e-01
4.100366830825805664e-01 -1.414458453655242920e-02 -7.338771224021911621e-01
3.497048616409301758e-01 -9.911015629768371582e-03 -6.532321572303771973e-01
2.881859540939331055e-01 -2.347946912050247192e-02 -6.713764071464538574e-01
4.207775592803955078e-01 3.107763826847076416e-03 -8.438868522644042969e-01
2.677186727523803711e-01 -1.158984750509262085e-02 -6.993818283081054688e-01
3.381091356277465820e-01 -2.135872840881347656e-02 -5.693626403808593750e-01
3.955860137939453125e-01 -1.575176417827606201e-02 -6.000230312347412109e-01
4.472538232803344727e-01 -1.126087456941604614e-02 -5.470028519630432129e-01
4.490841627120971680e-01 -1.459163427352905273e-02 -4.574397206306457520e-01
6.132422685623168945e-01 -5.681626498699188232e-03 -5.340374708175659180e-01
8.898607492446899414e-01 1.086797937750816345e-02 -6.339825391769409180e-01
6.787297725677490234e-01 -5.825221538543701172e-03 -4.873629808425903320e-01
5.651903152465820312e-01 -7.562704384326934814e-03 -4.189736247062683105e-01
6.578943729400634766e-01 -1.022218912839889526e-02 -4.056466817855834961e-01
1.249857306480407715e+00 2.778760343790054321e-02 -6.772250533103942871e-01
1.467944025993347168e+00 4.927495121955871582e-02 -7.654308080673217773e-01
1.346413016319274902e+00 4.549105465412139893e-02 -7.680090069770812988e-01
8.984144926071166992e-01 1.554550230503082275e-02 -4.436717033386230469e-01
7.977688312530517578e-01 6.934702396392822266e-03 -3.180669248104095459e-01
7.673583030700683594e-01 1.613721251487731934e-03 -2.528763711452484131e-01
1.130977511405944824e+00 2.407519891858100891e-02 -4.051404595375061035e-01
1.251533150672912598e+00 3.323153778910636902e-02 -3.983542025089263916e-01
9.709070920944213867e-01 1.569566875696182251e-02 -2.338393330574035645e-01
1.140567660331726074e+00 2.196067571640014648e-02 -3.332328200340270996e-01
8.108366727828979492e-01 5.557589232921600342e-03 -1.669399142265319824e-01
7.970435619354248047e-01 5.266442894935607910e-04 -1.187778711318969727e-01
9.976602792739868164e-01 1.246452331542968750e-03 -1.183681488037109375e-01
1.006052136421203613e+00 -9.026378393173217773e-05 -9.323537349700927734e-02
9.176625013351440430e-01 -4.983380436897277832e-03 -5.281120538711547852e-02
8.193356990814208984e-01 -4.267841577529907227e-03 6.183564662933349609e-03
8.234009742736816406e-01 -2.374418079853057861e-03 7.277727127075195312e-03
8.493565320968627930e-01 -4.341565072536468506e-03 2.658486366271972656e-03
8.311418294906616211e-01 -1.093207299709320068e-02 4.583221673965454102e-02
8.022533655166625977e-01 -1.283899694681167603e-02 4.845249652862548828e-02
9.036566019058227539e-01 -2.433197945356369019e-02 2.745276689529418945e-02
9.209228754043579102e-01 -2.658132463693618774e-02 4.449748992919921875e-02
8.839346170425415039e-01 -2.039920538663864136e-02 1.244729161262512207e-01
8.323656320571899414e-01 -2.577083557844161987e-02 1.155894994735717773e-01
9.065097570419311523e-01 -2.861950546503067017e-02 7.794946432113647461e-02
9.143973588943481445e-01 -2.361360937356948853e-02 3.692531585693359375e-02
8.931440114974975586e-01 -2.964114397764205933e-02 7.198178768157958984e-02
9.219514131546020508e-01 -2.799168229103088379e-02 8.543854951858520508e-02
9.523364305496215820e-01 -2.879730612039566040e-02 6.136548519134521484e-02
9.226905107498168945e-01 -2.251731604337692261e-02 6.378984451293945312e-02
1.063014149665832520e+00 -1.811764389276504517e-02 5.783170461654663086e-02
9.947055578231811523e-01 -2.859985828399658203e-02 8.065843582153320312e-02
1.150871396064758301e+00 -1.697549968957901001e-02 6.622380018234252930e-02
1.174038767814636230e+00 -1.028700172901153564e-02 5.965298414230346680e-02
1.138533711433410645e+00 -6.855376064777374268e-03 4.329711198806762695e-02
1.096133828163146973e+00 -6.934471428394317627e-03 3.291934728622436523e-02
1.102340102195739746e+00 -1.203615218400955200e-02 7.701081037521362305e-02
1.295751690864562988e+00 -3.250606358051300049e-03 1.583015918731689453e-02
1.064607501029968262e+00 -1.137262582778930664e-02 1.017900705337524414e-01
1.085056424140930176e+00 -1.899239420890808105e-02 5.762732028961181641e-02
1.113683819770812988e+00 -1.348586380481719971e-02 6.184625625610351562e-02
1.086465954780578613e+00 -1.323173940181732178e-02 6.747972965240478516e-02
1.129646658897399902e+00 -2.287064492702484131e-02 9.871798753738403320e-02
1.093335747718811035e+00 -2.866752445697784424e-02 1.099672317504882812e-01
1.080948472023010254e+00 -3.398990631103515625e-02 8.977234363555908203e-02
1.015679001808166504e+00 -2.969767153263092041e-02 4.647445678710937500e-02
1.081159710884094238e+00 -2.248760312795639038e-02 7.068741321563720703e-02
1.105135560035705566e+00 -2.298374474048614502e-02 1.324615478515625000e-01
1.157683968544006348e+00 -2.160195261240005493e-02 8.287376165390014648e-02
1.138200402259826660e+00 -2.025727927684783936e-02 8.187413215637207031e-02
1.267356753349304199e+00 -1.294790208339691162e-02 8.331418037414550781e-03
1.166849017143249512e+00 -8.510023355484008789e-03 -4.561722278594970703e-03
1.168878436088562012e+00 -1.547807455062866211e-02 9.264177083969116211e-02
1.264060616493225098e+00 -1.196155697107315063e-02 4.184520244598388672e-02
1.294721722602844238e+00 -1.154402643442153931e-02 2.182781696319580078e-03
1.370538353919982910e+00 -5.607552826404571533e-03 -1.999849081039428711e-02
1.226139426231384277e+00 -1.393341273069381714e-02 8.898317813873291016e-03
1.096132397651672363e+00 -6.197124719619750977e-03 4.056477546691894531e-02
1.191126227378845215e+00 -6.644271314144134521e-03 6.100338697433471680e-02
1.136905789375305176e+00 -1.518666744232177734e-02 1.881450414657592773e-02
1.066022276878356934e+00 -2.108742296695709229e-02 4.322284460067749023e-02
9.890204668045043945e-01 -2.094311267137527466e-02 1.308851242065429688e-01
1.015716195106506348e+00 -1.723570376634597778e-02 8.365172147750854492e-02
1.093882441520690918e+00 -1.634024828672409058e-02 5.700916051864624023e-02
1.132745385169982910e+00 -1.022572070360183716e-02 3.137159347534179688e-02
1.087474465370178223e+00 -1.918820291757583618e-02 6.814509630203247070e-02
1.246538281440734863e+00 -1.465711742639541626e-02 3.744637966156005859e-02
1.122159361839294434e+00 -2.055935561656951904e-02 8.180183172225952148e-02
1.206748843193054199e+00 -1.124116778373718262e-02 5.160772800445556641e-02
1.187534451484680176e+00 -5.122810602188110352e-03 5.746018886566162109e-02
1.158656954765319824e+00 -9.858831763267517090e-04 3.495389223098754883e-02
1.195741772651672363e+00 -5.377344787120819092e-03 -5.464911460876464844e-03
1.228435158729553223e+00 -1.616932451725006104e-03 1.626199483871459961e-02
1.115205168724060059e+00 -1.166235655546188354e-02 5.148124694824218750e-02
1.086732983589172363e+00 -1.643651723861694336e-02 7.393223047256469727e-02
1.197597384452819824e+00 -1.141770184040069580e-02 5.450248718261718750e-02
1.317834734916687012e+00 -6.030678749084472656e-03 -2.409601211547851562e-02
1.085350394248962402e+00 -1.512470841407775879e-02 1.201375722885131836e-01
1.216596007347106934e+00 -9.146638214588165283e-03 5.862969160079956055e-02
1.243037104606628418e+00 -1.806670427322387695e-02 7.856220006942749023e-02
1.178518891334533691e+00 -1.872198283672332764e-02 6.540423631668090820e-02
1.377154707908630371e+00 -2.425275743007659912e-03 7.135927677154541016e-03
1.232252001762390137e+00 -3.365799784660339355e-03 1.877915859222412109e-02
1.339552998542785645e+00 -2.748668193817138672e-04 -3.266829252243041992e-02
1.096676945686340332e+00 -3.791488707065582275e-03 2.731317281723022461e-02
1.155829548835754395e+00 -2.836041152477264404e-03 1.101905107498168945e-02
1.099925160408020020e+00 -8.300751447677612305e-03 1.587527990341186523e-02
1.153944373130798340e+00 -1.064707338809967041e-02 4.020273685455322266e-03
1.180116534233093262e+00 -9.724617004394531250e-03 3.775292634963989258e-02
1.124863743782043457e+00 -1.180884242057800293e-02 2.370262145996093750e-02
1.227903962135314941e+00 -1.286514103412628174e-02 -3.246426582336425781e-02
1.174618363380432129e+00 -1.190118491649627686e-02 2.716851234436035156e-02
9.869505167007446289e-01 -1.706092059612274170e-02 7.138043642044067383e-02
1.040401816368103027e+00 -1.385562121868133545e-02 4.553675651550292969e-02
9.862750768661499023e-01 -1.588715612888336182e-02 4.895579814910888672e-02
1.012597203254699707e+00 -1.079963147640228271e-02 3.457885980606079102e-02
1.196349501609802246e+00 -4.197381436824798584e-03 2.029788494110107422e-02
1.117635369300842285e+00 -1.007950305938720703e-02 6.744039058685302734e-02
1.213929057121276855e+00 -2.288214862346649170e-03 5.108940601348876953e-02
1.241101384162902832e+00 -6.152920424938201904e-03 -6.809711456298828125e-03
1.166172862052917480e+00 -1.021027565002441406e-03 1.025438308715820312e-02
1.191867470741271973e+00 -2.742908895015716553e-03 3.992736339569091797e-03
1.033574938774108887e+00 -9.076364338397979736e-03 5.150800943374633789e-02
1.173312783241271973e+00 -3.085456788539886475e-03 2.801918983459472656e-02
1.204486727714538574e+00 -3.267392516136169434e-03 4.620158672332763672e-02
1.246097207069396973e+00 2.454906702041625977e-03 1.263135671615600586e-02
1.170646548271179199e+00 -6.607443094253540039e-03 1.617991924285888672e-02
1.153943657875061035e+00 -6.701745092868804932e-03 2.940464019775390625e-02
9.954406023025512695e-01 -1.659961789846420288e-02 8.704328536987304688e-02
1.010520100593566895e+00 -1.900621503591537476e-02 4.792898893356323242e-02
1.000169157981872559e+00 -2.672300487756729126e-02 9.657716751098632812e-02
1.150995850563049316e+00 -1.097464561462402344e-02 5.315566062927246094e-02
1.136831879615783691e+00 -1.370786875486373901e-02 2.158349752426147461e-02
1.195462584495544434e+00 -1.202388107776641846e-02 1.350289583206176758e-02
1.023146986961364746e+00 -1.480197161436080933e-02 7.723921537399291992e-02
1.102702260017395020e+00 -8.952632546424865723e-03 3.242367506027221680e-02
1.117686867713928223e+00 -7.852859795093536377e-03 2.499175071716308594e-02
1.074180722236633301e+00 -1.787147670984268188e-02 7.459771633148193359e-02
1.141754031181335449e+00 -1.327195018529891968e-02 1.247543096542358398e-02
1.194940447807312012e+00 -1.881960779428482056e-02 7.308644056320190430e-02
9.522820711135864258e-01 -1.962763071060180664e-02 1.316244006156921387e-01
9.992927312850952148e-01 -1.795832067728042603e-02 1.198624968528747559e-01
1.009539484977722168e+00 -2.121219038963317871e-02 7.370859384536743164e-02
1.229437708854675293e+00 -2.282455563545227051e-02 -1.303017139434814453e-03
1.235261559486389160e+00 -2.418075501918792725e-02 3.964227437973022461e-02
1.101578593254089355e+00 -1.928374171257019043e-02 1.205658912658691406e-02
1.080877661705017090e+00 -1.552687585353851318e-02 5.876225233078002930e-02
1.018539071083068848e+00 -2.496806532144546509e-02 2.895057201385498047e-02
1.076777815818786621e+00 -2.594106644392013550e-02 3.018587827682495117e-02
8.997560739517211914e-01 -2.766889333724975586e-02 8.745676279067993164e-02
8.309949636459350586e-01 -2.716583013534545898e-02 7.326531410217285156e-02
7.936816215515136719e-01 -3.486026078462600708e-02 7.717353105545043945e-02
7.661211490631103516e-01 -3.816455602645874023e-02 1.197501420974731445e-01
7.655526399612426758e-01 -3.532483428716659546e-02 8.126902580261230469e-02
6.979794502258300781e-01 -3.288391977548599243e-02 1.026424765586853027e-01
7.054677009582519531e-01 -2.362102270126342773e-02 1.185170412063598633e-01
6.757445335388183594e-01 -2.214210480451583862e-02 1.594445109367370605e-01
7.141628265380859375e-01 -1.659746468067169189e-02 1.486045718193054199e-01
6.579885482788085938e-01 -1.743005961179733276e-02 1.503237485885620117e-01
5.765026807785034180e-01 -1.476351916790008545e-02 1.706284880638122559e-01
5.352990627288818359e-01 -1.291009038686752319e-02 1.596293449401855469e-01
6.508593559265136719e-01 -9.492315351963043213e-03 1.869260072708129883e-01
6.748099327087402344e-01 -7.011719048023223877e-03 1.695051789283752441e-01
7.794195413589477539e-01 -9.204670786857604980e-04 2.243332266807556152e-01
9.298056364059448242e-01 -9.644851088523864746e-04 4.170354604721069336e-01
1.060397028923034668e+00 -8.674949407577514648e-03 2.575856447219848633e-01
8.640190362930297852e-01 -8.900269865989685059e-03 2.435594797134399414e-01
8.741666078567504883e-01 -3.266744315624237061e-03 4.109665155410766602e-01
6.889474391937255859e-01 1.701563596725463867e-03 3.432198762893676758e-01
4.882698059082031250e-01 -1.412115991115570068e-03 3.473794460296630859e-01
4.539321660995483398e-01 -5.797259509563446045e-03 4.716289043426513672e-01
5.193932056427001953e-01 -9.714514017105102539e-03 5.577950477600097656e-01
5.492483377456665039e-01 -8.837364614009857178e-03 6.002252101898193359e-01
4.139330387115478516e-01 -4.122585058212280273e-03 5.069644451141357422e-01
3.028980493545532227e-01 -2.119131386280059814e-03 5.151716470718383789e-01
2.488794326782226562e-01 -4.768066108226776123e-03 5.096279382705688477e-01
2.357470989227294922e-01 -4.476279020309448242e-03 5.326910018920898438e-01
1.896879673004150391e-01 -4.207104444503784180e-03 6.198792457580566406e-01
4.070711135864257812e-02 -7.534846663475036621e-03 6.613097190856933594e-01
6.313931941986083984e-02 -3.559336066246032715e-03 6.522883176803588867e-01
6.595849990844726562e-02 -3.789916634559631348e-03 5.348842144012451172e-01
-4.291772842407226562e-02 -5.973637104034423828e-03 4.848903417587280273e-01
8.939063549041748047e-02 -1.335807144641876221e-02 5.790925025939941406e-01
9.532296657562255859e-02 -1.245806366205215454e-02 5.161848068237304688e-01
2.072087526321411133e-01 -1.551921665668487549e-02 5.021524429321289062e-01
1.954698562622070312e-02 -1.055315136909484863e-02 5.295023918151855469e-01
-2.591764926910400391e-02 -7.774792611598968506e-03 5.288443565368652344e-01
3.940880298614501953e-02 -1.680148392915725708e-02 6.829926967620849609e-01
7.140064239501953125e-02 -1.841368526220321655e-02 5.938876867294311523e-01
-2.337992191314697266e-02 -1.967959105968475342e-02 6.452016830444335938e-01
5.702662467956542969e-02 -1.906958222389221191e-02 7.427197694778442383e-01
-9.390354156494140625e-03 -1.746854186058044434e-02 7.116963863372802734e-01
-6.831455230712890625e-02 -1.637168973684310913e-02 7.178627252578735352e-01
-2.569949626922607422e-02 -1.777552813291549683e-02 7.367143630981445312e-01
-1.109681129455566406e-01 -9.493052959442138672e-03 6.921025514602661133e-01
-2.751004695892333984e-02 -1.790896058082580566e-02 7.121194601058959961e-01
-4.076385498046875000e-02 -1.142671704292297363e-02 6.953803300857543945e-01
-3.014314174652099609e-02 -1.497821509838104248e-02 6.435947418212890625e-01
-1.956808567047119141e-02 -9.767480194568634033e-03 7.543338537216186523e-01
-9.468793869018554688e-03 -1.606604456901550293e-02 8.377100229263305664e-01
-4.914629459381103516e-02 -1.386667042970657349e-02 8.540602922439575195e-01
-2.757322788238525391e-02 -1.105772703886032104e-02 8.278800249099731445e-01
-3.046166896820068359e-02 -1.212989538908004761e-02 8.267718553543090820e-01
-2.688717842102050781e-02 -1.569634675979614258e-02 7.810673713684082031e-01
4.192948341369628906e-03 -1.643437147140502930e-02 7.335495948791503906e-01
-6.156277656555175781e-02 -1.898747682571411133e-02 6.892569065093994141e-01
-1.442909240722656250e-02 -2.487197518348693848e-02 6.877819299697875977e-01
7.177591323852539062e-03 -3.464192152023315430e-02 7.208175659179687500e-01
-3.936457633972167969e-02 -2.226022630929946899e-02 7.043060064315795898e-01
-3.239822387695312500e-02 -1.977442950010299683e-02 7.507805824279785156e-01
-2.155411243438720703e-02 -2.201191335916519165e-02 6.684151887893676758e-01
-6.111860275268554688e-02 -1.362749934196472168e-02 7.776641845703125000e-01
-5.294358730316162109e-02 -1.305802911520004272e-02 8.016369342803955078e-01
-9.760928153991699219e-02 -9.549759328365325928e-03 7.886662483215332031e-01
-1.198891401290893555e-01 -9.355716407299041748e-03 8.313628435134887695e-01
-1.129860877990722656e-01 -1.013495773077011108e-02 8.632005453109741211e-01
-1.158782243728637695e-01 -1.065486669540405273e-02 8.595935106277465820e-01
-1.125968694686889648e-01 -6.463102996349334717e-03 8.546994924545288086e-01
-1.381493806838989258e-01 -5.900993943214416504e-03 8.994276523590087891e-01
-1.359186172485351562e-01 -5.785629153251647949e-03 8.934377431869506836e-01
-1.043572425842285156e-01 -7.704846560955047607e-03 8.566058874130249023e-01
-1.111334562301635742e-01 -7.214471697807312012e-03 8.172886371612548828e-01
-1.240016222000122070e-01 -2.775862812995910645e-03 9.018995761871337891e-01
-1.472176313400268555e-01 -2.959042787551879883e-03 9.363924264907836914e-01
-7.940280437469482422e-02 -8.881159126758575439e-03 9.185258150100708008e-01
-1.101213693618774414e-01 -1.058360189199447632e-02 8.716434240341186523e-01
-9.960258007049560547e-02 -9.492062032222747803e-03 8.901804685592651367e-01
-9.331154823303222656e-02 -7.255062460899353027e-03 8.982464075088500977e-01
-1.172072887420654297e-01 -7.018804550170898438e-03 8.975900411605834961e-01
-9.203350543975830078e-02 -1.035520434379577637e-02 8.494259119033813477e-01
-6.747663021087646484e-02 -3.173567354679107666e-03 7.787096500396728516e-01
-7.847821712493896484e-02 -5.830176174640655518e-03 8.904153108596801758e-01
-3.125107288360595703e-02 -7.608547806739807129e-03 9.214680194854736328e-01
-4.861140251159667969e-02 -1.037003844976425171e-02 8.506278991699218750e-01
-5.544006824493408203e-02 -8.223332464694976807e-03 8.228398561477661133e-01
-1.807761192321777344e-02 -7.478393614292144775e-03 8.530226945877075195e-01
-1.500415802001953125e-02 -1.119551807641983032e-02 8.068432807922363281e-01
-1.919698715209960938e-02 -1.166976243257522583e-02 8.501098155975341797e-01
-4.781568050384521484e-02 -1.037417352199554443e-02 9.160473346710205078e-01
-4.674482345581054688e-02 -1.344870775938034058e-02 8.176410198211669922e-01
-8.450746536254882812e-04 -9.921915829181671143e-03 7.650547027587890625e-01
-2.595186233520507812e-02 -1.608946919441223145e-02 7.295758724212646484e-01
-3.180801868438720703e-02 -1.458726078271865845e-02 7.700233459472656250e-01
1.611459255218505859e-02 -1.653689146041870117e-02 7.488706111907958984e-01
-1.654887199401855469e-02 -1.820605993270874023e-02 7.438254356384277344e-01
-5.954194068908691406e-02 -1.501406729221343994e-02 7.822985649108886719e-01
-9.119737148284912109e-02 -9.652324020862579346e-03 8.616641759872436523e-01
-7.462728023529052734e-02 -9.548105299472808838e-03 8.242951631546020508e-01
-6.726765632629394531e-02 -1.005298644304275513e-02 8.064390420913696289e-01
-5.950403213500976562e-02 -1.079636812210083008e-02 8.324549198150634766e-01
-5.931270122528076172e-02 -9.282767772674560547e-03 8.423883914947509766e-01
-4.031908512115478516e-02 -1.266661286354064941e-02 8.236515522003173828e-01
-1.006017923355102539e-01 -7.324166595935821533e-03 8.394107818603515625e-01
-1.451269388198852539e-01 -2.081483602523803711e-03 8.432183265686035156e-01
-8.795237541198730469e-02 -6.095468997955322266e-03 8.813437223434448242e-01
-1.163407564163208008e-01 -4.907526075839996338e-03 8.608232736587524414e-01
-1.316335201263427734e-01 -7.511042058467864990e-03 8.452671766281127930e-01
-1.120300292968750000e-01 -4.078619182109832764e-03 8.569030761718750000e-01
-1.431562900543212891e-01 -1.763164997100830078e-03 9.064577817916870117e-01
-7.602417469024658203e-02 -5.797788500785827637e-03 9.167681932449340820e-01
-6.798851490020751953e-02 -4.539549350738525391e-03 8.826018571853637695e-01
-8.853757381439208984e-02 -5.949266254901885986e-03 9.096539020538330078e-01
-1.178556680679321289e-01 -8.047036826610565186e-03 8.516561985015869141e-01
-1.368479728698730469e-01 -3.917515277862548828e-03 8.864210844039916992e-01
-7.314884662628173828e-02 -1.103974878787994385e-02 8.661082983016967773e-01
-9.999430179595947266e-02 -1.018296927213668823e-02 8.767088651657104492e-01
-1.159310340881347656e-01 -6.772667169570922852e-03 8.830119371414184570e-01
-1.045596599578857422e-01 -9.166322648525238037e-03 8.225148916244506836e-01
-1.241344213485717773e-01 -1.022353023290634155e-02 7.433230876922607422e-01
-1.071323156356811523e-01 -1.299532502889633179e-02 6.878958940505981445e-01
-1.081211566925048828e-01 -1.084382086992263794e-02 7.343626022338867188e-01
-8.282792568206787109e-02 -9.893871843814849854e-03 7.290918827056884766e-01
-1.067315340042114258e-01 -9.745821356773376465e-03 6.789083480834960938e-01
-5.884277820587158203e-02 -1.415462046861648560e-02 6.600431203842163086e-01
-9.410607814788818359e-02 -1.391965150833129883e-02 6.968566179275512695e-01
-6.762361526489257812e-02 -1.555699855089187622e-02 6.672292947769165039e-01
-6.536257266998291016e-02 -1.695483922958374023e-02 6.664355993270874023e-01
-1.956319808959960938e-02 -1.603652536869049072e-02 6.449997425079345703e-01
-2.801275253295898438e-02 -1.727857440710067749e-02 6.177599430084228516e-01
-1.277244091033935547e-02 -2.515032887458801270e-02 5.426437854766845703e-01
-2.574884891510009766e-02 -2.844569087028503418e-02 5.691663026809692383e-01
-8.690762519836425781e-02 -1.852583140134811401e-02 6.029498577117919922e-01
-8.157575130462646484e-02 -1.650777459144592285e-02 6.048537492752075195e-01
-1.723111867904663086e-01 -1.321405917406082153e-02 6.334046125411987305e-01
-1.304233074188232422e-01 -1.720941066741943359e-02 6.142182350158691406e-01
-1.275600194931030273e-01 -1.535256952047348022e-02 6.300215721130371094e-01
-1.274791955947875977e-01 -1.557730138301849365e-02 5.905030965805053711e-01
-1.274167299270629883e-01 -1.346957683563232422e-02 6.178007125854492188e-01
-8.529019355773925781e-02 -1.652660220861434937e-02 6.448882818222045898e-01
-6.558227539062500000e-02 -8.556224405765533447e-03 7.016237974166870117e-01
-9.261167049407958984e-02 -1.119989901781082153e-02 6.321740150451660156e-01
-1.586980819702148438e-01 -7.805332541465759277e-03 6.057645082473754883e-01
-1.940199732780456543e-01 -3.441728651523590088e-03 5.821323394775390625e-01
-1.617655754089355469e-01 -8.644960820674896240e-03 5.628898143768310547e-01
-2.039213776588439941e-01 -1.761615276336669922e-03 6.281421184539794922e-01
-1.576411724090576172e-01 -6.233081221580505371e-03 6.129114627838134766e-01
-2.428035140037536621e-01 -8.268997073173522949e-03 6.097941398620605469e-01
-3.164768218994140625e-01 -2.744473516941070557e-03 5.709794759750366211e-01
-1.974918842315673828e-01 -6.573282182216644287e-03 5.950763225555419922e-01
-1.442936658859252930e-01 -1.134803146123886108e-02 6.007764339447021484e-01
-7.522356510162353516e-02 -1.425065845251083374e-02 6.469396352767944336e-01
-7.371497154235839844e-02 -2.010776847600936890e-02 6.126238107681274414e-01
-9.662902355194091797e-02 -1.742110401391983032e-02 6.224910020828247070e-01
-1.297904253005981445e-01 -1.552158594131469727e-02 6.183843612670898438e-01
-1.409081220626831055e-01 -1.411245763301849365e-02 6.715059280395507812e-01
-1.163810491561889648e-01 -1.624078303575515747e-02 6.189429759979248047e-01
-1.459621191024780273e-01 -1.681547611951828003e-02 5.825406312942504883e-01
-1.480361223220825195e-01 -1.821052283048629761e-02 5.857731103897094727e-01
-1.504532098770141602e-01 -1.843207329511642456e-02 6.052228212356567383e-01
-1.486847400665283203e-01 -1.827585697174072266e-02 6.022608280181884766e-01
-1.241585016250610352e-01 -1.775556802749633789e-02 6.326029300689697266e-01
-1.251660585403442383e-01 -1.943966746330261230e-02 5.999032258987426758e-01
-1.263376474380493164e-01 -2.235535532236099243e-02 5.620646476745605469e-01
-1.036630868911743164e-01 -2.232430130243301392e-02 6.035385131835937500e-01
-1.266541481018066406e-01 -2.298767119646072388e-02 6.376420259475708008e-01
-1.299661397933959961e-01 -2.346768230199813843e-02 6.340875625610351562e-01
-1.042741537094116211e-01 -2.076650410890579224e-02 6.606514453887939453e-01
-1.076495647430419922e-01 -1.966880261898040771e-02 6.467801332473754883e-01
-1.060516834259033203e-01 -1.980405300855636597e-02 6.170518398284912109e-01
-6.793379783630371094e-02 -1.940577477216720581e-02 6.345101594924926758e-01
-9.186398983001708984e-02 -2.307663112878799438e-02 5.866677761077880859e-01
-1.001602411270141602e-01 -2.378056943416595459e-02 5.971633195877075195e-01
-8.041965961456298828e-02 -2.411636710166931152e-02 5.985013246536254883e-01
-5.200374126434326172e-02 -2.356056123971939087e-02 6.065407991409301758e-01
-5.834221839904785156e-02 -2.472219616174697876e-02 5.821735858917236328e-01
-2.632415294647216797e-02 -3.057750314474105835e-02 5.468708276748657227e-01
-5.836594104766845703e-02 -3.510921448469161987e-02 5.364646911621093750e-01
-3.212153911590576172e-02 -3.209100663661956787e-02 5.750132799148559570e-01
-8.095860481262207031e-03 -2.562744170427322388e-02 6.049572229385375977e-01
-1.490104198455810547e-02 -2.279638499021530151e-02 6.683961153030395508e-01
-3.124880790710449219e-02 -2.378904074430465698e-02 6.832818984985351562e-01
-6.047546863555908203e-02 -2.741396427154541016e-02 6.254873275756835938e-01
-4.214870929718017578e-02 -4.202091693878173828e-02 5.815801620483398438e-01
2.612113952636718750e-02 -5.180594325065612793e-02 6.309897899627685547e-01
8.634459972381591797e-02 -2.799566835165023804e-02 6.109976768493652344e-01
-9.019970893859863281e-03 -1.714615523815155029e-02 5.738507509231567383e-01
-1.124174594879150391e-01 -1.252418011426925659e-02 5.415976047515869141e-01
-5.281519889831542969e-02 -1.094619929790496826e-02 6.299160718917846680e-01
2.544474601745605469e-02 -4.313841462135314941e-03 6.057038307189941406e-01
-4.263997077941894531e-03 -5.709379911422729492e-03 5.927891731262207031e-01
-8.118772506713867188e-02 -5.456224083900451660e-03 5.480291843414306641e-01
-1.451750993728637695e-01 -5.174703896045684814e-03 5.281939506530761719e-01
-6.285583972930908203e-02 -1.140252500772476196e-02 5.919075012207031250e-01
-8.669793605804443359e-02 -9.582601487636566162e-03 6.218954324722290039e-01
-9.618103504180908203e-02 -1.038812845945358276e-02 6.857843399047851562e-01
-1.366872787475585938e-01 4.455521702766418457e-04 7.050020694732666016e-01
-1.950470209121704102e-01 8.340999484062194824e-04 6.554902791976928711e-01
-1.898288130760192871e-01 -8.496977388858795166e-03 5.860939025878906250e-01
-2.173625826835632324e-01 -1.230259984731674194e-02 6.845892667770385742e-01
-3.068649172782897949e-01 -5.196191370487213135e-03 7.943997383117675781e-01
-3.502340316772460938e-01 -9.907454252243041992e-03 8.860422372817993164e-01
-3.403134346008300781e-01 -1.291273534297943115e-02 9.062715768814086914e-01
-3.297759294509887695e-01 -1.204867660999298096e-02 8.791282176971435547e-01
-3.042226433753967285e-01 -1.110657304525375366e-02 8.395254611968994141e-01
-2.924624085426330566e-01 -1.627689599990844727e-02 7.874825000762939453e-01
-2.748424410820007324e-01 -1.338012516498565674e-02 7.323588132858276367e-01
-2.277992963790893555e-01 -1.333201676607131958e-02 6.639732122421264648e-01
-1.685959100723266602e-01 -1.104516535997390747e-02 7.195444107055664062e-01
-1.434704065322875977e-01 -3.106482326984405518e-03 7.698531150817871094e-01
-2.328735589981079102e-01 6.809286773204803467e-03 7.478719949722290039e-01
-2.044428586959838867e-01 3.584437072277069092e-03 7.301245927810668945e-01
-1.559923887252807617e-01 -7.127620279788970947e-03 6.945296525955200195e-01
-1.835287809371948242e-01 -1.621916890144348145e-04 7.125912904739379883e-01
-2.118643522262573242e-01 5.082242190837860107e-03 7.941848039627075195e-01
-2.096210718154907227e-01 5.497686564922332764e-03 7.931716442108154297e-01
-1.902810335159301758e-01 5.674622952938079834e-03 7.573982477188110352e-01
-2.015348672866821289e-01 6.098560988903045654e-03 7.861683368682861328e-01
-2.054380178451538086e-01 6.441585719585418701e-03 7.800261974334716797e-01
