-2.026063799858093262e-01 -2.687911689281463623e-02 9.329017400741577148e-01
-1.497218608856201172e-01 -2.710054069757461548e-02 9.409363269805908203e-01
1.061713695526123047e-01 -1.738772541284561157e-02 7.741565704345703125e-01
2.213442325592041016e-01 -1.762780547142028809e-02 7.642561197280883789e-01
2.385759353637695312e-01 -1.684493571519851685e-02 8.430868387222290039e-01
3.035742044448852539e-01 -1.468194276094436646e-02 8.684482574462890625e-01
3.045468330383300781e-01 -1.947208493947982788e-02 9.042114019393920898e-01
3.992862701416015625e-01 -1.259329915046691895e-02 1.021467328071594238e+00
3.049671649932861328e-01 -8.986912667751312256e-03 1.002029657363891602e+00
3.241368532180786133e-01 -5.664676427841186523e-04 1.023330092430114746e+00
4.595477581024169922e-01 -1.348491758108139038e-02 9.895071983337402344e-01
5.058641433715820312e-01 -1.865614205598831177e-02 1.007290720939636230e+00
3.860939741134643555e-01 -2.637533098459243774e-02 9.190726280212402344e-01
4.382764101028442383e-01 -2.935193479061126709e-02 8.369060754776000977e-01
4.746212959289550781e-01 -2.330683916807174683e-02 8.413091897964477539e-01
2.941994667053222656e-01 -2.075275778770446777e-02 7.958474159240722656e-01
2.450942993164062500e-01 -2.292194217443466187e-02 8.490496873855590820e-01
3.261440992355346680e-01 -2.656799554824829102e-02 8.095010519027709961e-01
6.098941564559936523e-01 -2.153666317462921143e-02 7.284222841262817383e-01
6.799874305725097656e-01 -1.327849924564361572e-02 5.482313632965087891e-01
3.828564882278442383e-01 -1.390101760625839233e-02 4.891579151153564453e-01
3.095669746398925781e-01 -1.377172023057937622e-02 2.637280225753784180e-01
2.655807733535766602e-01 -1.063776761293411255e-02 1.716331243515014648e-01
3.316681385040283203e-01 -9.822867810726165771e-03 2.816386818885803223e-01
4.775253534317016602e-01 -6.075456738471984863e-03 2.418979406356811523e-01
4.292802810668945312e-01 -9.868584573268890381e-03 1.892824769020080566e-01
4.372518062591552734e-01 -9.396038949489593506e-03 1.149572730064392090e-01
5.968301296234130859e-01 -8.705452084541320801e-03 1.773692965507507324e-01
8.064544200897216797e-01 -1.939481496810913086e-02 1.963018178939819336e-01
8.804985284805297852e-01 -2.086615562438964844e-02 2.639878988265991211e-01
8.806339502334594727e-01 -1.994570344686508179e-02 2.378474473953247070e-01
8.722313642501831055e-01 -2.070121467113494873e-02 2.408588528633117676e-01
8.077982664108276367e-01 -2.036684751510620117e-02 2.347739934921264648e-01
8.451753854751586914e-01 -1.581721752882003784e-02 2.281243205070495605e-01
8.830236196517944336e-01 -1.517518609762191772e-02 1.938586831092834473e-01
8.538831472396850586e-01 -1.713345944881439209e-02 2.126232981681823730e-01
8.196841478347778320e-01 -1.703719794750213623e-02 2.194299697875976562e-01
8.112552165985107422e-01 -1.524506509304046631e-02 2.320836186408996582e-01
7.918699979782104492e-01 -1.379414647817611694e-02 2.373975515365600586e-01
8.119717836380004883e-01 -1.303292065858840942e-02 2.429109215736389160e-01
8.130003213882446289e-01 -1.083508133888244629e-02 2.151647210121154785e-01
9.134851694107055664e-01 -1.085773855447769165e-02 1.680134534835815430e-01
9.130474328994750977e-01 -9.654060006141662598e-03 9.565240144729614258e-02
8.230444192886352539e-01 -2.918951213359832764e-03 5.106842517852783203e-02
7.454266548156738281e-01 -3.376059234142303467e-03 -9.082138538360595703e-03
7.928900718688964844e-01 -5.709536373615264893e-03 8.724272251129150391e-03
8.173394203186035156e-01 -5.087196826934814453e-03 -1.335221529006958008e-02
8.606783151626586914e-01 -2.493105828762054443e-03 -8.696287870407104492e-02
1.060701966285705566e+00 7.602732628583908081e-03 -2.116198539733886719e-01
1.273324847221374512e+00 2.005419135093688965e-02 -3.344129323959350586e-01
1.545636057853698730e+00 3.917137533426284790e-02 -6.089612841606140137e-01
1.090136170387268066e+00 1.714448630809783936e-02 -4.469528198242187500e-01
1.113185763359069824e+00 1.623951271176338196e-02 -4.588965773582458496e-01
8.225744962692260742e-01 2.354048192501068115e-03 -2.891378104686737061e-01
7.574170827865600586e-01 7.335990667343139648e-04 -2.489769458770751953e-01
8.236509561538696289e-01 -1.699179410934448242e-04 -2.937054932117462158e-01
1.136049628257751465e+00 1.925912871956825256e-02 -5.771986842155456543e-01
1.093701958656311035e+00 1.996180415153503418e-02 -7.283523678779602051e-01
8.815966844558715820e-01 9.101029485464096069e-03 -5.584260225296020508e-01
1.052754759788513184e+00 8.237794041633605957e-03 -5.891505479812622070e-01
9.289964437484741211e-01 -6.544433534145355225e-03 -4.317064285278320312e-01
7.172949314117431641e-01 -7.932253181934356689e-03 -3.547027409076690674e-01
6.641637086868286133e-01 -1.464270055294036865e-03 -3.605643510818481445e-01
8.125497102737426758e-01 5.917541682720184326e-03 -4.308407604694366455e-01
7.332364320755004883e-01 4.398204386234283447e-03 -4.070582389831542969e-01
1.323999762535095215e+00 1.643039658665657043e-02 -6.334019303321838379e-01
9.752436876296997070e-01 -2.992361783981323242e-03 -4.952671527862548828e-01
1.123183846473693848e+00 -5.533844232559204102e-04 -5.940069556236267090e-01
8.685518503189086914e-01 -1.534297317266464233e-02 -4.770066142082214355e-01
9.327598810195922852e-01 -9.995706379413604736e-03 -5.527752637863159180e-01
7.649130821228027344e-01 -2.047052979469299316e-02 -4.815087318420410156e-01
7.758653163909912109e-01 -2.360677719116210938e-02 -4.953224062919616699e-01
7.677837610244750977e-01 -3.563432395458221436e-02 -5.310220122337341309e-01
8.641234636306762695e-01 -3.325299918651580811e-02 -5.813986659049987793e-01
8.611856698989868164e-01 -3.415870666503906250e-02 -5.642278194427490234e-01
8.279706239700317383e-01 -3.867775201797485352e-02 -5.792608261108398438e-01
8.462599515914916992e-01 -3.905919194221496582e-02 -5.305331945419311523e-01
8.698369264602661133e-01 -2.751544862985610962e-02 -6.003789901733398438e-01
8.581749200820922852e-01 -2.693742513656616211e-02 -5.314905047416687012e-01
9.167009592056274414e-01 -2.351012825965881348e-02 -5.550181269645690918e-01
9.245744943618774414e-01 -2.093322575092315674e-02 -5.822072625160217285e-01
9.697607755661010742e-01 -1.899579167366027832e-02 -6.394666433334350586e-01
1.087796092033386230e+00 -7.992364466190338135e-03 -7.406670451164245605e-01
1.237101435661315918e+00 6.830036640167236328e-03 -9.209578037261962891e-01
1.217435002326965332e+00 7.886365056037902832e-03 -8.986408114433288574e-01
1.095172524452209473e+00 -1.040026545524597168e-04 -7.553859353065490723e-01
1.168623566627502441e+00 3.332175314426422119e-03 -7.884433269500732422e-01
9.606491327285766602e-01 -1.357264816761016846e-02 -6.116489171981811523e-01
1.023866057395935059e+00 -9.013459086418151855e-03 -6.721116900444030762e-01
1.109345555305480957e+00 -4.825718700885772705e-03 -7.745231389999389648e-01
1.093743205070495605e+00 -1.071944832801818848e-03 -7.609428763389587402e-01
1.028563618659973145e+00 -9.871467947959899902e-03 -7.526781558990478516e-01
9.365566968917846680e-01 -1.773995161056518555e-02 -5.945010185241699219e-01
1.076777100563049316e+00 -3.926910459995269775e-03 -7.454630136489868164e-01
9.508620500564575195e-01 -1.835430413484573364e-02 -6.373440623283386230e-01
9.233497381210327148e-01 -2.500384300947189331e-02 -5.969657897949218750e-01
9.373365640640258789e-01 -2.084376662969589233e-02 -5.523993968963623047e-01
9.287842512130737305e-01 -2.389807999134063721e-02 -5.287643074989318848e-01
9.182575941085815430e-01 -2.002156525850296021e-02 -5.398696064949035645e-01
9.409152269363403320e-01 -1.263444870710372925e-02 -5.821208953857421875e-01
8.715885877609252930e-01 -1.332789659500122070e-02 -5.754798650741577148e-01
8.719700574874877930e-01 -1.897800713777542114e-02 -5.782002806663513184e-01
8.597241640090942383e-01 -2.192229032516479492e-02 -5.705416202545166016e-01
8.811343908309936523e-01 -1.849497109651565552e-02 -5.673765540122985840e-01
9.184738397598266602e-01 -2.422877401113510132e-02 -6.096231341361999512e-01
8.822237253189086914e-01 -2.176607400178909302e-02 -6.069091558456420898e-01
8.414932489395141602e-01 -3.067981451749801636e-02 -4.752453863620758057e-01
8.084722757339477539e-01 -3.685562312602996826e-02 -4.905981421470642090e-01
9.043968915939331055e-01 -2.678146958351135254e-02 -5.174201130867004395e-01
8.613773584365844727e-01 -2.811263501644134521e-02 -5.305488705635070801e-01
1.068804383277893066e+00 -4.641413688659667969e-03 -7.845194935798645020e-01
1.130590319633483887e+00 -1.576974987983703613e-03 -8.536106348037719727e-01
8.829003572463989258e-01 -1.878830045461654663e-02 -6.184260845184326172e-01
8.461722135543823242e-01 -3.112711012363433838e-02 -5.523657798767089844e-01
1.011874794960021973e+00 -1.533355563879013062e-02 -6.520935297012329102e-01
8.565455675125122070e-01 -2.865716814994812012e-02 -5.902154445648193359e-01
8.137545585632324219e-01 -3.163303434848785400e-02 -5.493912696838378906e-01
8.052961826324462891e-01 -2.842359244823455811e-02 -6.169800758361816406e-01
7.978297472000122070e-01 -2.439562976360321045e-02 -5.982118248939514160e-01
8.608180284500122070e-01 -3.563217818737030029e-02 -5.902828574180603027e-01
8.353201150894165039e-01 -3.189031034708023071e-02 -5.499109029769897461e-01
8.392907381057739258e-01 -2.308067679405212402e-02 -5.938764810562133789e-01
7.977458238601684570e-01 -2.790012955665588379e-02 -4.684120416641235352e-01
8.724311590194702148e-01 -1.327017694711685181e-02 -6.111602187156677246e-01
7.827475070953369141e-01 -1.035257428884506226e-02 -4.308786094188690186e-01
1.107515692710876465e+00 9.504854679107666016e-04 -6.124647855758666992e-01
9.644747972488403320e-01 -5.962386727333068848e-03 -4.334036707878112793e-01
9.454590082168579102e-01 -9.774088859558105469e-03 -4.444021582603454590e-01
8.535939455032348633e-01 -1.503372192382812500e-02 -3.945030272006988525e-01
1.034149050712585449e+00 -1.058131456375122070e-03 -5.081751346588134766e-01
1.148266911506652832e+00 1.240313053131103516e-02 -5.341348648071289062e-01
1.083289504051208496e+00 1.046817749738693237e-02 -4.792147874832153320e-01
9.555352926254272461e-01 4.696831107139587402e-03 -3.886036872863769531e-01
9.381257295608520508e-01 -1.309126615524291992e-03 -3.926927447319030762e-01
7.889196872711181641e-01 -2.640485763549804688e-04 -2.813410758972167969e-01
6.493794918060302734e-01 3.499403595924377441e-03 -3.322263658046722412e-01
9.841493368148803711e-01 5.545206367969512939e-03 -4.707687497138977051e-01
9.020990133285522461e-01 -1.135104149580001831e-02 -4.129593670368194580e-01
9.293740987777709961e-01 -2.255542576313018799e-02 -4.037639796733856201e-01
9.086059331893920898e-01 -1.820349693298339844e-02 -4.013757109642028809e-01
8.577803373336791992e-01 -2.392955124378204346e-02 -3.773174583911895752e-01
7.785093784332275391e-01 -2.643118798732757568e-02 -3.711171746253967285e-01
7.638255357742309570e-01 -3.000008314847946167e-02 -3.530045449733734131e-01
7.671580314636230469e-01 -3.097773343324661255e-02 -3.828400075435638428e-01
8.162637948989868164e-01 -1.236692070960998535e-02 -3.936225175857543945e-01
9.135845899581909180e-01 -2.871500700712203979e-02 -3.472432494163513184e-01
7.833793163299560547e-01 -3.686058521270751953e-02 -3.860069215297698975e-01
8.300052881240844727e-01 -3.376285731792449951e-02 -3.539283275604248047e-01
8.534365892410278320e-01 -4.096232354640960693e-02 -3.842218816280364990e-01
8.280702829360961914e-01 -3.544384986162185669e-02 -3.597213327884674072e-01
8.215361833572387695e-01 -3.017975389957427979e-02 -3.564460575580596924e-01
7.846345901489257812e-01 -1.188354194164276123e-02 -3.615441918373107910e-01
7.693539857864379883e-01 -7.882028818130493164e-03 -4.138680696487426758e-01
7.726769447326660156e-01 -2.958334982395172119e-03 -3.392670154571533203e-01
8.052289485931396484e-01 -6.751880049705505371e-03 -3.309600949287414551e-01
8.156632184982299805e-01 -1.027816534042358398e-02 -2.860560119152069092e-01
8.504589796066284180e-01 -1.277509331703186035e-02 -2.806449830532073975e-01
8.865360021591186523e-01 -1.684533059597015381e-02 -3.097885847091674805e-01
8.286499977111816406e-01 -1.613299548625946045e-02 -2.771548032760620117e-01
8.076640367507934570e-01 -2.236520498991012573e-02 -2.747381329536437988e-01
8.417290449142456055e-01 -2.431160956621170044e-02 -2.310054600238800049e-01
8.250960111618041992e-01 -2.321288734674453735e-02 -2.954678535461425781e-01
8.205697536468505859e-01 -3.469269722700119019e-02 -2.596475183963775635e-01
7.415099143981933594e-01 -3.884489089250564575e-02 -2.191762328147888184e-01
7.540371417999267578e-01 -4.006118327379226685e-02 -1.748743057250976562e-01
8.974782228469848633e-01 -4.341416805982589722e-02 -2.132649421691894531e-01
9.259330034255981445e-01 -3.441189974546432495e-02 -2.460451126098632812e-01
1.006346106529235840e+00 -2.342098206281661987e-02 -2.944171428680419922e-01
1.002931952476501465e+00 -2.083638310432434082e-02 -3.120997250080108643e-01
9.821680784225463867e-01 -2.687594294548034668e-02 -2.820120751857757568e-01
1.013568520545959473e+00 -3.835500776767730713e-02 -2.366307079792022705e-01
1.017667174339294434e+00 -4.878574609756469727e-02 -2.247601449489593506e-01
1.018451809883117676e+00 -4.848174005746841431e-02 -2.906971275806427002e-01
1.048924326896667480e+00 -3.492249548435211182e-02 -2.734158039093017578e-01
1.087670922279357910e+00 -3.621583431959152222e-02 -3.004623055458068848e-01
1.109028697013854980e+00 -2.817661315202713013e-02 -3.167076408863067627e-01
9.672018289566040039e-01 -2.958659082651138306e-02 -2.566806375980377197e-01
1.024434924125671387e+00 -2.525554597377777100e-02 -2.482838332653045654e-01
9.372874498367309570e-01 -1.791982352733612061e-02 -2.678837776184082031e-01
8.260893821716308594e-01 -1.176524907350540161e-02 -2.443357408046722412e-01
7.641588449478149414e-01 -1.138009876012802124e-02 -2.482172250747680664e-01
7.662634849548339844e-01 -1.223053038120269775e-02 -2.514846622943878174e-01
7.668282985687255859e-01 -8.513458073139190674e-03 -2.372915148735046387e-01
7.821804285049438477e-01 -1.214490830898284912e-02 -2.472653090953826904e-01
8.622702360153198242e-01 -6.061814725399017334e-03 -2.383229136466979980e-01
8.713127374649047852e-01 -1.704446971416473389e-03 -2.100319266319274902e-01
8.791378736495971680e-01 -3.950536251068115234e-03 -2.100010812282562256e-01
8.257547616958618164e-01 5.501493811607360840e-03 -2.098599672317504883e-01
7.938681840896606445e-01 -9.437650442123413086e-04 -1.971982121467590332e-01
8.198567628860473633e-01 -1.584768295288085938e-03 -1.792916655540466309e-01
8.443390130996704102e-01 -1.317292451858520508e-03 -1.424237489700317383e-01
8.130187988281250000e-01 -5.917578935623168945e-03 -9.786534309387207031e-02
8.880473375320434570e-01 2.843663096427917480e-03 -1.131017208099365234e-01
8.075985908508300781e-01 5.153149366378784180e-03 -1.256119608879089355e-01
9.446462392807006836e-01 8.367344737052917480e-03 -1.626794338226318359e-01
8.531309366226196289e-01 5.663841962814331055e-03 -1.209913492202758789e-01
8.481930494308471680e-01 -1.680299639701843262e-03 -7.527506351470947266e-02
8.686226606369018555e-01 2.032220363616943359e-03 -1.147197484970092773e-01
7.295193672180175781e-01 1.285821199417114258e-04 -8.702689409255981445e-02
7.194553613662719727e-01 -3.702059388160705566e-03 -5.354493856430053711e-02
6.269789934158325195e-01 -1.228933036327362061e-02 3.787338733673095703e-03
6.892532110214233398e-01 -1.653500646352767944e-02 -1.819789409637451172e-02
6.432217359542846680e-01 -1.996157318353652954e-02 4.611551761627197266e-03
6.321269273757934570e-01 -8.185379207134246826e-03 -2.274763584136962891e-02
6.764448881149291992e-01 -8.326470851898193359e-03 -5.440133810043334961e-02
7.501953840255737305e-01 -1.536647230386734009e-02 -5.300247669219970703e-02
8.954466581344604492e-01 -1.756811141967773438e-02 -2.808624505996704102e-02
9.658528566360473633e-01 -1.408316195011138916e-02 -6.194800138473510742e-02
1.008097290992736816e+00 -1.392840594053268433e-02 -7.448834180831909180e-02
9.005497694015502930e-01 -1.400919258594512939e-02 -5.289709568023681641e-02
8.852416276931762695e-01 -1.596765965223312378e-02 -5.679303407669067383e-02
9.412654638290405273e-01 -2.193024009466171265e-02 -4.190158843994140625e-02
9.796887636184692383e-01 -2.734593302011489868e-02 -7.830268144607543945e-02
8.516167402267456055e-01 -2.734552323818206787e-02 -7.052499055862426758e-02
9.653261899948120117e-01 -2.634616196155548096e-02 -6.642925739288330078e-02
1.023625254631042480e+00 -3.258617222309112549e-02 -1.270482540130615234e-01
1.017608046531677246e+00 -3.473772853612899780e-02 -1.604723930358886719e-01
9.354168176651000977e-01 -2.402343600988388062e-02 -1.708204746246337891e-01
9.033454656600952148e-01 -2.103886753320693970e-02 -1.549832820892333984e-01
8.320060968399047852e-01 -1.938749104738235474e-02 -1.117177009582519531e-01
7.998023033142089844e-01 -1.450194418430328369e-02 -1.063464879989624023e-01
8.312467336654663086e-01 -1.440174132585525513e-02 -5.853712558746337891e-02
7.878431081771850586e-01 -1.456146687269210815e-02 5.322098731994628906e-04
7.519725561141967773e-01 -1.904077082872390747e-02 3.665149211883544922e-02
7.357203960418701172e-01 -1.792294532060623169e-02 4.947322607040405273e-02
6.753545999526977539e-01 -2.116398513317108154e-02 4.290539026260375977e-02
6.157107353210449219e-01 -1.220211386680603027e-02 4.307985305786132812e-02
5.830230712890625000e-01 -9.921565651893615723e-03 1.845121383666992188e-03
5.856304168701171875e-01 -1.145868003368377686e-02 8.126318454742431641e-03
5.826985836029052734e-01 -1.102808117866516113e-02 5.507111549377441406e-03
5.994085073471069336e-01 -1.000908762216567993e-02 2.693623304367065430e-02
6.418849229812622070e-01 -1.084946841001510620e-02 7.512181997299194336e-02
5.955847501754760742e-01 -1.118791103363037109e-02 6.798261404037475586e-02
7.147574424743652344e-01 -1.044075936079025269e-02 8.544808626174926758e-02
6.378482580184936523e-01 -1.373792439699172974e-02 7.716614007949829102e-02
6.133959293365478516e-01 -1.241755485534667969e-02 7.298338413238525391e-02
6.386197805404663086e-01 -9.247049689292907715e-03 4.427438974380493164e-02
7.537786960601806641e-01 -1.100853830575942993e-02 1.134459972381591797e-01
6.550304889678955078e-01 -7.917553186416625977e-03 1.035284996032714844e-01
7.768362760543823242e-01 -1.084223389625549316e-02 1.340635418891906738e-01
7.418122291564941406e-01 -1.212245225906372070e-02 1.179781556129455566e-01
6.738002300262451172e-01 -1.240675151348114014e-02 1.179903149604797363e-01
6.419347524642944336e-01 -1.451065391302108765e-02 6.824404001235961914e-02
6.542257070541381836e-01 -9.588800370693206787e-03 7.078111171722412109e-03
6.237938404083251953e-01 -1.118183881044387817e-02 3.240478038787841797e-02
6.270341873168945312e-01 -1.440390944480895996e-02 1.031817793846130371e-01
6.097471714019775391e-01 -1.330523937940597534e-02 1.287963390350341797e-01
6.617490053176879883e-01 -1.128786802291870117e-02 1.368266344070434570e-01
6.364465951919555664e-01 -1.298359036445617676e-02 1.372388005256652832e-01
6.361794471740722656e-01 -1.319633424282073975e-02 1.447405219078063965e-01
6.787421703338623047e-01 -1.634261757135391235e-02 1.746667623519897461e-01
7.225930690765380859e-01 -1.788004487752914429e-02 1.953645944595336914e-01
6.044002771377563477e-01 -2.343603223562240601e-02 1.929965019226074219e-01
5.821315050125122070e-01 -2.367503196001052856e-02 1.676841974258422852e-01
5.927275419235229492e-01 -3.077447414398193359e-02 1.964039206504821777e-01
6.500278711318969727e-01 -2.886590361595153809e-02 2.156230807304382324e-01
5.325845479965209961e-01 -2.553955465555191040e-02 2.034267783164978027e-01
6.371011734008789062e-01 -1.762574911117553711e-02 1.611263155937194824e-01
6.426347494125366211e-01 -1.213142275810241699e-02 2.199664711952209473e-01
6.920270919799804688e-01 -1.750503480434417725e-02 2.482218742370605469e-01
6.653827428817749023e-01 -2.441792190074920654e-02 2.599158883094787598e-01
6.378794908523559570e-01 -2.760254591703414917e-02 2.914032936096191406e-01
6.560969352722167969e-01 -2.641680091619491577e-02 2.910218238830566406e-01
7.249339818954467773e-01 -2.680883556604385376e-02 2.937120795249938965e-01
7.057744264602661133e-01 -2.812507003545761108e-02 3.163014650344848633e-01
6.938924789428710938e-01 -3.439185768365859985e-02 3.533002138137817383e-01
7.213318347930908203e-01 -3.466032445430755615e-02 3.296474218368530273e-01
7.687239646911621094e-01 -2.502665668725967407e-02 3.053219318389892578e-01
7.526565790176391602e-01 -3.113219141960144043e-02 3.194348812103271484e-01
7.632231712341308594e-01 -2.890971302986145020e-02 3.108946084976196289e-01
6.179031133651733398e-01 -2.232563495635986328e-02 2.798887491226196289e-01
6.337089538574218750e-01 -1.741540431976318359e-02 3.631347417831420898e-01
7.590010166168212891e-01 -2.717045694589614868e-02 3.952838182449340820e-01
8.047860860824584961e-01 -3.068111836910247803e-02 3.737508058547973633e-01
8.122508525848388672e-01 -2.112782746553421021e-02 4.044573307037353516e-01
9.068874120712280273e-01 -1.473000645637512207e-02 3.674091100692749023e-01
7.862502336502075195e-01 -1.624001562595367432e-02 3.459849357604980469e-01
8.445020914077758789e-01 -1.104118674993515015e-02 3.302689790725708008e-01
8.068063259124755859e-01 -1.096661388874053955e-02 2.987686395645141602e-01
8.897005319595336914e-01 -1.249241083860397339e-02 3.298969268798828125e-01
9.307836294174194336e-01 -1.141801476478576660e-02 3.201516866683959961e-01
9.595552682876586914e-01 -1.293812692165374756e-02 3.573040962219238281e-01
9.298189878463745117e-01 -1.203564554452896118e-02 3.169348239898681641e-01
9.355062246322631836e-01 -1.349819451570510864e-02 2.657873034477233887e-01
9.207776784896850586e-01 -1.284634321928024292e-02 2.760077118873596191e-01
8.271846771240234375e-01 -1.045192778110504150e-02 3.041180372238159180e-01
8.173371553421020508e-01 -1.370891928672790527e-02 3.036311864852905273e-01
8.356109857559204102e-01 -1.189844310283660889e-02 2.454001903533935547e-01
7.351229190826416016e-01 -1.275145262479782104e-02 2.760331034660339355e-01
7.360736131668090820e-01 -1.199738681316375732e-02 2.781771421432495117e-01
7.001520395278930664e-01 -1.372863352298736572e-02 2.382267117500305176e-01
7.675318717956542969e-01 -1.722677797079086304e-02 2.354000806808471680e-01
7.046829462051391602e-01 -1.764380931854248047e-02 2.238273620605468750e-01
8.167405128479003906e-01 -1.370082050561904907e-02 2.595202326774597168e-01
1.073189616203308105e+00 -1.081959158182144165e-02 2.169556617736816406e-01
1.038537621498107910e+00 -1.187425106763839722e-02 2.449514269828796387e-01
9.258064031600952148e-01 -1.010726392269134521e-02 2.496474981307983398e-01
9.369360208511352539e-01 -1.145440340042114258e-02 2.498299479484558105e-01
9.154733419418334961e-01 -1.427043229341506958e-02 2.613298296928405762e-01
8.752499818801879883e-01 -1.960117369890213013e-02 2.630021572113037109e-01
9.202548265457153320e-01 -1.635569334030151367e-02 2.713893055915832520e-01
7.406406402587890625e-01 -1.625617593526840210e-02 2.656373977661132812e-01
6.899207830429077148e-01 -1.160667836666107178e-02 2.403769493103027344e-01
6.982725858688354492e-01 -1.325441896915435791e-02 2.365501523017883301e-01
7.734875679016113281e-01 -1.587922871112823486e-02 2.602415680885314941e-01
8.062024116516113281e-01 -1.238844543695449829e-02 2.722292542457580566e-01
8.050988912582397461e-01 -1.154301315546035767e-02 2.709177136421203613e-01
7.626254558563232422e-01 -1.383455097675323486e-02 2.787863612174987793e-01
7.204520702362060547e-01 -1.288522779941558838e-02 2.664510607719421387e-01
8.137217760086059570e-01 -2.034938335418701172e-02 2.933669686317443848e-01
7.805378437042236328e-01 -1.436776667833328247e-02 2.925094366073608398e-01
8.272110223770141602e-01 -1.527336239814758301e-02 2.884841561317443848e-01
8.189758062362670898e-01 -1.662520319223403931e-02 2.872931957244873047e-01
7.453420162200927734e-01 -1.463222503662109375e-02 2.865085601806640625e-01
7.810910940170288086e-01 -1.271368563175201416e-02 3.142805099487304688e-01
8.034005165100097656e-01 -1.252671331167221069e-02 2.964600920677185059e-01
7.529864311218261719e-01 -1.550201326608657837e-02 3.142021894454956055e-01
7.225729227066040039e-01 -1.536945253610610962e-02 2.806633114814758301e-01
7.322288751602172852e-01 -1.401933282613754272e-02 3.157627582550048828e-01
7.644323110580444336e-01 -1.185526698827743530e-02 2.315787672996520996e-01
8.277509212493896484e-01 -6.107598543167114258e-03 1.790745258331298828e-01
7.907658815383911133e-01 -4.121512174606323242e-03 1.564023494720458984e-01
6.074320077896118164e-01 -8.939802646636962891e-03 2.146999239921569824e-01
6.327723264694213867e-01 -1.821377873420715332e-02 2.372292280197143555e-01
6.839179992675781250e-01 -1.974067091941833496e-02 3.026126623153686523e-01
6.950335502624511719e-01 -2.103824168443679810e-02 3.325635194778442383e-01
7.667225599288940430e-01 -2.156686037778854370e-02 3.196814060211181641e-01
7.180742025375366211e-01 -3.406588733196258545e-02 8.972913026809692383e-02
8.424915075302124023e-01 -5.965948104858398438e-03 1.395367980003356934e-01
7.600346803665161133e-01 -1.340901851654052734e-02 2.597857117652893066e-01
7.103368043899536133e-01 -1.582820713520050049e-02 2.953492403030395508e-01
7.558391094207763672e-01 -1.715382188558578491e-02 2.966533899307250977e-01
7.017397880554199219e-01 -2.112831920385360718e-02 3.253774642944335938e-01
8.011637926101684570e-01 -2.928991615772247314e-02 3.031460046768188477e-01
8.404871225357055664e-01 -2.814218401908874512e-02 3.573776483535766602e-01
8.945716619491577148e-01 -2.176076173782348633e-02 3.902772665023803711e-01
8.608282804489135742e-01 -2.265582978725433350e-02 4.025763273239135742e-01
8.773344755172729492e-01 -1.966531574726104736e-02 4.376720190048217773e-01
8.237217664718627930e-01 -2.032066136598587036e-02 4.284316301345825195e-01
7.875151634216308594e-01 -1.058799028396606445e-02 2.926264405250549316e-01
7.765109539031982422e-01 -3.771640360355377197e-03 2.220162153244018555e-01
7.389465570449829102e-01 -1.636627316474914551e-02 3.453392982482910156e-01
8.438833951950073242e-01 -1.993751525878906250e-02 3.806823492050170898e-01
7.862092256546020508e-01 -1.909764111042022705e-02 3.452826738357543945e-01
8.703998327255249023e-01 -2.412649244070053101e-02 3.876554965972900391e-01
8.133977651596069336e-01 -2.671293169260025024e-02 3.534853458404541016e-01
7.590576410293579102e-01 -2.881731092929840088e-02 3.668183088302612305e-01
7.262936830520629883e-01 -2.185259759426116943e-02 3.217313289642333984e-01
6.675825119018554688e-01 -3.148032724857330322e-02 3.466372489929199219e-01
8.136036396026611328e-01 -3.274992108345031738e-02 2.969797849655151367e-01
9.660743474960327148e-01 -1.792251318693161011e-02 2.906769514083862305e-01
7.660331726074218750e-01 -1.630499213933944702e-02 3.054084777832031250e-01
7.357976436614990234e-01 -2.224799245595932007e-02 3.517611026763916016e-01
7.727822065353393555e-01 -1.722710579633712769e-02 3.958690166473388672e-01
7.712864875793457031e-01 -2.087925374507904053e-02 3.603720664978027344e-01
7.047880887985229492e-01 -1.833414286375045776e-02 3.777521848678588867e-01
7.117710113525390625e-01 -2.036503702402114868e-02 3.541293144226074219e-01
6.765697002410888672e-01 -1.623442769050598145e-02 3.506492376327514648e-01
6.866209506988525391e-01 -1.358758658170700073e-02 3.733937740325927734e-01
5.987023115158081055e-01 -2.581828087568283081e-02 3.036243915557861328e-01
6.433646678924560547e-01 -1.433000713586807251e-02 3.262531757354736328e-01
8.259018659591674805e-01 -3.084929287433624268e-02 3.961638212203979492e-01
7.831735610961914062e-01 -1.279211789369583130e-02 4.420418739318847656e-01
7.945101261138916016e-01 -1.681478321552276611e-02 4.795317649841308594e-01
8.429869413375854492e-01 -2.620813250541687012e-02 5.436779260635375977e-01
8.852421045303344727e-01 -2.139712125062942505e-02 5.701688528060913086e-01
8.983525037765502930e-01 -1.623149961233139038e-02 6.028496026992797852e-01
7.589929103851318359e-01 -2.189487963914871216e-02 4.649244546890258789e-01
6.893461942672729492e-01 -3.234857320785522461e-02 4.557867050170898438e-01
8.143682479858398438e-01 -2.917324006557464600e-02 5.324963331222534180e-01
8.121353387832641602e-01 -2.226213365793228149e-02 6.243202686309814453e-01
6.245898008346557617e-01 -2.459992468357086182e-02 4.461236000061035156e-01
6.104871034622192383e-01 -2.285923063755035400e-02 3.898745775222778320e-01
6.552536487579345703e-01 -2.993201464414596558e-02 3.506114482879638672e-01
7.173842191696166992e-01 -2.493003755807876587e-02 3.428993225097656250e-01
7.300420999526977539e-01 -2.590471506118774414e-02 3.842520713806152344e-01
7.145099639892578125e-01 -2.379029244184494019e-02 4.097019433975219727e-01
6.227424144744873047e-01 -3.100076317787170410e-02 3.573261499404907227e-01
6.313281059265136719e-01 -2.959354966878890991e-02 3.659203052520751953e-01
6.920728683471679688e-01 -2.252503484487533569e-02 4.475419521331787109e-01
7.453808784484863281e-01 -3.609739989042282104e-02 4.109268188476562500e-01
6.643302440643310547e-01 -3.098475933074951172e-02 4.128890037536621094e-01
6.974700689315795898e-01 -3.093020617961883545e-02 4.403854608535766602e-01
7.174267768859863281e-01 -2.463345229625701904e-02 4.355416297912597656e-01
7.214173078536987305e-01 -1.585016399621963501e-02 4.301054477691650391e-01
6.461169719696044922e-01 -1.199379563331604004e-02 3.353539705276489258e-01
6.626702547073364258e-01 -6.435364484786987305e-03 2.570045590400695801e-01
6.545990705490112305e-01 -1.931878924369812012e-02 3.185381889343261719e-01
6.883887052536010742e-01 -2.992897480726242065e-02 3.469420671463012695e-01
7.628631591796875000e-01 -3.386782109737396240e-02 3.690551519393920898e-01
7.429749965667724609e-01 -2.706664055585861206e-02 3.769755363464355469e-01
7.365380525588989258e-01 -2.576244622468948364e-02 3.611624240875244141e-01
7.671107053756713867e-01 -3.000143170356750488e-02 3.659826517105102539e-01
6.709616184234619141e-01 -3.431705385446548462e-02 3.902447223663330078e-01
6.372218132019042969e-01 -4.259163141250610352e-02 3.758441209793090820e-01
6.403892040252685547e-01 -4.458785802125930786e-02 3.527790307998657227e-01
6.728014945983886719e-01 -3.746879845857620239e-02 3.606005907058715820e-01
5.957388877868652344e-01 -3.042838722467422485e-02 3.575612306594848633e-01
4.961463212966918945e-01 -2.521003782749176025e-02 3.357461690902709961e-01
5.743008852005004883e-01 -1.926419138908386230e-02 3.007228970527648926e-01
5.945475101470947266e-01 -2.699749171733856201e-02 3.229814767837524414e-01
5.733666419982910156e-01 -3.477806597948074341e-02 3.274432420730590820e-01
6.423367261886596680e-01 -3.524858504533767700e-02 3.563798666000366211e-01
5.981874465942382812e-01 -2.833095192909240723e-02 3.835905790328979492e-01
6.051241159439086914e-01 -2.088123559951782227e-02 4.224164485931396484e-01
6.765724420547485352e-01 -1.710422337055206299e-02 4.384459257125854492e-01
5.348867177963256836e-01 -1.127709448337554932e-02 4.380600452423095703e-01
5.165972709655761719e-01 -9.008213877677917480e-03 3.737787008285522461e-01
5.334858894348144531e-01 -1.503796875476837158e-02 3.495013713836669922e-01
5.681965351104736328e-01 -1.748525351285934448e-02 4.290173053741455078e-01
5.952806472778320312e-01 -2.144574373960494995e-02 3.931552171707153320e-01
6.092499494552612305e-01 -4.434110969305038452e-02 4.674214124679565430e-01
6.556180715560913086e-01 -4.278047382831573486e-02 4.751814603805541992e-01
6.155875921249389648e-01 -4.636218398809432983e-02 4.614943265914916992e-01
6.010338068008422852e-01 -4.669216275215148926e-02 4.541956186294555664e-01
6.058887243270874023e-01 -4.371363669633865356e-02 4.668090343475341797e-01
6.274021863937377930e-01 -2.648491412401199341e-02 5.216538906097412109e-01
6.999272108078002930e-01 -3.442516922950744629e-02 5.374031066894531250e-01
5.403573513031005859e-01 -4.435199499130249023e-02 5.217256546020507812e-01
6.491830348968505859e-01 -3.414269536733627319e-02 5.676352977752685547e-01
5.630065202713012695e-01 -3.317447006702423096e-02 5.827528238296508789e-01
5.918996334075927734e-01 -3.517732769250869751e-02 5.575977563858032227e-01
6.507053375244140625e-01 -3.395908325910568237e-02 6.261742115020751953e-01
6.593616008758544922e-01 -3.197536617517471313e-02 6.355863809585571289e-01
5.982803106307983398e-01 -3.201904892921447754e-02 5.541007518768310547e-01
6.264454126358032227e-01 -3.633566200733184814e-02 5.634551048278808594e-01
6.184575557708740234e-01 -2.998647093772888184e-02 5.391267538070678711e-01
5.999721288681030273e-01 -2.581772953271865845e-02 5.869563817977905273e-01
6.183447837829589844e-01 -4.670201987028121948e-02 5.678697824478149414e-01
6.714216470718383789e-01 -4.246695339679718018e-02 6.016137599945068359e-01
7.162808179855346680e-01 -3.382797539234161377e-02 6.716991662979125977e-01
6.935563087463378906e-01 -3.396172821521759033e-02 7.041834592819213867e-01
6.400027275085449219e-01 -2.872350066900253296e-02 6.987129449844360352e-01
6.473580598831176758e-01 -3.042572736740112305e-02 7.428623437881469727e-01
6.536046266555786133e-01 -2.392863482236862183e-02 7.023113965988159180e-01
5.927935838699340820e-01 -2.129907906055450439e-02 7.058298587799072266e-01
6.746450662612915039e-01 -1.572646200656890869e-02 6.771544218063354492e-01
6.488481760025024414e-01 -2.174957841634750366e-02 6.727308034896850586e-01
5.903304815292358398e-01 -1.885814964771270752e-02 6.579328775405883789e-01
6.597816944122314453e-01 -1.707803457975387573e-02 7.504353523254394531e-01
5.320519208908081055e-01 -1.722849905490875244e-02 7.076156139373779297e-01
6.083625555038452148e-01 -1.260116696357727051e-02 6.357951164245605469e-01
5.776814222335815430e-01 -2.160613983869552612e-02 6.966667175292968750e-01
5.525527000427246094e-01 -2.185565233230590820e-02 7.240269184112548828e-01
5.840566158294677734e-01 -2.627974003553390503e-02 6.165814399719238281e-01
6.256841421127319336e-01 -1.306402683258056641e-02 7.133399248123168945e-01
5.943373441696166992e-01 -1.212359964847564697e-02 6.958758831024169922e-01
5.940022468566894531e-01 -1.272483915090560913e-02 7.221293449401855469e-01
7.000297307968139648e-01 -1.672549545764923096e-02 7.249816656112670898e-01
6.265878677368164062e-01 -1.695322990417480469e-02 7.203665971755981445e-01
6.699788570404052734e-01 -1.810643821954727173e-02 7.683216333389282227e-01
6.453057527542114258e-01 -1.775535941123962402e-02 8.048229217529296875e-01
6.874034404754638672e-01 -2.171994745731353760e-02 7.519509792327880859e-01
7.034910917282104492e-01 -1.951142400503158569e-02 7.783352136611938477e-01
7.288689613342285156e-01 -2.366328984498977661e-02 7.830976247787475586e-01
7.065608501434326172e-01 -2.108632028102874756e-02 8.069026470184326172e-01
7.183095216751098633e-01 -2.266827225685119629e-02 7.439531087875366211e-01
7.108421325683593750e-01 -2.037226408720016479e-02 7.457240819931030273e-01
6.676107645034790039e-01 -1.890745013952255249e-02 7.072409391403198242e-01
6.344275474548339844e-01 -2.136781811714172363e-02 6.076716184616088867e-01
5.927424430847167969e-01 -2.153632789850234985e-02 6.651641130447387695e-01
6.470457315444946289e-01 -1.702798902988433838e-02 6.809414625167846680e-01
6.355668306350708008e-01 -1.888255774974822998e-02 5.827867984771728516e-01
5.966556072235107422e-01 -2.210667729377746582e-02 5.856748819351196289e-01
5.739439725875854492e-01 -2.333912998437881470e-02 5.849552154541015625e-01
5.820224285125732422e-01 -2.217967063188552856e-02 6.042329072952270508e-01
7.073441743850708008e-01 -2.009127289056777954e-02 6.434425115585327148e-01
6.557396650314331055e-01 -1.943766325712203979e-02 6.163928508758544922e-01
6.241586208343505859e-01 -1.440853625535964966e-02 6.491417884826660156e-01
6.698055267333984375e-01 -1.708842068910598755e-02 6.428085565567016602e-01
6.831898689270019531e-01 -1.577117294073104858e-02 6.525945663452148438e-01
7.673794031143188477e-01 -1.580017060041427612e-02 6.192761659622192383e-01
7.416576147079467773e-01 -2.083211392164230347e-02 6.225643157958984375e-01
7.892171144485473633e-01 -2.554743736982345581e-02 5.757553577423095703e-01
7.570108175277709961e-01 -2.373271435499191284e-02 6.097768545150756836e-01
8.299778699874877930e-01 -2.822554856538772583e-02 5.313946008682250977e-01
7.742404937744140625e-01 -3.056004643440246582e-02 4.930518865585327148e-01
8.376454114913940430e-01 -2.385103702545166016e-02 5.660359859466552734e-01
6.983158588409423828e-01 -2.415626496076583862e-02 5.043541193008422852e-01
6.335378885269165039e-01 -2.067943662405014038e-02 4.686625003814697266e-01
7.021319866180419922e-01 -2.528776228427886963e-02 4.844818115234375000e-01
6.916759014129638672e-01 -2.126042544841766357e-02 5.663571357727050781e-01
7.115563154220581055e-01 -2.291977405548095703e-02 5.389996767044067383e-01
6.873788833618164062e-01 -1.451744139194488525e-02 5.338517427444458008e-01
7.463898658752441406e-01 -1.619494706392288208e-02 5.582920312881469727e-01
7.063266038894653320e-01 -1.507551968097686768e-02 5.495312213897705078e-01
6.787614822387695312e-01 -1.884593814611434937e-02 5.182507038116455078e-01
7.295771837234497070e-01 -1.376618444919586182e-02 5.328510999679565430e-01
7.475799322128295898e-01 -1.269885152578353882e-02 5.536495447158813477e-01
7.659281492233276367e-01 -1.300105452537536621e-02 5.762999057769775391e-01
7.560672760009765625e-01 -1.304499059915542603e-02 5.628751516342163086e-01
7.440040111541748047e-01 -1.381477713584899902e-02 5.826630592346191406e-01
7.955337762832641602e-01 -8.997566998004913330e-03 6.588349342346191406e-01
7.862136363983154297e-01 -1.519363373517990112e-02 5.832484960556030273e-01
6.963212490081787109e-01 -1.865918189287185669e-02 5.656050443649291992e-01
6.372228860855102539e-01 -1.572780311107635498e-02 5.404764413833618164e-01
7.878732681274414062e-01 -1.533649861812591553e-02 6.155226230621337891e-01
8.089104890823364258e-01 -1.358304917812347412e-02 6.437755823135375977e-01
8.024131059646606445e-01 -1.372067630290985107e-02 6.217410564422607422e-01
8.151887655258178711e-01 -1.546102762222290039e-02 6.476379632949829102e-01
9.122987985610961914e-01 -1.002962142229080200e-02 6.739195585250854492e-01
8.713973760604858398e-01 -1.657207310199737549e-02 6.088129281997680664e-01
7.672357559204101562e-01 -1.537511497735977173e-02 5.434869527816772461e-01
7.684270143508911133e-01 -1.566113531589508057e-02 5.306812524795532227e-01
7.759705781936645508e-01 -1.797644793987274170e-02 5.783811807632446289e-01
9.287217855453491211e-01 -2.393577992916107178e-02 5.913589000701904297e-01
1.004967570304870605e+00 -2.200945466756820679e-02 6.214362382888793945e-01
8.769963979721069336e-01 -1.246640086174011230e-02 7.018210887908935547e-01
8.831552267074584961e-01 -1.072873175144195557e-02 7.629872560501098633e-01
8.584321737289428711e-01 -1.144444942474365234e-02 6.163619756698608398e-01
8.331414461135864258e-01 -1.460029184818267822e-02 6.630148887634277344e-01
9.104396104812622070e-01 -1.929093152284622192e-02 6.181055307388305664e-01
8.749927282333374023e-01 -5.632214248180389404e-03 6.280535459518432617e-01
8.896232843399047852e-01 -6.842143833637237549e-03 7.122131586074829102e-01
9.489685297012329102e-01 -5.028299987316131592e-03 6.452505588531494141e-01
9.070984125137329102e-01 -7.387459278106689453e-03 6.822621822357177734e-01
8.999727964401245117e-01 -5.138143897056579590e-04 7.151105403900146484e-01
8.788410425186157227e-01 -5.946338176727294922e-03 6.512306928634643555e-01
8.721708059310913086e-01 -4.746846854686737061e-03 5.607573986053466797e-01
7.772128582000732422e-01 -1.705072820186614990e-03 5.397479534149169922e-01
8.267791271209716797e-01 -8.357323706150054932e-03 6.262335777282714844e-01
7.274464368820190430e-01 -1.136259734630584717e-02 5.520160198211669922e-01
7.858550548553466797e-01 -1.096908748149871826e-02 5.318701267242431641e-01
7.616500854492187500e-01 -9.643271565437316895e-03 5.144226551055908203e-01
6.839337348937988281e-01 -1.354775577783584595e-02 5.217574834823608398e-01
6.729793548583984375e-01 -1.459276676177978516e-02 4.930105209350585938e-01
7.086875438690185547e-01 -1.392142474651336670e-02 5.529779195785522461e-01
6.266372203826904297e-01 -1.913435757160186768e-02 4.931688308715820312e-01
6.520696878433227539e-01 -2.058321237564086914e-02 5.337808132171630859e-01
6.916463375091552734e-01 -2.009681612253189087e-02 4.830607175827026367e-01
6.883907318115234375e-01 -1.853036135435104370e-02 5.353436470031738281e-01
7.164604663848876953e-01 -1.384728401899337769e-02 5.550849437713623047e-01
6.474312543869018555e-01 -1.794145256280899048e-02 5.153613090515136719e-01
6.116449832916259766e-01 -2.265317738056182861e-02 3.729900121688842773e-01
5.388233661651611328e-01 -2.208312600851058960e-02 4.134579896926879883e-01
5.391603708267211914e-01 -1.740051060914993286e-02 3.761748075485229492e-01
6.200065612792968750e-01 -1.873293519020080566e-02 3.761155605316162109e-01
5.666569471359252930e-01 -1.710627973079681396e-02 3.828500509262084961e-01
7.340818643569946289e-01 -1.683555543422698975e-02 4.137073755264282227e-01
6.843048334121704102e-01 -1.652330160140991211e-02 3.472787141799926758e-01
7.335298061370849609e-01 -1.789662986993789673e-02 3.676204681396484375e-01
8.188070058822631836e-01 -2.144638448953628540e-02 3.722729682922363281e-01
6.758935451507568359e-01 -2.084589749574661255e-02 3.850723505020141602e-01
7.578634023666381836e-01 -1.105726510286331177e-02 3.803198337554931641e-01
6.573626995086669922e-01 4.192225635051727295e-03 2.076478600502014160e-01
7.923883199691772461e-01 6.083175539970397949e-03 1.900482773780822754e-01
7.971621751785278320e-01 -1.119598746299743652e-03 2.885943055152893066e-01
9.441703557968139648e-01 -1.161091774702072144e-02 4.428818225860595703e-01
9.430538415908813477e-01 -1.313291490077972412e-02 4.330403804779052734e-01
9.172536134719848633e-01 -1.117201894521713257e-02 3.779757022857666016e-01
1.030527949333190918e+00 -7.457211613655090332e-03 3.462680578231811523e-01
1.069894909858703613e+00 -8.439108729362487793e-03 4.404363632202148438e-01
9.936312437057495117e-01 -8.721143007278442383e-03 4.381405115127563477e-01
9.075936079025268555e-01 -1.130010187625885010e-02 4.637120962142944336e-01
9.644681215286254883e-01 -1.124185323715209961e-02 3.774629831314086914e-01
8.772529363632202148e-01 -1.074498891830444336e-02 3.549510240554809570e-01
9.254730939865112305e-01 -9.509712457656860352e-03 3.656347990036010742e-01
8.668073415756225586e-01 -1.357840746641159058e-02 3.592951297760009766e-01
7.492818832397460938e-01 -1.612598448991775513e-02 3.514056205749511719e-01
8.852077722549438477e-01 -2.397375553846359253e-02 3.572540283203125000e-01
9.066225290298461914e-01 -1.875326037406921387e-02 3.271166086196899414e-01
8.810466527938842773e-01 -1.300658285617828369e-02 3.392573595046997070e-01
9.207426309585571289e-01 -1.124614477157592773e-02 3.628498315811157227e-01
1.028438925743103027e+00 -6.323888897895812988e-03 2.296765446662902832e-01
1.046802401542663574e+00 2.936340868473052979e-03 8.032470941543579102e-02
8.749619722366333008e-01 3.945529460906982422e-04 5.824440717697143555e-02
7.733405828475952148e-01 -3.089495003223419189e-03 1.114383339881896973e-01
6.941747665405273438e-01 -5.697503685951232910e-03 1.089615821838378906e-01
6.383659839630126953e-01 -6.586857140064239502e-03 1.533210277557373047e-01
6.239880323410034180e-01 -2.580024302005767822e-03 8.990103006362915039e-02
7.593756914138793945e-01 -2.027556300163269043e-03 7.437521219253540039e-02
7.261532545089721680e-01 -3.126315772533416748e-03 8.352452516555786133e-02
7.459582090377807617e-01 -4.175692796707153320e-03 9.386253356933593750e-02
8.128792047500610352e-01 -5.226440727710723877e-03 1.467308402061462402e-01
1.108675837516784668e+00 -5.030333995819091797e-03 1.200051307678222656e-01
9.276293516159057617e-01 -1.103198528289794922e-02 1.745995283126831055e-01
9.535757303237915039e-01 -1.105690002441406250e-02 1.738606691360473633e-01
9.213401079177856445e-01 -1.014638692140579224e-02 2.060351967811584473e-01
1.111870646476745605e+00 -7.477603852748870850e-03 1.043676733970642090e-01
1.135317444801330566e+00 -7.663533091545104980e-03 1.481323838233947754e-01
1.362984299659729004e+00 -1.319244503974914551e-03 1.043052077293395996e-01
1.067977309226989746e+00 9.821411222219467163e-03 -8.466309309005737305e-02
1.268947958946228027e+00 4.322822391986846924e-02 -8.495033383369445801e-01
1.368503689765930176e+00 3.298196569085121155e-02 -3.892821371555328369e-01
1.001577496528625488e+00 -1.185903698205947876e-02 6.277382373809814453e-03
1.009636044502258301e+00 -1.172900199890136719e-02 1.514291763305664062e-02
1.136496901512145996e+00 -7.906794548034667969e-03 -1.464140415191650391e-02
7.073645591735839844e-01 1.416718587279319763e-02 -5.084092020988464355e-01
8.498624563217163086e-01 2.121620252728462219e-02 -6.637295484542846680e-01
7.517890930175781250e-01 1.489140465855598450e-02 -6.478728652000427246e-01
8.077781200408935547e-01 -2.434395253658294678e-03 -1.034924387931823730e-01
7.883837223052978516e-01 -2.915352582931518555e-03 -1.595062017440795898e-02
8.897343873977661133e-01 -3.166593611240386963e-03 -6.851255893707275391e-03
7.854473590850830078e-01 -2.937071025371551514e-03 -3.530508279800415039e-02
8.879865407943725586e-01 6.194442510604858398e-03 -1.744775772094726562e-01
7.979856729507446289e-01 -3.089092671871185303e-03 -4.714560508728027344e-02
8.915048837661743164e-01 -5.742907524108886719e-04 -3.239649534225463867e-02
8.988713026046752930e-01 7.280558347702026367e-04 -6.597721576690673828e-02
7.233241796493530273e-01 -2.433426678180694580e-03 -5.400210618972778320e-02
7.167670726776123047e-01 -9.270116686820983887e-03 -5.720549821853637695e-02
7.217726707458496094e-01 -1.113224029541015625e-02 -3.667521476745605469e-02
7.130539417266845703e-01 -2.051793038845062256e-02 -8.829176425933837891e-03
6.480143070220947266e-01 -1.110031455755233765e-02 -2.856105566024780273e-02
6.367590427398681641e-01 -1.024382561445236206e-02 -5.187124013900756836e-02
6.542459726333618164e-01 -1.378647238016128540e-02 -1.400494575500488281e-02
6.786359548568725586e-01 -1.236975938081741333e-02 -2.646976709365844727e-02
6.857515573501586914e-01 -8.042357861995697021e-03 -4.728621244430541992e-02
6.877390146255493164e-01 -1.077812910079956055e-02 -5.468291044235229492e-02
7.145839929580688477e-01 -1.415190100669860840e-02 -7.730257511138916016e-02
7.132855653762817383e-01 -9.976610541343688965e-03 -6.931781768798828125e-02
6.138713359832763672e-01 -9.869150817394256592e-03 -7.224887609481811523e-02
6.042829751968383789e-01 -1.095141470432281494e-02 -7.748728990554809570e-02
6.217353343963623047e-01 -1.323871314525604248e-02 -8.750599622726440430e-02
5.212780237197875977e-01 -6.215721368789672852e-03 -6.469929218292236328e-02
4.615850448608398438e-01 -6.832785904407501221e-03 -5.519187450408935547e-02
5.628885030746459961e-01 -1.987151801586151123e-02 -5.672621726989746094e-02
6.156919002532958984e-01 -3.049453347921371460e-02 -2.312849760055541992e-01
4.928504228591918945e-01 -2.224420011043548584e-02 -2.385699450969696045e-01
5.694172382354736328e-01 -2.119217067956924438e-02 -3.080305159091949463e-01
6.386491060256958008e-01 -2.387074381113052368e-02 -3.351548612117767334e-01
7.106778621673583984e-01 -2.012523263692855835e-02 -3.298080265522003174e-01
7.045788764953613281e-01 -1.746623218059539795e-02 -3.544557690620422363e-01
6.931104660034179688e-01 -1.885806024074554443e-02 -3.536802828311920166e-01
6.860057115554809570e-01 -1.621421426534652710e-02 -3.781912922859191895e-01
6.674029827117919922e-01 -1.619704067707061768e-02 -3.800784647464752197e-01
6.720880270004272461e-01 -2.009384334087371826e-02 -4.108611047267913818e-01
6.818381547927856445e-01 -1.878045499324798584e-02 -4.011127054691314697e-01
6.827903985977172852e-01 -1.701240241527557373e-02 -3.906993269920349121e-01
6.817362308502197266e-01 -1.569285243749618530e-02 -3.632321357727050781e-01
7.064036130905151367e-01 -1.383008807897567749e-02 -3.322443664073944092e-01
7.351266145706176758e-01 -1.143198460340499878e-02 -3.282045423984527588e-01
7.603524923324584961e-01 -6.836853921413421631e-03 -2.977147996425628662e-01
7.105548381805419922e-01 -5.536943674087524414e-03 -2.855268418788909912e-01
7.523685693740844727e-01 -9.092360734939575195e-03 -3.055980503559112549e-01
7.724043130874633789e-01 -7.130272686481475830e-03 -2.877982556819915771e-01
7.375992536544799805e-01 -6.816715002059936523e-03 -2.785566151142120361e-01
6.598463058471679688e-01 -8.330933749675750732e-03 -2.662834823131561279e-01
6.503906250000000000e-01 -7.775872945785522461e-03 -2.595120370388031006e-01
6.681851148605346680e-01 -7.003314793109893799e-03 -2.539393007755279541e-01
7.413359880447387695e-01 -4.134580492973327637e-03 -2.422588765621185303e-01
6.816964149475097656e-01 -1.646444201469421387e-03 -2.375204563140869141e-01
6.263216733932495117e-01 -4.361301660537719727e-03 -1.978534162044525146e-01
6.696872711181640625e-01 -7.698081433773040771e-03 -1.973015964031219482e-01
6.271809339523315430e-01 -6.906546652317047119e-03 -1.769497990608215332e-01
6.055846214294433594e-01 -6.558448076248168945e-03 -1.649999618530273438e-01
4.439657926559448242e-01 -6.026774644851684570e-03 -4.875004291534423828e-02
4.212312698364257812e-01 -7.534570991992950439e-03 3.898143768310546875e-04
5.638178586959838867e-01 -1.787077635526657104e-02 1.856646537780761719e-01
4.927657842636108398e-01 -2.616298198699951172e-02 3.481262922286987305e-01
4.111326932907104492e-01 -2.518497407436370850e-02 3.808928728103637695e-01
3.698117733001708984e-01 -2.098120748996734619e-02 2.646509408950805664e-01
4.177265167236328125e-01 -1.275395601987838745e-02 7.326215505599975586e-02
4.358935356140136719e-01 -1.076148450374603271e-02 6.385326385498046875e-02
4.178910255432128906e-01 -1.030476391315460205e-02 2.868700027465820312e-02
4.754295349121093750e-01 -1.463666558265686035e-02 2.953386306762695312e-02
5.012791156768798828e-01 -1.671161502599716187e-02 3.371798992156982422e-02
4.959900379180908203e-01 -1.034808158874511719e-02 3.469449281692504883e-02
4.933397769927978516e-01 -1.249111443758010864e-02 4.246121644973754883e-02
5.077605247497558594e-01 -1.332159340381622314e-02 7.005691528320312500e-02
3.794813156127929688e-01 -1.565866172313690186e-02 1.283037662506103516e-02
3.215751647949218750e-01 -1.465904712677001953e-02 -3.930747509002685547e-03
2.629839181900024414e-01 -3.778196871280670166e-03 3.058242797851562500e-02
2.715026140213012695e-01 -6.972469389438629150e-03 -3.469550609588623047e-02
3.626309633255004883e-01 -6.960399448871612549e-03 4.454714059829711914e-02
4.123859405517578125e-01 -1.028236746788024902e-02 5.664592981338500977e-02
4.571281671524047852e-01 -1.422233134508132935e-02 1.098675131797790527e-01
4.490778446197509766e-01 -1.659733057022094727e-02 1.349042057991027832e-01
4.272091388702392578e-01 -1.791242510080337524e-02 1.762303709983825684e-01
4.603439569473266602e-01 -1.752390712499618530e-02 2.342116832733154297e-01
4.610716104507446289e-01 -1.482436805963516235e-02 1.940344572067260742e-01
5.214987993240356445e-01 -1.366192102432250977e-02 2.415771484375000000e-01
6.224387884140014648e-01 -1.488952338695526123e-02 2.610415220260620117e-01
6.909681558609008789e-01 -1.365507394075393677e-02 2.804535031318664551e-01
6.995524168014526367e-01 -1.711293309926986694e-02 2.908527851104736328e-01
6.869664192199707031e-01 -2.161072194576263428e-02 2.777232527732849121e-01
5.724283456802368164e-01 -2.325701713562011719e-02 3.033568263053894043e-01
5.634874105453491211e-01 -2.157854288816452026e-02 3.258632421493530273e-01
6.070805788040161133e-01 -2.575799077749252319e-02 3.333830833435058594e-01
6.397607326507568359e-01 -2.518387883901596069e-02 3.445730209350585938e-01
6.035506725311279297e-01 -2.547112107276916504e-02 3.824019432067871094e-01
5.846943855285644531e-01 -2.771788090467453003e-02 4.167821407318115234e-01
6.131131649017333984e-01 -2.774526923894882202e-02 4.120111465454101562e-01
6.812282800674438477e-01 -2.852776646614074707e-02 4.118171930313110352e-01
6.940276622772216797e-01 -2.419130504131317139e-02 4.181530475616455078e-01
6.939656734466552734e-01 -2.954557538032531738e-02 4.367784261703491211e-01
6.567153930664062500e-01 -3.446082770824432373e-02 3.885556459426879883e-01
5.841929912567138672e-01 -3.778733313083648682e-02 3.807090520858764648e-01
6.240005493164062500e-01 -2.776888757944107056e-02 4.096759557723999023e-01
6.460633277893066406e-01 -2.734751999378204346e-02 4.110417366027832031e-01
6.481665372848510742e-01 -3.529071062803268433e-02 4.045591354370117188e-01
6.641887426376342773e-01 -3.640973567962646484e-02 3.979965448379516602e-01
5.907905101776123047e-01 -3.515754640102386475e-02 4.144047498703002930e-01
6.337084770202636719e-01 -4.453819990158081055e-02 4.047129154205322266e-01
7.139029502868652344e-01 -4.898995906114578247e-02 4.199094772338867188e-01
6.803857088088989258e-01 -4.859159141778945923e-02 4.321027994155883789e-01
6.697049140930175781e-01 -4.615673422813415527e-02 4.384101629257202148e-01
7.303414344787597656e-01 -4.466754943132400513e-02 4.393731355667114258e-01
6.547691822052001953e-01 -4.991458356380462646e-02 4.285118579864501953e-01
6.551758050918579102e-01 -4.820615053176879883e-02 4.431412220001220703e-01
6.454608440399169922e-01 -4.977199435234069824e-02 4.709497690200805664e-01
6.628040075302124023e-01 -4.453200846910476685e-02 4.644588232040405273e-01
6.404994726181030273e-01 -4.190462827682495117e-02 4.823464155197143555e-01
6.444208621978759766e-01 -3.963698446750640869e-02 4.575428962707519531e-01
7.338792085647583008e-01 -3.871678560972213745e-02 4.846749305725097656e-01
7.815887928009033203e-01 -3.292857110500335693e-02 5.127321481704711914e-01
7.351870536804199219e-01 -3.313323855400085449e-02 4.918310642242431641e-01
7.754058837890625000e-01 -3.501792997121810913e-02 4.397712945938110352e-01
7.096089124679565430e-01 -4.018543660640716553e-02 4.260462522506713867e-01
7.777223587036132812e-01 -2.699034661054611206e-02 4.304915666580200195e-01
7.314785718917846680e-01 -2.988827973604202271e-02 4.361079931259155273e-01
7.470432519912719727e-01 -2.679500728845596313e-02 3.220788240432739258e-01
6.414132118225097656e-01 -2.215676754713058472e-02 3.230396509170532227e-01
7.130273580551147461e-01 -2.366910874843597412e-02 3.180500268936157227e-01
7.032289505004882812e-01 -1.964107900857925415e-02 2.682540416717529297e-01
6.775776147842407227e-01 -1.695367693901062012e-02 2.506105899810791016e-01
5.952506065368652344e-01 -1.288733631372451782e-02 1.625438332557678223e-01
6.344251632690429688e-01 -1.549385488033294678e-02 1.491956710815429688e-01
6.111940145492553711e-01 -1.063537597656250000e-02 8.460754156112670898e-02
6.483583450317382812e-01 -9.805396199226379395e-03 7.441830635070800781e-02
5.650366544723510742e-01 -4.153281450271606445e-03 7.689589262008666992e-02
6.851812601089477539e-01 -2.159811556339263916e-03 7.372117042541503906e-02
6.391799449920654297e-01 -5.194537341594696045e-03 1.056415438652038574e-01
6.345413923263549805e-01 -4.571676254272460938e-03 9.355723857879638672e-03
6.702034473419189453e-01 -5.136147141456604004e-03 2.393966913223266602e-02
6.507362127304077148e-01 1.464143395423889160e-03 -6.621932983398437500e-02
6.504806280136108398e-01 -1.093238592147827148e-03 -7.107055187225341797e-02
6.055368185043334961e-01 -2.057850360870361328e-03 -5.254876613616943359e-02
6.021780967712402344e-01 -7.001534104347229004e-03 -7.907974720001220703e-02
6.060379743576049805e-01 -8.103147149085998535e-03 -5.348825454711914062e-02
6.256649494171142578e-01 -1.128707826137542725e-02 -9.212630987167358398e-02
6.497843265533447266e-01 -1.280150562524795532e-02 -7.968825101852416992e-02
5.595901012420654297e-01 -8.230358362197875977e-03 -7.424038648605346680e-02
6.658300161361694336e-01 -7.867798209190368652e-03 -1.148995757102966309e-01
7.283191680908203125e-01 -1.019027829170227051e-02 -1.006639599800109863e-01
8.919037580490112305e-01 -1.407576352357864380e-02 -1.187233328819274902e-01
9.077380895614624023e-01 -1.697497069835662842e-02 -8.660584688186645508e-02
8.230772018432617188e-01 -1.685114204883575439e-02 -5.690854787826538086e-02
9.184371232986450195e-01 -3.476419299840927124e-02 -1.252126693725585938e-01
9.623495340347290039e-01 -3.174362331628799438e-02 -1.144772171974182129e-01
9.305809736251831055e-01 -2.396775037050247192e-02 -1.161063313484191895e-01
8.399008512496948242e-01 -2.385465055704116821e-02 -7.302743196487426758e-02
8.317824602127075195e-01 -3.414787352085113525e-02 -8.926403522491455078e-02
8.015401363372802734e-01 -3.062579035758972168e-02 -8.778202533721923828e-02
7.870788574218750000e-01 -2.601638436317443848e-02 -1.070609688758850098e-01
8.578912019729614258e-01 -2.429404854774475098e-02 -1.192629933357238770e-01
8.624464273452758789e-01 -2.789658308029174805e-02 -1.344452500343322754e-01
8.798896074295043945e-01 -3.364045172929763794e-02 -1.781259179115295410e-01
8.804041147232055664e-01 -3.466758877038955688e-02 -1.823469996452331543e-01
9.413279294967651367e-01 -3.736232221126556396e-02 -1.611841917037963867e-01
9.385839700698852539e-01 -3.660434484481811523e-02 -1.656552553176879883e-01
9.172586202621459961e-01 -3.628635406494140625e-02 -1.882710456848144531e-01
8.719123601913452148e-01 -3.958489000797271729e-02 -1.365063190460205078e-01
8.502269983291625977e-01 -3.123253583908081055e-02 -1.711498498916625977e-01
8.827418088912963867e-01 -2.768915146589279175e-02 -1.709480881690979004e-01
8.771363496780395508e-01 -2.656374126672744751e-02 -1.427691578865051270e-01
8.872948884963989258e-01 -2.275214344263076782e-02 -1.289899945259094238e-01
9.082874059677124023e-01 -2.991007268428802490e-02 -1.300337910652160645e-01
8.616050481796264648e-01 -3.982049971818923950e-02 -1.562834382057189941e-01
8.685380220413208008e-01 -4.103996604681015015e-02 -1.925168037414550781e-01
9.346586465835571289e-01 -3.558437526226043701e-02 -1.816881895065307617e-01
8.933233022689819336e-01 -2.770206332206726074e-02 -2.244915366172790527e-01
9.118837118148803711e-01 -2.498761564493179321e-02 -2.007330358028411865e-01
8.385850191116333008e-01 -2.091401815414428711e-02 -1.957282423973083496e-01
9.274092912673950195e-01 -2.433829754590988159e-02 -2.384501099586486816e-01
8.518389463424682617e-01 -2.335857599973678589e-02 -2.390258014202117920e-01
9.289578199386596680e-01 -2.304700762033462524e-02 -2.358873188495635986e-01
8.978439569473266602e-01 -2.481307834386825562e-02 -2.238704860210418701e-01
8.281340599060058594e-01 -2.518329024314880371e-02 -2.020092308521270752e-01
8.520132303237915039e-01 -2.721559256315231323e-02 -2.024006545543670654e-01
7.953565120697021484e-01 -3.420618176460266113e-02 -2.062909305095672607e-01
8.191099166870117188e-01 -4.092812538146972656e-02 -1.991185545921325684e-01
8.045746088027954102e-01 -4.029744118452072144e-02 -1.852103471755981445e-01
8.012280464172363281e-01 -4.844421148300170898e-02 -2.244639694690704346e-01
7.177100181579589844e-01 -4.117707908153533936e-02 -2.255710661411285400e-01
8.657971620559692383e-01 -4.563325643539428711e-02 -1.916943788528442383e-01
9.050847291946411133e-01 -4.193601757287979126e-02 -2.629807889461517334e-01
9.149271249771118164e-01 -4.608433693647384644e-02 -1.659246087074279785e-01
8.964685201644897461e-01 -4.780647158622741699e-02 -1.923449039459228516e-01
9.619222879409790039e-01 -3.518699854612350464e-02 -3.135987818241119385e-01
9.169217348098754883e-01 -2.881779521703720093e-02 -2.769050002098083496e-01
9.664086103439331055e-01 -1.624142378568649292e-02 -2.417502403259277344e-01
9.164863824844360352e-01 -2.154477685689926147e-02 -2.186250090599060059e-01
9.213954210281372070e-01 -2.858950197696685791e-02 -2.432968616485595703e-01
9.823907613754272461e-01 -3.810292482376098633e-02 -2.783603966236114502e-01
9.509264230728149414e-01 -3.860462456941604614e-02 -2.755367755889892578e-01
1.051437497138977051e+00 -3.822255134582519531e-02 -2.566565275192260742e-01
9.232276678085327148e-01 -3.067091107368469238e-02 -2.638749778270721436e-01
9.944304227828979492e-01 -2.383247762918472290e-02 -2.800455987453460693e-01
1.027755141258239746e+00 -2.475748956203460693e-02 -2.991365492343902588e-01
8.715201616287231445e-01 -2.576408535242080688e-02 -2.394952178001403809e-01
9.597743749618530273e-01 -3.031007945537567139e-02 -2.701319754123687744e-01
8.867932558059692383e-01 -3.169917315244674683e-02 -2.688834667205810547e-01
9.387418031692504883e-01 -3.515245765447616577e-02 -2.384527325630187988e-01
9.196428060531616211e-01 -4.575775563716888428e-02 -2.218564450740814209e-01
9.596492052078247070e-01 -5.093523114919662476e-02 -2.217413783073425293e-01
9.391018152236938477e-01 -3.811103105545043945e-02 -2.239472568035125732e-01
9.697722196578979492e-01 -3.308023512363433838e-02 -2.098397612571716309e-01
9.726320505142211914e-01 -3.344596922397613525e-02 -2.524617910385131836e-01
9.537688493728637695e-01 -3.354730457067489624e-02 -2.378061115741729736e-01
9.400023221969604492e-01 -2.701070159673690796e-02 -2.497789263725280762e-01
9.089845418930053711e-01 -2.495259046554565430e-02 -1.575018763542175293e-01
9.081543684005737305e-01 -3.323566913604736328e-02 -2.394822239875793457e-01
1.020063757896423340e+00 -2.711346745491027832e-02 -2.430542111396789551e-01
8.991972208023071289e-01 -2.802205830812454224e-02 -2.145245075225830078e-01
9.648123979568481445e-01 -4.030303657054901123e-02 -2.087261378765106201e-01
1.022306323051452637e+00 -4.180083423852920532e-02 -2.509773075580596924e-01
9.260159730911254883e-01 -4.912950843572616577e-02 -1.755962967872619629e-01
9.473038911819458008e-01 -4.749681055545806885e-02 -1.564404368400573730e-01
1.017385840415954590e+00 -4.342459142208099365e-02 -2.062727510929107666e-01
1.209129929542541504e+00 -2.679837495088577271e-02 -3.036217689514160156e-01
1.006085515022277832e+00 -3.571797162294387817e-02 -2.418178617954254150e-01
9.828203916549682617e-01 -3.131310641765594482e-02 -1.850835084915161133e-01
8.676837682723999023e-01 -4.536119848489761353e-02 -1.522690653800964355e-01
8.509851694107055664e-01 -4.099029302597045898e-02 -2.213796973228454590e-01
8.149124383926391602e-01 -3.582192957401275635e-02 -1.511070132255554199e-01
9.769378900527954102e-01 -3.938472270965576172e-02 -2.232543230056762695e-01
1.038519740104675293e+00 -4.524213075637817383e-02 -2.285012304782867432e-01
1.037909626960754395e+00 -4.618204385042190552e-02 -2.151464223861694336e-01
1.041725039482116699e+00 -4.145370423793792725e-02 -2.073232829570770264e-01
9.651798009872436523e-01 -4.323872923851013184e-02 -1.912485361099243164e-01
9.386392831802368164e-01 -4.789724200963973999e-02 -2.039620876312255859e-01
9.186180830001831055e-01 -5.285972356796264648e-02 -1.947437524795532227e-01
9.500452280044555664e-01 -5.100312829017639160e-02 -2.152073979377746582e-01
9.264172315597534180e-01 -5.327096581459045410e-02 -1.998332440853118896e-01
9.308391809463500977e-01 -5.104531347751617432e-02 -2.238810360431671143e-01
9.877809286117553711e-01 -5.027042329311370850e-02 -2.756498157978057861e-01
1.072048544883728027e+00 -3.744758665561676025e-02 -2.187440991401672363e-01
1.109720826148986816e+00 -4.043204337358474731e-02 -2.141416370868682861e-01
9.854735136032104492e-01 -5.262337625026702881e-02 -1.992372870445251465e-01
9.031428098678588867e-01 -5.123218894004821777e-02 -1.596802473068237305e-01
9.710558652877807617e-01 -4.637262225151062012e-02 -1.091652512550354004e-01
9.407156705856323242e-01 -3.703693300485610962e-02 -1.279859542846679688e-01
9.666303396224975586e-01 -4.009383171796798706e-02 -1.903812289237976074e-01
9.561377763748168945e-01 -3.135653585195541382e-02 -2.364973127841949463e-01
9.283932447433471680e-01 -3.493292629718780518e-02 -1.683959960937500000e-01
9.194196462631225586e-01 -2.801813185214996338e-02 -1.790219545364379883e-01
9.827810525894165039e-01 -2.088399976491928101e-02 -2.208116352558135986e-01
9.231106042861938477e-01 -1.887374371290206909e-02 -2.318299114704132080e-01
9.228576421737670898e-01 -1.991178840398788452e-02 -2.176181375980377197e-01
9.927839040756225586e-01 -2.274139225482940674e-02 -2.278345227241516113e-01
1.008146166801452637e+00 -2.914694696664810181e-02 -2.206833064556121826e-01
1.010957837104797363e+00 -2.920877188444137573e-02 -1.908447146415710449e-01
9.555131196975708008e-01 -2.770622819662094116e-02 -1.519049406051635742e-01
8.541601896286010742e-01 -3.159527480602264404e-02 -1.267211437225341797e-01
8.775206804275512695e-01 -3.388082981109619141e-02 -1.273641586303710938e-01
9.519032239913940430e-01 -2.928289026021957397e-02 -2.176230549812316895e-01
8.177478313446044922e-01 -3.390634804964065552e-02 -1.967040598392486572e-01
8.056244850158691406e-01 -2.081340551376342773e-02 -2.115000188350677490e-01
5.727170705795288086e-01 -1.151594519615173340e-02 -1.200609803199768066e-01
5.500336885452270508e-01 -6.108991801738739014e-03 -1.911757588386535645e-01
4.633417129516601562e-01 -8.897855877876281738e-04 -2.703675925731658936e-01
6.266002655029296875e-01 -3.833673894405364990e-03 -2.945295572280883789e-01
5.899106264114379883e-01 -3.340892493724822998e-03 -3.723671436309814453e-01
6.470432281494140625e-01 -5.324631929397583008e-03 -4.250729084014892578e-01
7.170990705490112305e-01 -8.003093302249908447e-03 -4.619380831718444824e-01
5.643612146377563477e-01 -4.652485251426696777e-03 -3.585269749164581299e-01
5.762982368469238281e-01 -1.170143485069274902e-02 -4.042628407478332520e-01
6.893569231033325195e-01 -1.778956502676010132e-02 -5.497484207153320312e-01
7.444183826446533203e-01 -1.209532469511032104e-02 -5.275806188583374023e-01
6.929738521575927734e-01 -2.674608677625656128e-02 -4.728570580482482910e-01
5.816409587860107422e-01 -2.354959398508071899e-02 -5.131310224533081055e-01
4.234627485275268555e-01 -1.963178068399429321e-02 -5.625150203704833984e-01
3.836984634399414062e-01 -1.865039020776748657e-02 -5.459737777709960938e-01
4.415236711502075195e-01 -1.524826139211654663e-02 -5.727018117904663086e-01
4.975937604904174805e-01 -1.400617510080337524e-02 -5.943928956985473633e-01
2.682896852493286133e-01 -7.250472903251647949e-03 -4.730880856513977051e-01
2.137839794158935547e-02 -1.207209378480911255e-02 -4.139266312122344971e-01
2.322494983673095703e-02 -2.589627355337142944e-02 -8.791050910949707031e-01
3.957740068435668945e-01 -2.878329157829284668e-02 -7.106063961982727051e-01
3.368206024169921875e-01 -2.347074449062347412e-02 -7.681219577789306641e-01
2.569317817687988281e-03 -9.267523884773254395e-03 -6.013122797012329102e-01
-2.275604605674743652e-01 -7.991895079612731934e-03 -4.619040489196777344e-01
-3.875030875205993652e-01 -7.776811718940734863e-03 -4.474207758903503418e-01
-1.462537050247192383e-01 -1.036182790994644165e-02 -6.452177166938781738e-01
-1.148115396499633789e-01 -6.220169365406036377e-03 -7.375469803810119629e-01
-1.694432497024536133e-01 -1.815527677536010742e-03 -7.145650982856750488e-01
-1.000609397888183594e-01 -5.429081618785858154e-03 -7.255524396896362305e-01
-1.698242425918579102e-01 -1.132488250732421875e-05 -6.453927159309387207e-01
-6.075930595397949219e-02 -1.015922427177429199e-02 -6.577380299568176270e-01
-5.563104152679443359e-02 -9.261623024940490723e-03 -6.677876114845275879e-01
-1.099746227264404297e-01 -1.678389310836791992e-02 -6.320197582244873047e-01
-1.917078495025634766e-01 -2.263011038303375244e-02 -6.589649915695190430e-01
-2.679584622383117676e-01 -2.682478725910186768e-02 -6.262531876564025879e-01
-2.181099653244018555e-01 -4.584789276123046875e-03 -5.554493069648742676e-01
-9.891784191131591797e-02 -6.954327225685119629e-03 -5.123459100723266602e-01
-9.093964099884033203e-02 -1.083545386791229248e-03 -4.888066053390502930e-01
-1.298978328704833984e-01 2.101264894008636475e-03 -5.258150100708007812e-01
-7.481122016906738281e-02 -1.870602369308471680e-03 -6.067270040512084961e-01
-1.121110916137695312e-01 -1.782372593879699707e-03 -5.264231562614440918e-01
-8.160519599914550781e-02 2.881988883018493652e-03 -5.583783984184265137e-01
-1.541078090667724609e-01 2.097517251968383789e-03 -5.173005461692810059e-01
-2.063987851142883301e-01 6.738916039466857910e-03 -4.960916936397552490e-01
-1.717872619628906250e-01 8.862372487783432007e-03 -4.421724081039428711e-01
-2.423405647277832031e-01 1.384837925434112549e-02 -3.673641383647918701e-01
-2.086774110794067383e-01 9.334012866020202637e-03 -3.932363390922546387e-01
-2.337864637374877930e-01 1.166431605815887451e-02 -3.634620904922485352e-01
-2.483156323432922363e-01 1.454509794712066650e-02 -3.283830881118774414e-01
-3.505951762199401855e-01 1.643330976366996765e-02 -3.339561223983764648e-01
-3.221025466918945312e-01 1.950537040829658508e-02 -3.167274892330169678e-01
-3.090565204620361328e-01 1.580284163355827332e-02 -3.556446135044097900e-01
-2.953183650970458984e-01 1.529259234666824341e-02 -3.136228322982788086e-01
-3.220946788787841797e-01 2.185585349798202515e-02 -3.636855483055114746e-01
-4.051919579505920410e-01 1.912155002355575562e-02 -4.771726727485656738e-01
-5.911177396774291992e-01 2.799582853913307190e-02 -4.745947718620300293e-01
-6.279367208480834961e-01 2.507496252655982971e-02 -4.897886514663696289e-01
-6.602039933204650879e-01 2.872161567211151123e-02 -4.635633528232574463e-01
-8.688075542449951172e-01 4.090143367648124695e-02 -4.970557093620300293e-01
-1.063511371612548828e+00 4.538583755493164062e-02 -5.228693485260009766e-01
-8.397154211997985840e-01 3.992084041237831116e-02 -4.237385988235473633e-01
-7.306438088417053223e-01 3.538077324628829956e-02 -4.322120547294616699e-01
-7.729171514511108398e-01 3.476251661777496338e-02 -4.465762972831726074e-01
-7.253150939941406250e-01 3.321016579866409302e-02 -4.552840590476989746e-01
-7.366963624954223633e-01 2.908937260508537292e-02 -4.716298878192901611e-01
-7.536092400550842285e-01 3.248650208115577698e-02 -4.731892943382263184e-01
-6.398556828498840332e-01 2.669606357812881470e-02 -5.126507282257080078e-01
-7.498818039894104004e-01 2.950803190469741821e-02 -4.681906104087829590e-01
-8.118046522140502930e-01 2.922651916742324829e-02 -4.840437769889831543e-01
-7.950506210327148438e-01 2.800080180168151855e-02 -4.931816458702087402e-01
-8.459322452545166016e-01 2.832199260592460632e-02 -4.996447265148162842e-01
-7.981812953948974609e-01 2.710785716772079468e-02 -4.618962407112121582e-01
-7.646908760070800781e-01 2.467005327343940735e-02 -4.553189277648925781e-01
-7.727982997894287109e-01 2.489260584115982056e-02 -4.419741332530975342e-01
-6.657707095146179199e-01 2.812174707651138306e-02 -4.449343979358673096e-01
-7.909284830093383789e-01 2.750717103481292725e-02 -4.705541133880615234e-01
-7.196196317672729492e-01 3.073338046669960022e-02 -4.957398772239685059e-01
-8.491138815879821777e-01 3.448950126767158508e-02 -4.492677748203277588e-01
-6.222342252731323242e-01 2.909674122929573059e-02 -5.372055172920227051e-01
-7.686704397201538086e-01 3.423578664660453796e-02 -5.050450563430786133e-01
-7.749551534652709961e-01 3.361669182777404785e-02 -5.113078355789184570e-01
-7.591863870620727539e-01 3.051832690834999084e-02 -5.063964724540710449e-01
-9.338846802711486816e-01 3.092560172080993652e-02 -5.400439500808715820e-01
-9.473756551742553711e-01 3.083271160721778870e-02 -6.310554146766662598e-01
-8.730387091636657715e-01 2.751676738262176514e-02 -5.315530896186828613e-01
-7.136801481246948242e-01 2.239565551280975342e-02 -5.292261838912963867e-01
-7.209323048591613770e-01 2.148229628801345825e-02 -5.201008319854736328e-01
-6.823112964630126953e-01 1.566736400127410889e-02 -4.905711114406585693e-01
-6.012990474700927734e-01 1.695451140403747559e-02 -5.119990110397338867e-01
-6.232599616050720215e-01 1.642042770981788635e-02 -4.801105260848999023e-01
-6.910723447799682617e-01 1.883739605545997620e-02 -4.814072847366333008e-01
-8.131525516510009766e-01 2.559152990579605103e-02 -4.979936778545379639e-01
-7.276725769042968750e-01 1.601732522249221802e-02 -4.396565556526184082e-01
-6.994178891181945801e-01 1.256612688302993774e-02 -4.931395351886749268e-01
-7.815579175949096680e-01 1.857466995716094971e-02 -5.340254902839660645e-01
-7.092208266258239746e-01 1.610488072037696838e-02 -4.875906705856323242e-01
-7.201757431030273438e-01 1.416041702032089233e-02 -4.822677373886108398e-01
-6.927428245544433594e-01 7.360249757766723633e-03 -4.232300817966461182e-01
-6.781756281852722168e-01 1.297953724861145020e-02 -4.263396561145782471e-01
-6.859662532806396484e-01 7.445532828569412231e-03 -4.354604482650756836e-01
-6.578355431556701660e-01 4.995897412300109863e-03 -4.430637955665588379e-01
-6.111230850219726562e-01 3.291979432106018066e-03 -4.614826738834381104e-01
-6.875374317169189453e-01 1.604370400309562683e-02 -4.545053839683532715e-01
-7.024063467979431152e-01 2.316585928201675415e-02 -5.009520649909973145e-01
-6.694974303245544434e-01 1.253943890333175659e-02 -5.006614327430725098e-01
-6.608279347419738770e-01 9.413287043571472168e-03 -5.454829931259155273e-01
-6.026317477226257324e-01 3.680698573589324951e-03 -4.772782921791076660e-01
-5.526986718177795410e-01 9.171079844236373901e-03 -4.624585509300231934e-01
-5.182834267616271973e-01 1.058201119303703308e-02 -4.815900325775146484e-01
-4.795792698860168457e-01 9.038817137479782104e-03 -4.954350590705871582e-01
-5.260931849479675293e-01 1.671591773629188538e-02 -4.503141939640045166e-01
-5.856686830520629883e-01 2.317915111780166626e-02 -4.368310570716857910e-01
-5.245334506034851074e-01 1.894969120621681213e-02 -4.366050660610198975e-01
-3.917488455772399902e-01 6.331011652946472168e-03 -5.086960792541503906e-01
-3.940809965133666992e-01 4.505194723606109619e-03 -4.435629546642303467e-01
-4.164478182792663574e-01 4.884317517280578613e-03 -4.539765715599060059e-01
-4.090119600296020508e-01 5.303829908370971680e-03 -4.732812941074371338e-01
-4.237571954727172852e-01 1.124086230993270874e-02 -4.963842630386352539e-01
-4.085592627525329590e-01 9.292885661125183105e-03 -5.112239122390747070e-01
-3.987628817558288574e-01 3.058582544326782227e-03 -5.095886588096618652e-01
-4.227995872497558594e-01 6.450019776821136475e-03 -5.378636121749877930e-01
-4.004488587379455566e-01 8.003767579793930054e-03 -5.443080663681030273e-01
-4.174286723136901855e-01 8.895736187696456909e-03 -5.371913909912109375e-01
-3.533314466476440430e-01 1.094857975840568542e-02 -5.603126287460327148e-01
-4.528210759162902832e-01 1.340489462018013000e-02 -5.354872345924377441e-01
-3.442304730415344238e-01 1.122875511646270752e-02 -5.463510155677795410e-01
-4.835116267204284668e-01 1.646741852164268494e-02 -5.211442708969116211e-01
-4.265289902687072754e-01 2.031554281711578369e-02 -5.732848048210144043e-01
-5.035719871520996094e-01 3.446957841515541077e-02 -5.265932083129882812e-01
-4.550502896308898926e-01 2.671950682997703552e-02 -5.021136999130249023e-01
-4.263492822647094727e-01 2.304735407233238220e-02 -4.925281405448913574e-01
-4.249144196510314941e-01 2.654176205396652222e-02 -5.142561197280883789e-01
-4.242468476295471191e-01 2.602316066622734070e-02 -5.315610766410827637e-01
-4.306265115737915039e-01 2.545198053121566772e-02 -5.312789082527160645e-01
-4.413908720016479492e-01 2.831302583217620850e-02 -5.381817221641540527e-01
-4.055916070938110352e-01 2.903477102518081665e-02 -5.426008701324462891e-01
-4.296147227287292480e-01 2.924315631389617920e-02 -5.527253746986389160e-01
-4.359742403030395508e-01 2.673428878188133240e-02 -5.308372974395751953e-01
-4.134916067123413086e-01 2.286665886640548706e-02 -5.155592560768127441e-01
-4.351884126663208008e-01 2.491133660078048706e-02 -5.215843915939331055e-01
-4.576785564422607422e-01 2.814976871013641357e-02 -5.492820739746093750e-01
-4.317170381546020508e-01 2.770232781767845154e-02 -5.457224845886230469e-01
-4.419445991516113281e-01 2.797932550311088562e-02 -5.355170965194702148e-01
-4.919325113296508789e-01 3.032673895359039307e-02 -5.217994451522827148e-01
-4.617961645126342773e-01 2.694744616746902466e-02 -5.231541395187377930e-01
-4.200633168220520020e-01 2.007698640227317810e-02 -5.329054594039916992e-01
-3.905717730522155762e-01 1.553149521350860596e-02 -5.403431653976440430e-01
-3.835632801055908203e-01 1.528574898838996887e-02 -5.507493019104003906e-01
-3.580822944641113281e-01 2.180720493197441101e-02 -5.123369693756103516e-01
-3.458326458930969238e-01 1.978357508778572083e-02 -5.322863459587097168e-01
-3.641907572746276855e-01 1.770683377981185913e-02 -5.315762162208557129e-01
-3.397977948188781738e-01 1.480079814791679382e-02 -5.106997489929199219e-01
-3.399178981781005859e-01 1.056458801031112671e-02 -5.249811410903930664e-01
-3.100223541259765625e-01 7.850758731365203857e-03 -5.178613662719726562e-01
-3.362010717391967773e-01 1.052186265587806702e-02 -5.065956115722656250e-01
-4.340248703956604004e-01 1.060448214411735535e-02 -4.811871349811553955e-01
-4.611397981643676758e-01 5.732432007789611816e-03 -5.145381689071655273e-01
-4.774950742721557617e-01 1.015760377049446106e-02 -5.249438285827636719e-01
-4.371140599250793457e-01 7.588710635900497437e-03 -5.500980615615844727e-01
-4.938578605651855469e-01 2.098940312862396240e-03 -5.050340294837951660e-01
-5.316286683082580566e-01 5.043745040893554688e-04 -4.978279769420623779e-01
-5.029423832893371582e-01 -1.407995820045471191e-03 -5.210418701171875000e-01
-4.537888169288635254e-01 -3.501296043395996094e-03 -6.041905283927917480e-01
-5.207455158233642578e-01 1.035620272159576416e-02 -5.707994699478149414e-01
-5.404496192932128906e-01 7.790286093950271606e-03 -5.398143529891967773e-01
-4.494804739952087402e-01 -3.478884696960449219e-03 -5.246201753616333008e-01
-4.585518836975097656e-01 -3.079660236835479736e-03 -5.895293951034545898e-01
-5.000026822090148926e-01 7.581964135169982910e-03 -6.016750335693359375e-01
-4.066493511199951172e-01 5.259998142719268799e-03 -5.996243357658386230e-01
-4.443424344062805176e-01 6.307601928710937500e-03 -6.324279904365539551e-01
-4.469120502471923828e-01 8.210819214582443237e-03 -6.563490629196166992e-01
-4.997223019599914551e-01 9.064253419637680054e-03 -6.880029439926147461e-01
-4.388351440429687500e-01 1.463514193892478943e-02 -6.634072065353393555e-01
-4.592614173889160156e-01 1.494790986180305481e-02 -6.786168217658996582e-01
-5.033564567565917969e-01 1.689811423420906067e-02 -6.762344241142272949e-01
-4.654988646507263184e-01 6.010860204696655273e-03 -6.611101031303405762e-01
-4.404492974281311035e-01 2.479590475559234619e-03 -6.808043718338012695e-01
-4.523194432258605957e-01 1.459568738937377930e-03 -6.911527514457702637e-01
-4.924239516258239746e-01 5.848251283168792725e-03 -6.205032467842102051e-01
-4.617933034896850586e-01 4.134878516197204590e-03 -6.555185317993164062e-01
-5.186677575111389160e-01 6.045676767826080322e-03 -6.561083197593688965e-01
-4.614908099174499512e-01 7.858820259571075439e-03 -6.931082010269165039e-01
-5.253155827522277832e-01 1.046074926853179932e-02 -5.812326669692993164e-01
-4.999837875366210938e-01 1.843042671680450439e-03 -6.551805138587951660e-01
-5.068710446357727051e-01 2.775117754936218262e-03 -5.960558056831359863e-01
-4.083573222160339355e-01 -4.138208925724029541e-03 -6.050526499748229980e-01
-5.209226608276367188e-01 1.070432364940643311e-03 -6.008152365684509277e-01
-4.395647048950195312e-01 6.359003484249114990e-03 -6.877026557922363281e-01
-6.241636276245117188e-01 1.961214095354080200e-02 -6.198858022689819336e-01
-5.770734548568725586e-01 1.327779889106750488e-02 -6.566855907440185547e-01
-6.005265712738037109e-01 2.182922139763832092e-02 -5.408055186271667480e-01
-4.247514605522155762e-01 1.721770688891410828e-02 -6.660602092742919922e-01
-4.448099732398986816e-01 9.545627981424331665e-03 -6.499116420745849609e-01
-6.392424702644348145e-01 1.875858008861541748e-02 -6.935642361640930176e-01
-4.285405874252319336e-01 3.936700522899627686e-03 -6.672920584678649902e-01
-5.643032789230346680e-01 1.676550880074501038e-02 -5.694901943206787109e-01
-5.296786427497863770e-01 1.452399790287017822e-02 -6.962866783142089844e-01
-4.874082803726196289e-01 1.719817891716957092e-02 -7.553657293319702148e-01
-5.861917138099670410e-01 2.954075485467910767e-02 -8.320527672767639160e-01
-6.754544973373413086e-01 3.564988449215888977e-02 -8.044654726982116699e-01
-4.609395265579223633e-01 2.234882861375808716e-02 -6.783754229545593262e-01
-5.006852746009826660e-01 2.101636677980422974e-02 -7.120966315269470215e-01
-5.840607285499572754e-01 2.329608798027038574e-02 -6.625155806541442871e-01
-6.362692713737487793e-01 2.635009586811065674e-02 -7.023912668228149414e-01
-5.296947360038757324e-01 2.277918532490730286e-02 -6.644777655601501465e-01
-5.332581996917724609e-01 2.063537016510963440e-02 -6.231365203857421875e-01
-5.168083906173706055e-01 2.083898335695266724e-02 -6.026157736778259277e-01
-5.785465836524963379e-01 2.266741171479225159e-02 -5.817584395408630371e-01
-5.600508451461791992e-01 1.883215457201004028e-02 -6.564889550209045410e-01
-6.009456515312194824e-01 1.967249810695648193e-02 -5.955753922462463379e-01
-5.599666833877563477e-01 1.792274788022041321e-02 -5.987307429313659668e-01
-6.050827503204345703e-01 1.445405930280685425e-02 -6.104367375373840332e-01
-5.529445409774780273e-01 1.396185904741287231e-02 -6.633327007293701172e-01
-5.384408235549926758e-01 1.907543465495109558e-02 -6.561844944953918457e-01
-4.903070330619812012e-01 1.691531017422676086e-02 -6.595944762229919434e-01
-5.292812585830688477e-01 1.881925016641616821e-02 -6.894441843032836914e-01
-5.588594675064086914e-01 1.822839677333831787e-02 -6.660779714584350586e-01
-5.731047391891479492e-01 2.178253233432769775e-02 -6.433481574058532715e-01
-5.924732685089111328e-01 1.670709997415542603e-02 -6.701878905296325684e-01
-6.276615262031555176e-01 1.458595320582389832e-02 -6.683943867683410645e-01
-6.514292955398559570e-01 1.243004202842712402e-02 -6.999009847640991211e-01
-6.217957139015197754e-01 1.305533945560455322e-02 -7.305564880371093750e-01
-5.432411432266235352e-01 9.651370346546173096e-03 -7.104890942573547363e-01
-6.072257757186889648e-01 1.031415909528732300e-02 -7.037896513938903809e-01
-5.738985538482666016e-01 1.444029808044433594e-02 -7.025517225265502930e-01
-5.713660120964050293e-01 1.008617505431175232e-02 -6.789711713790893555e-01
-4.987815618515014648e-01 4.968658089637756348e-03 -6.558454036712646484e-01
-5.417957305908203125e-01 1.801848411560058594e-03 -6.862067580223083496e-01
-4.244508147239685059e-01 -1.149903237819671631e-02 -6.789098381996154785e-01
-6.319352984428405762e-01 -1.204891502857208252e-02 -5.952615737915039062e-01
-4.397192001342773438e-01 -3.782510757446289062e-04 -6.514174342155456543e-01
-5.236394405364990234e-01 1.049163192510604858e-02 -7.355512380599975586e-01
-5.284287333488464355e-01 1.466939970850944519e-02 -7.470998167991638184e-01
-5.711247920989990234e-01 1.615683361887931824e-02 -8.021407127380371094e-01
-6.980316638946533203e-01 2.744843810796737671e-02 -7.743561267852783203e-01
-7.231363654136657715e-01 2.711338177323341370e-02 -7.899401187896728516e-01
-6.677024960517883301e-01 2.108391001820564270e-02 -7.213149070739746094e-01
-6.567893624305725098e-01 1.733862608671188354e-02 -6.519654393196105957e-01
-5.897702574729919434e-01 1.940236240625381470e-02 -6.939195394515991211e-01
-4.525963664054870605e-01 1.425873115658760071e-02 -6.803199648857116699e-01
-4.265164136886596680e-01 1.477811112999916077e-02 -6.940267682075500488e-01
-4.664125442504882812e-01 2.162929624319076538e-02 -7.395987510681152344e-01
-6.821732521057128906e-01 2.402953431010246277e-02 -6.734524369239807129e-01
-4.289066791534423828e-01 1.235066726803779602e-02 -6.743682026863098145e-01
-4.560108184814453125e-01 1.365850865840911865e-02 -7.145520448684692383e-01
-4.973661899566650391e-01 1.792385801672935486e-02 -7.258280515670776367e-01
-4.962327480316162109e-01 1.680726930499076843e-02 -7.060290575027465820e-01
-4.765837788581848145e-01 1.056307181715965271e-02 -6.944598555564880371e-01
-5.077125430107116699e-01 7.605649530887603760e-03 -7.133217453956604004e-01
-5.093649625778198242e-01 8.684132248163223267e-03 -6.836877465248107910e-01
-4.933754205703735352e-01 -3.845341503620147705e-03 -6.597856283187866211e-01
-5.107457637786865234e-01 -5.623012781143188477e-03 -6.648625731468200684e-01
-4.888962507247924805e-01 -1.024834811687469482e-03 -6.324166059494018555e-01
-5.134732723236083984e-01 -2.639889717102050781e-03 -6.631197929382324219e-01
-4.164480566978454590e-01 -1.359247416257858276e-02 -6.875653266906738281e-01
-4.323422908782958984e-01 -1.032241433858871460e-02 -6.973014473915100098e-01
-4.618654251098632812e-01 -9.572140872478485107e-03 -7.196754813194274902e-01
-4.807580709457397461e-01 -9.243533015251159668e-03 -6.965436339378356934e-01
-5.165201425552368164e-01 -9.330347180366516113e-03 -7.191061973571777344e-01
-5.122287273406982422e-01 -1.371830701828002930e-02 -7.253652215003967285e-01
-5.051209926605224609e-01 -1.325646787881851196e-02 -7.576666474342346191e-01
-5.036894679069519043e-01 -1.643200218677520752e-02 -7.427766323089599609e-01
-4.624727964401245117e-01 -1.778189092874526978e-02 -7.487495541572570801e-01
-4.486477971076965332e-01 -1.902782171964645386e-02 -7.142122387886047363e-01
-4.793884158134460449e-01 -1.892453432083129883e-02 -6.920568346977233887e-01
-4.719190001487731934e-01 -1.444370299577713013e-02 -6.707593798637390137e-01
-4.940229654312133789e-01 -8.531205356121063232e-03 -6.568475365638732910e-01
-4.969090819358825684e-01 -1.473557949066162109e-02 -6.523042917251586914e-01
-5.198233127593994141e-01 -1.355560123920440674e-02 -6.366019845008850098e-01
-5.065990090370178223e-01 -1.551032066345214844e-02 -6.387866139411926270e-01
-5.348325371742248535e-01 -1.837666332721710205e-02 -6.114464998245239258e-01
-5.242013335227966309e-01 -2.030802518129348755e-02 -6.015306115150451660e-01
-5.170573592185974121e-01 -2.135895192623138428e-02 -6.009857058525085449e-01
-4.865280389785766602e-01 -1.821065694093704224e-02 -6.121395826339721680e-01
-4.888281226158142090e-01 -1.350670307874679565e-02 -6.469332575798034668e-01
-4.634906053543090820e-01 -7.846981287002563477e-03 -6.481740474700927734e-01
-4.667290449142456055e-01 -8.710652589797973633e-03 -6.477181911468505859e-01
-4.480220079421997070e-01 -8.561789989471435547e-03 -6.537345051765441895e-01
-4.279431700706481934e-01 -8.136212825775146484e-03 -6.800656914710998535e-01
-4.323638081550598145e-01 -9.253747761249542236e-03 -6.800283193588256836e-01
-4.094281196594238281e-01 -8.427329361438751221e-03 -6.988799571990966797e-01
-4.192194938659667969e-01 -7.684856653213500977e-03 -6.907403469085693359e-01
-4.357672929763793945e-01 -8.828818798065185547e-03 -6.810640096664428711e-01
-3.933615088462829590e-01 -7.819563150405883789e-03 -6.675168871879577637e-01
-3.910327553749084473e-01 -7.417656481266021729e-03 -6.535977721214294434e-01
-3.874567151069641113e-01 -4.449442028999328613e-03 -6.770794391632080078e-01
-3.643078207969665527e-01 -2.302214503288269043e-03 -6.878094673156738281e-01
-3.372132182121276855e-01 -1.531198620796203613e-03 -6.806398034095764160e-01
-3.654766082763671875e-01 -7.486641407012939453e-04 -6.766093373298645020e-01
-3.567833900451660156e-01 4.838183522224426270e-04 -6.936181187629699707e-01
-3.167717456817626953e-01 1.774296164512634277e-03 -6.994523406028747559e-01
-2.994886636734008789e-01 1.916825771331787109e-03 -6.938607096672058105e-01
-3.056478500366210938e-01 2.404786646366119385e-03 -6.805131435394287109e-01
-3.035704493522644043e-01 3.958649933338165283e-03 -6.777688264846801758e-01
-2.895262241363525391e-01 5.081281065940856934e-03 -7.016900777816772461e-01
-2.720974087715148926e-01 5.659103393554687500e-03 -7.140998244285583496e-01
-2.684584856033325195e-01 6.804600358009338379e-03 -7.102517485618591309e-01
-2.711858749389648438e-01 6.902635097503662109e-03 -6.992964148521423340e-01
-2.650277614593505859e-01 7.485888898372650146e-03 -7.148721814155578613e-01
-2.613939046859741211e-01 8.254174143075942993e-03 -7.163791060447692871e-01
-2.611209750175476074e-01 9.044613689184188843e-03 -7.225314378738403320e-01
-2.617506980895996094e-01 9.337693452835083008e-03 -7.097877860069274902e-01
-2.621244192123413086e-01 9.382940828800201416e-03 -7.036076784133911133e-01
-2.699531316757202148e-01 1.020085811614990234e-02 -7.027506828308105469e-01
-2.681382894515991211e-01 1.048119366168975830e-02 -7.053500413894653320e-01
-2.671659588813781738e-01 1.053471863269805908e-02 -7.043081521987915039e-01
-2.785014510154724121e-01 1.199391111731529236e-02 -7.123880982398986816e-01
-2.838528156280517578e-01 1.277329400181770325e-02 -7.061873674392700195e-01
-3.033249378204345703e-01 1.365774869918823242e-02 -7.165237665176391602e-01
-3.261432647705078125e-01 1.454100385308265686e-02 -7.187514305114746094e-01
-3.523429632186889648e-01 1.576976105570793152e-02 -7.305318117141723633e-01
-3.811724185943603516e-01 1.716047152876853943e-02 -7.436336874961853027e-01
-4.028071761131286621e-01 1.777409762144088745e-02 -7.448982596397399902e-01
-3.959398865699768066e-01 1.759590953588485718e-02 -7.425424456596374512e-01
-3.856042027473449707e-01 1.674599200487136841e-02 -7.303987145423889160e-01
-3.733686208724975586e-01 1.639606803655624390e-02 -7.293487191200256348e-01
-3.642638921737670898e-01 1.627948880195617676e-02 -7.322505712509155273e-01
-3.478687405586242676e-01 1.571266353130340576e-02 -7.420800924301147461e-01
-3.398046493530273438e-01 1.557283475995063782e-02 -7.436249852180480957e-01
-3.224842548370361328e-01 1.488732174038887024e-02 -7.352108955383300781e-01
-3.156410455703735352e-01 1.442874222993850708e-02 -7.354684472084045410e-01
-2.877641320228576660e-01 1.344616338610649109e-02 -7.204449772834777832e-01
-2.786117792129516602e-01 1.257980614900588989e-02 -7.192952632904052734e-01
-2.753750085830688477e-01 1.205503568053245544e-02 -7.227447628974914551e-01
-2.693650722503662109e-01 1.175234839320182800e-02 -7.219779491424560547e-01
-2.768498063087463379e-01 1.142922416329383850e-02 -7.140452265739440918e-01
-2.749169468879699707e-01 1.074226573109626770e-02 -7.131850123405456543e-01
-2.699159979820251465e-01 9.792298078536987305e-03 -7.159014940261840820e-01
-2.669780254364013672e-01 9.029567241668701172e-03 -7.167303562164306641e-01
-2.628828883171081543e-01 8.627731353044509888e-03 -7.195097208023071289e-01
-2.711029052734375000e-01 8.042335510253906250e-03 -7.248524427413940430e-01
-2.813358306884765625e-01 7.066946476697921753e-03 -7.252106070518493652e-01
-3.038317561149597168e-01 7.106568664312362671e-03 -7.261859178543090820e-01
-3.118442296981811523e-01 6.874181330204010010e-03 -7.273779511451721191e-01
-2.924977540969848633e-01 6.200581789016723633e-03 -7.227867245674133301e-01
-3.007532954216003418e-01 6.602697074413299561e-03 -7.110795378684997559e-01
-3.184431791305541992e-01 7.801525294780731201e-03 -7.324044704437255859e-01
-3.041883707046508789e-01 6.464265286922454834e-03 -7.374603748321533203e-01
-2.860032320022583008e-01 5.565010011196136475e-03 -7.378404140472412109e-01
-2.631651163101196289e-01 4.302017390727996826e-03 -7.339268922805786133e-01
-2.625848054885864258e-01 2.991311252117156982e-03 -7.115797996520996094e-01
-2.690888643264770508e-01 3.259651362895965576e-03 -7.071855068206787109e-01
-2.799488306045532227e-01 3.083102405071258545e-03 -7.492190599441528320e-01
-2.875562906265258789e-01 3.811888396739959717e-03 -7.648879289627075195e-01
-2.871595621109008789e-01 4.638843238353729248e-03 -7.153432369232177734e-01
-3.025392293930053711e-01 4.734389483928680420e-03 -7.169311046600341797e-01
-3.042942285537719727e-01 4.979275166988372803e-03 -7.310049533843994141e-01
-2.854593992233276367e-01 5.562447011470794678e-03 -7.278687953948974609e-01
-2.760151624679565430e-01 6.822369992733001709e-03 -7.089985609054565430e-01
-2.967282533645629883e-01 8.902572095394134521e-03 -7.352995872497558594e-01
-3.012758493423461914e-01 1.055880635976791382e-02 -7.282860279083251953e-01
-3.157593011856079102e-01 1.153548806905746460e-02 -7.298386096954345703e-01
