5.895461273193359375e+01 3.777851867675781250e+01 -5.774046325683593750e+01 2.294689416885375977e+00 2.825446426868438721e-01 4.609078168869018555e-01
5.894414901733398438e+01 3.778347015380859375e+01 -5.775354766845703125e+01 2.380877733230590820e+00 3.482671380043029785e-01 1.072913408279418945e+00
5.894686889648437500e+01 3.779006576538085938e+01 -5.777303695678710938e+01 2.386152744293212891e+00 4.234565496444702148e-01 2.088509559631347656e+00
5.897690200805664062e+01 3.779622268676757812e+01 -5.779630661010742188e+01 2.231061458587646484e+00 4.720874130725860596e-01 3.383338451385498047e+00
5.899515151977539062e+01 3.780060958862304688e+01 -5.781666183471679688e+01 2.080857753753662109e+00 5.004182457923889160e-01 4.517175197601318359e+00
5.903073501586914062e+01 3.780351257324218750e+01 -5.783644485473632812e+01 1.883924007415771484e+00 4.974929690361022949e-01 5.759335994720458984e+00
5.907370758056640625e+01 3.780440902709960938e+01 -5.785206604003906250e+01 1.674920320510864258e+00 4.640156328678131104e-01 6.769396305084228516e+00
5.914109039306640625e+01 3.780519485473632812e+01 -5.787032699584960938e+01 1.568973064422607422e+00 4.204763174057006836e-01 7.980667114257812500e+00
5.922501373291015625e+01 3.780332183837890625e+01 -5.788421630859375000e+01 1.541256904602050781e+00 3.249011933803558350e-01 9.208522796630859375e+00
5.930984878540039062e+01 3.780152130126953125e+01 -5.789843368530273438e+01 1.409441232681274414e+00 2.390025258064270020e-01 1.044267463684082031e+01
5.935313415527343750e+01 3.780053329467773438e+01 -5.791273117065429688e+01 1.342117786407470703e+00 1.934766769409179688e-01 1.168447017669677734e+01
5.937322235107421875e+01 3.780140686035156250e+01 -5.793030548095703125e+01 1.225769519805908203e+00 1.934664249420166016e-01 1.296678924560546875e+01
5.940095901489257812e+01 3.780227661132812500e+01 -5.794904708862304688e+01 1.157999038696289062e+00 1.865876913070678711e-01 1.431520271301269531e+01
5.946780776977539062e+01 3.780168533325195312e+01 -5.796694183349609375e+01 1.005470752716064453e+00 1.334594488143920898e-01 1.570679283142089844e+01
5.954399871826171875e+01 3.780042266845703125e+01 -5.798358154296875000e+01 7.620751857757568359e-01 6.575696170330047607e-02 1.705380439758300781e+01
5.961450195312500000e+01 3.779891586303710938e+01 -5.799828338623046875e+01 5.791187286376953125e-01 3.175809979438781738e-04 1.828627204895019531e+01
5.970112991333007812e+01 3.779739761352539062e+01 -5.801424407958984375e+01 4.056096076965332031e-01 -7.142499089241027832e-02 1.959228515625000000e+01
5.978760910034179688e+01 3.779530715942382812e+01 -5.802969741821289062e+01 3.159344196319580078e-01 -1.529669463634490967e-01 2.096245384216308594e+01
5.986290359497070312e+01 3.779452896118164062e+01 -5.804815292358398438e+01 2.302825450897216797e-01 -2.077277749776840210e-01 2.237921905517578125e+01
5.991869354248046875e+01 3.779257965087890625e+01 -5.806218719482421875e+01 3.012418746948242188e-01 -2.693068385124206543e-01 2.368275833129882812e+01
5.999078750610351562e+01 3.779063796997070312e+01 -5.807625198364257812e+01 3.111064434051513672e-01 -3.351625204086303711e-01 2.493847084045410156e+01
6.003479003906250000e+01 3.778871536254882812e+01 -5.808928680419921875e+01 3.619492053985595703e-01 -3.819819688796997070e-01 2.619390106201171875e+01
6.006336975097656250e+01 3.778836441040039062e+01 -5.810429000854492188e+01 3.983080387115478516e-01 -3.995727896690368652e-01 2.738209152221679688e+01
6.007917785644531250e+01 3.778922271728515625e+01 -5.812043380737304688e+01 4.026889801025390625e-01 -3.961324691772460938e-01 2.848915672302246094e+01
6.008979797363281250e+01 3.779103851318359375e+01 -5.813823318481445312e+01 4.018843173980712891e-01 -3.764908909797668457e-01 2.958480262756347656e+01
6.014537811279296875e+01 3.779228591918945312e+01 -5.815799713134765625e+01 4.085600376129150391e-01 -3.969185054302215576e-01 3.081490898132324219e+01
6.023160552978515625e+01 3.779205703735351562e+01 -5.817642974853515625e+01 4.107952117919921875e-01 -4.607178270816802979e-01 3.206981658935546875e+01
6.031876754760742188e+01 3.779236221313476562e+01 -5.819765472412109375e+01 3.184080123901367188e-01 -5.118269324302673340e-01 3.348885345458984375e+01
6.040848159790039062e+01 3.779238510131835938e+01 -5.821961212158203125e+01 2.765953540802001953e-01 -5.705002546310424805e-01 3.499496078491210938e+01
6.050492858886718750e+01 3.778999328613281250e+01 -5.823481750488281250e+01 2.211332321166992188e-01 -6.653499007225036621e-01 3.631709671020507812e+01
6.057987976074218750e+01 3.778822708129882812e+01 -5.824971389770507812e+01 -2.998113632202148438e-02 -7.283371090888977051e-01 3.758630752563476562e+01
6.061457061767578125e+01 3.778847885131835938e+01 -5.826749038696289062e+01 -2.860128879547119141e-01 -7.367562651634216309e-01 3.887300109863281250e+01
6.065605545043945312e+01 3.779057693481445312e+01 -5.829050445556640625e+01 -4.192292690277099609e-01 -7.293466329574584961e-01 4.024787139892578125e+01
6.072683715820312500e+01 3.779182815551757812e+01 -5.831351089477539062e+01 -4.298090934753417969e-01 -7.603522539138793945e-01 4.167539596557617188e+01
6.078521347045898438e+01 3.779256057739257812e+01 -5.833278274536132812e+01 -4.851818084716796875e-01 -7.907208204269409180e-01 4.290635299682617188e+01
6.086716842651367188e+01 3.779473495483398438e+01 -5.835314941406250000e+01 -2.915859222412109375e-01 -8.382927775382995605e-01 4.470230484008789062e+01
6.095386886596679688e+01 3.779603195190429688e+01 -5.836895751953125000e+01 -7.340312004089355469e-02 -9.142141938209533691e-01 4.656909561157226562e+01
6.102532196044921875e+01 3.779674911499023438e+01 -5.838165664672851562e+01 9.405612945556640625e-02 -9.794328212738037109e-01 4.823678588867187500e+01
6.105621719360351562e+01 3.779756164550781250e+01 -5.839147567749023438e+01 2.802312374114990234e-01 -1.012440800666809082e+00 4.961745452880859375e+01
6.106415557861328125e+01 3.779955291748046875e+01 -5.840193176269531250e+01 5.674958229064941406e-01 -1.016087770462036133e+00 5.087679672241210938e+01
6.111245727539062500e+01 3.780073928833007812e+01 -5.841267013549804688e+01 8.024871349334716797e-01 -1.061208486557006836e+00 5.223099136352539062e+01
6.116307449340820312e+01 3.780238723754882812e+01 -5.842485427856445312e+01 7.744431495666503906e-01 -1.097615838050842285e+00 5.367662811279296875e+01
6.120679473876953125e+01 3.780562210083007812e+01 -5.844076156616210938e+01 8.088052272796630859e-01 -1.114873170852661133e+00 5.533391952514648438e+01
6.128109359741210938e+01 3.780717086791992188e+01 -5.845489883422851562e+01 9.522438049316406250e-01 -1.177316546440124512e+00 5.693408203125000000e+01
6.136251831054687500e+01 3.780630874633789062e+01 -5.846361541748046875e+01 1.039505004882812500e+00 -1.272317051887512207e+00 5.820197677612304688e+01
6.145170974731445312e+01 3.780754089355468750e+01 -5.847710800170898438e+01 1.054555177688598633e+00 -1.345442652702331543e+00 5.966708755493164062e+01
6.153341293334960938e+01 3.780960464477539062e+01 -5.849338912963867188e+01 1.221954822540283203e+00 -1.423478126525878906e+00 6.135369110107421875e+01
6.160287475585937500e+01 3.781069183349609375e+01 -5.850740432739257812e+01 1.414835453033447266e+00 -1.510651826858520508e+00 6.305865097045898438e+01
6.162095642089843750e+01 3.781282806396484375e+01 -5.852057647705078125e+01 1.386374235153198242e+00 -1.546768426895141602e+00 6.458898925781250000e+01
6.158611297607421875e+01 3.781790161132812500e+01 -5.853649902343750000e+01 1.230150461196899414e+00 -1.508293628692626953e+00 6.591496276855468750e+01
6.154833602905273438e+01 3.782422256469726562e+01 -5.855401611328125000e+01 1.130044460296630859e+00 -1.453053236007690430e+00 6.698867034912109375e+01
6.154151916503906250e+01 3.783155059814453125e+01 -5.857564544677734375e+01 1.147687435150146484e+00 -1.415532112121582031e+00 6.830824279785156250e+01
6.157186508178710938e+01 3.783807373046875000e+01 -5.859792327880859375e+01 1.161724328994750977e+00 -1.416068553924560547e+00 6.968959045410156250e+01
6.162738800048828125e+01 3.784283065795898438e+01 -5.861768722534179688e+01 1.200765371322631836e+00 -1.453965902328491211e+00 7.097224426269531250e+01
6.167977142333984375e+01 3.784809494018554688e+01 -5.863864898681640625e+01 1.155883073806762695e+00 -1.486670255661010742e+00 7.246228027343750000e+01
6.172907257080078125e+01 3.785346603393554688e+01 -5.865995025634765625e+01 1.119583845138549805e+00 -1.516062736511230469e+00 7.405347442626953125e+01
6.176921844482421875e+01 3.785849761962890625e+01 -5.867983627319335938e+01 1.121580600738525391e+00 -1.544021129608154297e+00 7.550550079345703125e+01
6.178804397583007812e+01 3.786388015747070312e+01 -5.869937133789062500e+01 1.106113195419311523e+00 -1.554340124130249023e+00 7.707563781738281250e+01
6.180592727661132812e+01 3.786886215209960938e+01 -5.871796035766601562e+01 1.000106334686279297e+00 -1.564031481742858887e+00 7.859385681152343750e+01
6.183207702636718750e+01 3.787462234497070312e+01 -5.873867797851562500e+01 9.526610374450683594e-01 -1.570906519889831543e+00 8.010097503662109375e+01
6.187080764770507812e+01 3.787952041625976562e+01 -5.875852584838867188e+01 1.082926988601684570e+00 -1.604199409484863281e+00 8.168166351318359375e+01
6.190595626831054688e+01 3.788281631469726562e+01 -5.877413940429687500e+01 1.023352146148681641e+00 -1.645594835281372070e+00 8.300284576416015625e+01
6.195023727416992188e+01 3.788562011718750000e+01 -5.878904342651367188e+01 1.018404960632324219e+00 -1.694988489151000977e+00 8.434085083007812500e+01
6.201778411865234375e+01 3.788726806640625000e+01 -5.880283355712890625e+01 1.013129949569702148e+00 -1.776087999343872070e+00 8.570373535156250000e+01
6.206976699829101562e+01 3.789035797119140625e+01 -5.881885910034179688e+01 9.371638298034667969e-01 -1.829072833061218262e+00 8.708035278320312500e+01
6.207635879516601562e+01 3.789455413818359375e+01 -5.883473968505859375e+01 8.840560913085937500e-01 -1.839611649513244629e+00 8.845613098144531250e+01
6.205787658691406250e+01 3.790083694458007812e+01 -5.885333633422851562e+01 7.670223712921142578e-01 -1.805160164833068848e+00 8.978927612304687500e+01
6.204922485351562500e+01 3.790793228149414062e+01 -5.887456512451171875e+01 7.177591323852539062e-01 -1.772871255874633789e+00 9.127687835693359375e+01
6.204327774047851562e+01 3.791542053222656250e+01 -5.889674377441406250e+01 6.024837493896484375e-01 -1.736266493797302246e+00 9.266477203369140625e+01
6.204847335815429688e+01 3.792178726196289062e+01 -5.891718673706054688e+01 6.381273269653320312e-01 -1.722136497497558594e+00 9.401618957519531250e+01
6.207265090942382812e+01 3.792849349975585938e+01 -5.893906021118164062e+01 6.459057331085205078e-01 -1.715371370315551758e+00 9.524771118164062500e+01
6.208525466918945312e+01 3.793678283691406250e+01 -5.896430587768554688e+01 8.699297904968261719e-01 -1.693764686584472656e+00 9.667750549316406250e+01
6.207140350341796875e+01 3.794393920898437500e+01 -5.898488235473632812e+01 9.539723396301269531e-01 -1.661814689636230469e+00 9.773971557617187500e+01
6.205913543701171875e+01 3.795174026489257812e+01 -5.900584030151367188e+01 8.653700351715087891e-01 -1.612726569175720215e+00 9.862309265136718750e+01
6.205876922607421875e+01 3.796003723144531250e+01 -5.902863311767578125e+01 7.925033569335937500e-01 -1.566363453865051270e+00 9.958673095703125000e+01
6.210335922241210938e+01 3.796804428100585938e+01 -5.905413055419921875e+01 9.057819843292236328e-01 -1.562098026275634766e+00 1.009535751342773438e+02
6.216941070556640625e+01 3.797398757934570312e+01 -5.907744216918945312e+01 9.809732437133789062e-01 -1.603931188583374023e+00 1.025717926025390625e+02
6.221412277221679688e+01 3.797861480712890625e+01 -5.909640502929687500e+01 9.478926658630371094e-01 -1.638382673263549805e+00 1.039405364990234375e+02
6.226906204223632812e+01 3.798214340209960938e+01 -5.911322784423828125e+01 1.032263040542602539e+00 -1.691767930984497070e+00 1.052668914794921875e+02
6.235241317749023438e+01 3.798444366455078125e+01 -5.912949752807617188e+01 1.140564680099487305e+00 -1.781377911567687988e+00 1.068660964965820312e+02
6.240467071533203125e+01 3.798624420166015625e+01 -5.914310455322265625e+01 1.159459352493286133e+00 -1.854639530181884766e+00 1.083132553100585938e+02
6.241760253906250000e+01 3.799066162109375000e+01 -5.915969467163085938e+01 1.149415969848632812e+00 -1.868657827377319336e+00 1.096883468627929688e+02
6.241466903686523438e+01 3.799399948120117188e+01 -5.917272567749023438e+01 1.133382320404052734e+00 -1.881297707557678223e+00 1.109309005737304688e+02
6.246396255493164062e+01 3.799740982055664062e+01 -5.918875122070312500e+01 1.013100147247314453e+00 -1.924402952194213867e+00 1.123644027709960938e+02
6.250291442871093750e+01 3.799903106689453125e+01 -5.920030593872070312e+01 9.477734565734863281e-01 -1.979246735572814941e+00 1.134936447143554688e+02
6.252648544311523438e+01 3.800281143188476562e+01 -5.921578216552734375e+01 1.026242971420288086e+00 -2.003431320190429688e+00 1.148582916259765625e+02
6.253377532958984375e+01 3.800825500488281250e+01 -5.923448562622070312e+01 1.111775636672973633e+00 -2.003267288208007812e+00 1.163661880493164062e+02
6.253266143798828125e+01 3.801442718505859375e+01 -5.925473403930664062e+01 1.162558794021606445e+00 -1.993490338325500488e+00 1.179452896118164062e+02
6.252552413940429688e+01 3.801904296875000000e+01 -5.927024078369140625e+01 1.029878854751586914e+00 -1.985568523406982422e+00 1.190506591796875000e+02
6.254019546508789062e+01 3.802518081665039062e+01 -5.929000091552734375e+01 9.523034095764160156e-01 -1.974832296371459961e+00 1.202828521728515625e+02
6.255463409423828125e+01 3.803166198730468750e+01 -5.931098175048828125e+01 9.975731372833251953e-01 -1.967741131782531738e+00 1.215986099243164062e+02
6.256602859497070312e+01 3.803831100463867188e+01 -5.933234024047851562e+01 1.064658164978027344e+00 -1.957807660102844238e+00 1.230083160400390625e+02
6.258591079711914062e+01 3.804336929321289062e+01 -5.935051345825195312e+01 1.096636056900024414e+00 -1.969097137451171875e+00 1.242204818725585938e+02
6.264375305175781250e+01 3.804749298095703125e+01 -5.936837005615234375e+01 1.100063323974609375e+00 -2.012940168380737305e+00 1.254055175781250000e+02
6.272433090209960938e+01 3.804976272583007812e+01 -5.938399505615234375e+01 1.176476478576660156e+00 -2.097053527832031250e+00 1.267614669799804688e+02
6.280067443847656250e+01 3.805211639404296875e+01 -5.940002822875976562e+01 1.104176044464111328e+00 -2.178911209106445312e+00 1.283775024414062500e+02
6.285651779174804688e+01 3.805414581298828125e+01 -5.941429901123046875e+01 9.702146053314208984e-01 -2.248020887374877930e+00 1.298897857666015625e+02
6.289440536499023438e+01 3.805636215209960938e+01 -5.942715454101562500e+01 8.144974708557128906e-01 -2.294879436492919922e+00 1.310926361083984375e+02
6.291139984130859375e+01 3.806157302856445312e+01 -5.944593429565429688e+01 8.772611618041992188e-01 -2.304542779922485352e+00 1.326782379150390625e+02
6.292071914672851562e+01 3.806611251831054688e+01 -5.946306228637695312e+01 9.986758232116699219e-01 -2.319425344467163086e+00 1.341862030029296875e+02
6.293194580078125000e+01 3.806924819946289062e+01 -5.947635269165039062e+01 1.017093658447265625e+00 -2.341426849365234375e+00 1.352752380371093750e+02
6.293492126464843750e+01 3.807441329956054688e+01 -5.949351501464843750e+01 1.039892435073852539e+00 -2.336248874664306641e+00 1.364518432617187500e+02
6.293577575683593750e+01 3.808098220825195312e+01 -5.951406860351562500e+01 1.063555479049682617e+00 -2.319192409515380859e+00 1.378437652587890625e+02
6.293441390991210938e+01 3.808806228637695312e+01 -5.953520202636718750e+01 9.542107582092285156e-01 -2.291295766830444336e+00 1.390192260742187500e+02
6.295781707763671875e+01 3.809471893310546875e+01 -5.955704116821289062e+01 9.498596191406250000e-01 -2.288060188293457031e+00 1.404229125976562500e+02
6.300175857543945312e+01 3.809982299804687500e+01 -5.957686233520507812e+01 8.319020271301269531e-01 -2.314187526702880859e+00 1.417944183349609375e+02
6.305191040039062500e+01 3.810343933105468750e+01 -5.959359359741210938e+01 7.949173450469970703e-01 -2.358226060867309570e+00 1.430155029296875000e+02
6.311187744140625000e+01 3.810707855224609375e+01 -5.961125564575195312e+01 7.784664630889892578e-01 -2.414554357528686523e+00 1.445068054199218750e+02
6.316473388671875000e+01 3.811215591430664062e+01 -5.963223648071289062e+01 7.828772068023681641e-01 -2.453686714172363281e+00 1.461620025634765625e+02
6.317692184448242188e+01 3.811732482910156250e+01 -5.965115356445312500e+01 7.706582546234130859e-01 -2.465482711791992188e+00 1.476754913330078125e+02
6.318686294555664062e+01 3.812375259399414062e+01 -5.967219924926757812e+01 7.666051387786865234e-01 -2.456545829772949219e+00 1.491183929443359375e+02
6.320823669433593750e+01 3.812910461425781250e+01 -5.969184875488281250e+01 7.661283016204833984e-01 -2.472437858581542969e+00 1.506409301757812500e+02
6.324762725830078125e+01 3.813346481323242188e+01 -5.971012115478515625e+01 6.315112113952636719e-01 -2.506921052932739258e+00 1.520679931640625000e+02
6.329341888427734375e+01 3.813643646240234375e+01 -5.972476959228515625e+01 4.906952381134033203e-01 -2.551795959472656250e+00 1.530211029052734375e+02
6.332141876220703125e+01 3.814060211181640625e+01 -5.974063873291015625e+01 5.222856998443603516e-01 -2.573884963989257812e+00 1.540483551025390625e+02
6.334259414672851562e+01 3.814549636840820312e+01 -5.975825119018554688e+01 5.958378314971923828e-01 -2.588499307632446289e+00 1.553556671142578125e+02
6.337849044799804688e+01 3.815008926391601562e+01 -5.977611923217773438e+01 5.452930927276611328e-01 -2.613030433654785156e+00 1.566248168945312500e+02
6.340425491333007812e+01 3.815559005737304688e+01 -5.979576110839843750e+01 4.656016826629638672e-01 -2.624239683151245117e+00 1.580358428955078125e+02
6.340916442871093750e+01 3.816257095336914062e+01 -5.981780624389648438e+01 4.228353500366210938e-01 -2.605674743652343750e+00 1.595264739990234375e+02
6.341018676757812500e+01 3.816954421997070312e+01 -5.983945083618164062e+01 4.522800445556640625e-01 -2.586500644683837891e+00 1.608746032714843750e+02
6.342895507812500000e+01 3.817486190795898438e+01 -5.985774230957031250e+01 4.204213619232177734e-01 -2.591725349426269531e+00 1.620016937255859375e+02
6.346133422851562500e+01 3.818057632446289062e+01 -5.987746810913085938e+01 4.082322120666503906e-01 -2.600064516067504883e+00 1.631091308593750000e+02
6.351371765136718750e+01 3.818537902832031250e+01 -5.989736175537109375e+01 5.407929420471191406e-01 -2.643672704696655273e+00 1.646408691406250000e+02
6.360277557373046875e+01 3.818818283081054688e+01 -5.991532516479492188e+01 5.838572978973388672e-01 -2.732766866683959961e+00 1.661598663330078125e+02
6.370430374145507812e+01 3.818951797485351562e+01 -5.993146514892578125e+01 7.212758064270019531e-01 -2.853158950805664062e+00 1.678413696289062500e+02
6.375888061523437500e+01 3.819155883789062500e+01 -5.994642639160156250e+01 7.317364215850830078e-01 -2.933166980743408203e+00 1.694768981933593750e+02
6.375344848632812500e+01 3.819540786743164062e+01 -5.996107482910156250e+01 6.742477416992187500e-01 -2.940727472305297852e+00 1.707324371337890625e+02
6.373342132568359375e+01 3.820171356201171875e+01 -5.997991180419921875e+01 6.853342056274414062e-01 -2.913532733917236328e+00 1.721064453125000000e+02
6.372622299194335938e+01 3.820883560180664062e+01 -6.000133514404296875e+01 7.056295871734619141e-01 -2.885026931762695312e+00 1.734605102539062500e+02
6.373196029663085938e+01 3.821489334106445312e+01 -6.002144622802734375e+01 8.182525634765625000e-01 -2.880947589874267578e+00 1.747424316406250000e+02
6.376063156127929688e+01 3.822154235839843750e+01 -6.004422378540039062e+01 8.527040481567382812e-01 -2.887632608413696289e+00 1.761902618408203125e+02
6.377633666992187500e+01 3.822906112670898438e+01 -6.006878280639648438e+01 8.851885795593261719e-01 -2.880604982376098633e+00 1.776515502929687500e+02
6.380465698242187500e+01 3.823627853393554688e+01 -6.009353637695312500e+01 9.695291519165039062e-01 -2.888681411743164062e+00 1.791721343994140625e+02
6.384682083129882812e+01 3.824240112304687500e+01 -6.011649322509765625e+01 9.967684745788574219e-01 -2.914877653121948242e+00 1.805176086425781250e+02
6.386784362792968750e+01 3.824758148193359375e+01 -6.013589477539062500e+01 1.061350107192993164e+00 -2.933047771453857422e+00 1.816507873535156250e+02
6.387967681884765625e+01 3.825344848632812500e+01 -6.015579986572265625e+01 1.076817512512207031e+00 -2.933321475982666016e+00 1.827471313476562500e+02
6.387928771972656250e+01 3.826045227050781250e+01 -6.017720794677734375e+01 9.671151638031005859e-01 -2.911664485931396484e+00 1.838166046142578125e+02
6.389191818237304688e+01 3.826942062377929688e+01 -6.020431137084960938e+01 8.151531219482421875e-01 -2.880565881729125977e+00 1.852881622314453125e+02
6.390416717529296875e+01 3.827833938598632812e+01 -6.023173904418945312e+01 7.401704788208007812e-01 -2.852683782577514648e+00 1.866997222900390625e+02
6.390620040893554688e+01 3.828737258911132812e+01 -6.025878906250000000e+01 7.407665252685546875e-01 -2.820463895797729492e+00 1.880662994384765625e+02
6.393466186523437500e+01 3.829550170898437500e+01 -6.028469467163085938e+01 7.121264934539794922e-01 -2.810742616653442383e+00 1.892599182128906250e+02
6.397882843017578125e+01 3.830329895019531250e+01 -6.031133270263671875e+01 7.021725177764892578e-01 -2.821091651916503906e+00 1.906533813476562500e+02
6.402622985839843750e+01 3.831064224243164062e+01 -6.033809661865234375e+01 6.960034370422363281e-01 -2.845238924026489258e+00 1.924210815429687500e+02
6.406935882568359375e+01 3.831833648681640625e+01 -6.036541748046875000e+01 6.101727485656738281e-01 -2.861306190490722656e+00 1.940867614746093750e+02
6.411276245117187500e+01 3.832365417480468750e+01 -6.038750076293945312e+01 6.355941295623779297e-01 -2.904100418090820312e+00 1.956747436523437500e+02
6.415510559082031250e+01 3.832650375366210938e+01 -6.040259170532226562e+01 4.555284976959228516e-01 -2.957174539566040039e+00 1.967699279785156250e+02
6.422158050537109375e+01 3.832937240600585938e+01 -6.041935729980468750e+01 3.506541252136230469e-01 -3.025825977325439453e+00 1.980823516845703125e+02
6.430812072753906250e+01 3.833078765869140625e+01 -6.043451690673828125e+01 3.383457660675048828e-01 -3.127357006072998047e+00 1.994752044677734375e+02
6.439305114746093750e+01 3.833177566528320312e+01 -6.044960021972656250e+01 4.182159900665283203e-01 -3.240808963775634766e+00 2.011518249511718750e+02
6.444053649902343750e+01 3.833323287963867188e+01 -6.046339416503906250e+01 3.937482833862304688e-01 -3.320923089981079102e+00 2.026383514404296875e+02
6.445207214355468750e+01 3.833613967895507812e+01 -6.047752761840820312e+01 3.707408905029296875e-01 -3.352210044860839844e+00 2.038244628906250000e+02
6.446553039550781250e+01 3.833954238891601562e+01 -6.049328231811523438e+01 4.122853279113769531e-01 -3.384433746337890625e+00 2.052858428955078125e+02
6.447632598876953125e+01 3.834414672851562500e+01 -6.051145172119140625e+01 3.109872341156005859e-01 -3.400307178497314453e+00 2.067029113769531250e+02
6.448017120361328125e+01 3.834984588623046875e+01 -6.053162002563476562e+01 1.930296421051025391e-01 -3.400893926620483398e+00 2.081412658691406250e+02
6.448590087890625000e+01 3.835657501220703125e+01 -6.055392074584960938e+01 5.465745925903320312e-02 -3.388157129287719727e+00 2.094574584960937500e+02
6.451983642578125000e+01 3.836240005493164062e+01 -6.057614898681640625e+01 1.556873321533203125e-01 -3.409936904907226562e+00 2.108344116210937500e+02
6.456555938720703125e+01 3.836623001098632812e+01 -6.059438705444335938e+01 2.026855945587158203e-01 -3.463001966476440430e+00 2.120666198730468750e+02
6.461629486083984375e+01 3.837162780761718750e+01 -6.061656188964843750e+01 1.246035099029541016e-01 -3.501156330108642578e+00 2.135521240234375000e+02
6.467893218994140625e+01 3.837691116333007812e+01 -6.064004516601562500e+01 1.679658889770507812e-01 -3.555886507034301758e+00 2.152295989990234375e+02
6.472858428955078125e+01 3.837993621826171875e+01 -6.065717315673828125e+01 1.752376556396484375e-01 -3.621270895004272461e+00 2.165267181396484375e+02
6.475577545166015625e+01 3.838513183593750000e+01 -6.067723464965820312e+01 1.004934310913085938e-01 -3.642499446868896484e+00 2.178005218505859375e+02
6.476750183105468750e+01 3.839130401611328125e+01 -6.069902038574218750e+01 8.821487426757812500e-02 -3.647426128387451172e+00 2.192499084472656250e+02
6.477925109863281250e+01 3.839856719970703125e+01 -6.072303009033203125e+01 3.477931022644042969e-02 -3.637634277343750000e+00 2.206349334716796875e+02
6.479893493652343750e+01 3.840671920776367188e+01 -6.075014877319335938e+01 1.144111156463623047e-01 -3.632441043853759766e+00 2.222060546875000000e+02
6.483827972412109375e+01 3.841413497924804688e+01 -6.077732467651367188e+01 1.939535140991210938e-01 -3.655532360076904297e+00 2.239729766845703125e+02
6.487060546875000000e+01 3.842171096801757812e+01 -6.080424118041992188e+01 1.160502433776855469e-01 -3.670370101928710938e+00 2.256146392822265625e+02
6.489861297607421875e+01 3.842793273925781250e+01 -6.082712173461914062e+01 -8.612871170043945312e-03 -3.687622070312500000e+00 2.269626922607421875e+02
6.492944335937500000e+01 3.843400192260742188e+01 -6.084897994995117188e+01 -1.921951770782470703e-01 -3.702683448791503906e+00 2.281581115722656250e+02
6.497850799560546875e+01 3.844008636474609375e+01 -6.087222671508789062e+01 -2.986192703247070312e-01 -3.732016324996948242e+00 2.295372772216796875e+02
6.506637573242187500e+01 3.844432830810546875e+01 -6.089445114135742188e+01 -3.034770488739013672e-01 -3.812817811965942383e+00 2.311712493896484375e+02
6.514693450927734375e+01 3.844673919677734375e+01 -6.091256332397460938e+01 -2.478361129760742188e-01 -3.911321878433227539e+00 2.327026062011718750e+02
6.518451690673828125e+01 3.844977951049804688e+01 -6.092876434326171875e+01 -2.153217792510986328e-01 -3.965860128402709961e+00 2.338822784423828125e+02
6.519676208496093750e+01 3.845433807373046875e+01 -6.094638824462890625e+01 -1.294612884521484375e-01 -3.985680580139160156e+00 2.350269927978515625e+02
6.523026275634765625e+01 3.845917892456054688e+01 -6.096606826782226562e+01 -7.480382919311523438e-03 -4.018822669982910156e+00 2.363238677978515625e+02
6.536225128173828125e+01 3.846280670166015625e+01 -6.099587631225585938e+01 -3.413558006286621094e-01 -4.144111633300781250e+00 2.385274810791015625e+02
6.549902343750000000e+01 3.846733093261718750e+01 -6.102943801879882812e+01 -7.717907428741455078e-01 -4.264375209808349609e+00 2.408004760742187500e+02
6.561006927490234375e+01 3.847297668457031250e+01 -6.106412887573242188e+01 -1.166671514511108398e+00 -4.361627578735351562e+00 2.430876770019531250e+02
6.569596862792968750e+01 3.847942733764648438e+01 -6.109827804565429688e+01 -1.441448926925659180e+00 -4.432764053344726562e+00 2.451722259521484375e+02
6.573862457275390625e+01 3.848715209960937500e+01 -6.113060379028320312e+01 -1.447886228561401367e+00 -4.465561389923095703e+00 2.469421691894531250e+02
6.573347473144531250e+01 3.849582290649414062e+01 -6.115996170043945312e+01 -1.420855522155761719e+00 -4.451874732971191406e+00 2.482377014160156250e+02
6.574270629882812500e+01 3.850580978393554688e+01 -6.119277191162109375e+01 -1.553535461425781250e+00 -4.430556774139404297e+00 2.496662445068359375e+02
6.580641174316406250e+01 3.851427841186523438e+01 -6.122520065307617188e+01 -1.682668924331665039e+00 -4.460886001586914062e+00 2.510727081298828125e+02
6.593497467041015625e+01 3.852043533325195312e+01 -6.125761032104492188e+01 -1.808732748031616211e+00 -4.567658424377441406e+00 2.528921051025390625e+02
6.604156494140625000e+01 3.852447509765625000e+01 -6.128182220458984375e+01 -1.741379499435424805e+00 -4.673201560974121094e+00 2.542659912109375000e+02
6.613096618652343750e+01 3.852751541137695312e+01 -6.130245971679687500e+01 -1.589596271514892578e+00 -4.778469085693359375e+00 2.555541687011718750e+02
6.621115875244140625e+01 3.853152084350585938e+01 -6.132588958740234375e+01 -1.495182514190673828e+00 -4.871314525604248047e+00 2.570513305664062500e+02
6.627068328857421875e+01 3.853744888305664062e+01 -6.135449981689453125e+01 -1.443773508071899414e+00 -4.940377712249755859e+00 2.589448852539062500e+02
6.628067779541015625e+01 3.854489898681640625e+01 -6.138356018066406250e+01 -1.485407352447509766e+00 -4.960732460021972656e+00 2.607731628417968750e+02
6.628540802001953125e+01 3.855429077148437500e+01 -6.141603088378906250e+01 -1.558244228363037109e+00 -4.953557491302490234e+00 2.624776916503906250e+02
6.629568481445312500e+01 3.856369781494140625e+01 -6.144794845581054688e+01 -1.505345106124877930e+00 -4.953211307525634766e+00 2.641315002441406250e+02
6.630309295654296875e+01 3.857367706298828125e+01 -6.148001861572265625e+01 -1.499384641647338867e+00 -4.939453601837158203e+00 2.655432739257812500e+02
6.632333374023437500e+01 3.858309173583984375e+01 -6.151223754882812500e+01 -1.420110464096069336e+00 -4.946410655975341797e+00 2.671913452148437500e+02
6.634304809570312500e+01 3.859257888793945312e+01 -6.154366302490234375e+01 -1.494556665420532227e+00 -4.944082260131835938e+00 2.686166381835937500e+02
6.636372375488281250e+01 3.860301971435546875e+01 -6.157727050781250000e+01 -1.478821039199829102e+00 -4.935614585876464844e+00 2.700482177734375000e+02
6.637307739257812500e+01 3.861265563964843750e+01 -6.160702133178710938e+01 -1.405179500579833984e+00 -4.922855854034423828e+00 2.711894531250000000e+02
6.640956878662109375e+01 3.862073135375976562e+01 -6.163460922241210938e+01 -1.318305730819702148e+00 -4.941040515899658203e+00 2.723622436523437500e+02
6.646234130859375000e+01 3.862923049926757812e+01 -6.166528320312500000e+01 -1.353442668914794922e+00 -4.967847824096679688e+00 2.737936096191406250e+02
6.652661895751953125e+01 3.863916015625000000e+01 -6.170249557495117188e+01 -1.285195350646972656e+00 -5.002291679382324219e+00 2.757884826660156250e+02
6.656055450439453125e+01 3.864815521240234375e+01 -6.173445129394531250e+01 -1.145482063293457031e+00 -5.023276329040527344e+00 2.773629455566406250e+02
6.658972930908203125e+01 3.865530776977539062e+01 -6.176068496704101562e+01 -1.015335321426391602e+00 -5.053147792816162109e+00 2.786863098144531250e+02
6.664736938476562500e+01 3.866151809692382812e+01 -6.178620529174804688e+01 -1.068860292434692383e+00 -5.105879306793212891e+00 2.800562438964843750e+02
6.673068237304687500e+01 3.866705703735351562e+01 -6.181271743774414062e+01 -1.174598932266235352e+00 -5.185730934143066406e+00 2.816955566406250000e+02
6.680091094970703125e+01 3.867093658447265625e+01 -6.183360671997070312e+01 -1.229345798492431641e+00 -5.266645908355712891e+00 2.829150085449218750e+02
6.688321685791015625e+01 3.867490386962890625e+01 -6.185706710815429688e+01 -1.212209463119506836e+00 -5.363896369934082031e+00 2.845050964355468750e+02
6.693580627441406250e+01 3.867916488647460938e+01 -6.188001632690429688e+01 -1.211464405059814453e+00 -5.440210819244384766e+00 2.861069641113281250e+02
6.695461273193359375e+01 3.868480682373046875e+01 -6.190404891967773438e+01 -1.274645328521728516e+00 -5.478910923004150391e+00 2.876466369628906250e+02
6.698538970947265625e+01 3.869118499755859375e+01 -6.193033599853515625e+01 -1.367688179016113281e+00 -5.514115333557128906e+00 2.891854248046875000e+02
6.703939056396484375e+01 3.869716644287109375e+01 -6.195775604248046875e+01 -1.312464475631713867e+00 -5.578214168548583984e+00 2.910024414062500000e+02
6.707894897460937500e+01 3.870043945312500000e+01 -6.197579574584960938e+01 -1.281321048736572266e+00 -5.648320674896240234e+00 2.922016601562500000e+02
6.714333343505859375e+01 3.870570755004882812e+01 -6.200148010253906250e+01 -1.382887363433837891e+00 -5.719000339508056641e+00 2.938425903320312500e+02
6.716365814208984375e+01 3.871242904663085938e+01 -6.202869796752929688e+01 -1.443415880203247070e+00 -5.751932144165039062e+00 2.955259704589843750e+02
6.717127990722656250e+01 3.872267150878906250e+01 -6.206390380859375000e+01 -1.571267843246459961e+00 -5.743861198425292969e+00 2.974415283203125000e+02
6.717581939697265625e+01 3.873191833496093750e+01 -6.209472656250000000e+01 -1.522183418273925781e+00 -5.740338802337646484e+00 2.989724121093750000e+02
6.718409729003906250e+01 3.874123764038085938e+01 -6.212427520751953125e+01 -1.511394977569580078e+00 -5.731116771697998047e+00 3.001423950195312500e+02
6.719018554687500000e+01 3.875287246704101562e+01 -6.216073608398437500e+01 -1.454114913940429688e+00 -5.707806110382080078e+00 3.017758483886718750e+02
6.718845367431640625e+01 3.876541519165039062e+01 -6.219821166992187500e+01 -1.418471336364746094e+00 -5.670003414154052734e+00 3.033497314453125000e+02
6.720155334472656250e+01 3.877788925170898438e+01 -6.223527908325195312e+01 -1.412898302078247070e+00 -5.635503768920898438e+00 3.047232666015625000e+02
6.722517395019531250e+01 3.878914642333984375e+01 -6.227008056640625000e+01 -1.305609941482543945e+00 -5.623241901397705078e+00 3.060912170410156250e+02
6.729709625244140625e+01 3.879867553710937500e+01 -6.230432891845703125e+01 -1.178503036499023438e+00 -5.662292480468750000e+00 3.076947326660156250e+02
6.739441680908203125e+01 3.880567169189453125e+01 -6.233434295654296875e+01 -1.065999269485473633e+00 -5.745571136474609375e+00 3.092772827148437500e+02
6.748984527587890625e+01 3.881238937377929688e+01 -6.236510086059570312e+01 -1.040041446685791016e+00 -5.832402229309082031e+00 3.110391845703125000e+02
6.753651428222656250e+01 3.881885910034179688e+01 -6.239239120483398438e+01 -8.923113346099853516e-01 -5.890745639801025391e+00 3.125739746093750000e+02
6.755998229980468750e+01 3.882565307617187500e+01 -6.241826248168945312e+01 -8.029937744140625000e-01 -5.925670146942138672e+00 3.139640808105468750e+02
6.756283569335937500e+01 3.883350753784179688e+01 -6.244485855102539062e+01 -8.926689624786376953e-01 -5.931053161621093750e+00 3.153144226074218750e+02
6.760673522949218750e+01 3.884303283691406250e+01 -6.247961807250976562e+01 -1.113981008529663086e+00 -5.950488090515136719e+00 3.172459411621093750e+02
6.767635345458984375e+01 3.885121536254882812e+01 -6.251278686523437500e+01 -1.215130090713500977e+00 -6.006749153137207031e+00 3.191959533691406250e+02
6.776081848144531250e+01 3.885761642456054688e+01 -6.254242324829101562e+01 -1.194983720779418945e+00 -6.092829704284667969e+00 3.210136413574218750e+02
6.782519531250000000e+01 3.886433410644531250e+01 -6.257254028320312500e+01 -1.133412122726440430e+00 -6.167266368865966797e+00 3.228918762207031250e+02
6.783761596679687500e+01 3.887287139892578125e+01 -6.260374069213867188e+01 -1.081526279449462891e+00 -6.192213058471679688e+00 3.247071228027343750e+02
6.785791015625000000e+01 3.888042831420898438e+01 -6.263109207153320312e+01 -1.108527183532714844e+00 -6.218904495239257812e+00 3.261085205078125000e+02
6.788015747070312500e+01 3.888743209838867188e+01 -6.265634918212890625e+01 -1.231580972671508789e+00 -6.243629455566406250e+00 3.272800903320312500e+02
6.793418884277343750e+01 3.889634704589843750e+01 -6.268977355957031250e+01 -1.236200332641601562e+00 -6.282498836517333984e+00 3.290149841308593750e+02
6.798249053955078125e+01 3.890524291992187500e+01 -6.272275924682617188e+01 -1.231968402862548828e+00 -6.321072578430175781e+00 3.307991333007812500e+02
6.801967620849609375e+01 3.891507720947265625e+01 -6.275699234008789062e+01 -1.259863376617431641e+00 -6.338521957397460938e+00 3.324378662109375000e+02
6.805972290039062500e+01 3.892568588256835938e+01 -6.279402923583984375e+01 -1.178562641143798828e+00 -6.358226776123046875e+00 3.342571411132812500e+02
6.806876373291015625e+01 3.893680191040039062e+01 -6.282930755615234375e+01 -1.092374324798583984e+00 -6.351072311401367188e+00 3.358464355468750000e+02
6.807968902587890625e+01 3.894910430908203125e+01 -6.286725234985351562e+01 -1.189291477203369141e+00 -6.326736927032470703e+00 3.374629211425781250e+02
6.808590698242187500e+01 3.896113204956054688e+01 -6.290320205688476562e+01 -1.292705535888671875e+00 -6.298240184783935547e+00 3.388987121582031250e+02
6.813713073730468750e+01 3.897223663330078125e+01 -6.293884658813476562e+01 -1.359939575195312500e+00 -6.305942535400390625e+00 3.403191833496093750e+02
6.819848632812500000e+01 3.898217010498046875e+01 -6.297211456298828125e+01 -1.416116952896118164e+00 -6.331768035888671875e+00 3.416360168457031250e+02
6.824015045166015625e+01 3.899234771728515625e+01 -6.300536727905273438e+01 -1.427143812179565430e+00 -6.345022678375244141e+00 3.430258789062500000e+02
6.830256652832031250e+01 3.900193023681640625e+01 -6.303892898559570312e+01 -1.462161540985107422e+00 -6.376873493194580078e+00 3.445895996093750000e+02
6.838468170166015625e+01 3.901066589355468750e+01 -6.307228088378906250e+01 -1.552134752273559570e+00 -6.432734489440917969e+00 3.462830200195312500e+02
6.845205688476562500e+01 3.901760101318359375e+01 -6.309983825683593750e+01 -1.554191112518310547e+00 -6.492549419403076172e+00 3.476436767578125000e+02
6.853588867187500000e+01 3.902404022216796875e+01 -6.312826156616210938e+01 -1.497775316238403320e+00 -6.573179721832275391e+00 3.492525024414062500e+02
6.860565185546875000e+01 3.903109741210937500e+01 -6.315852737426757812e+01 -1.444339752197265625e+00 -6.644629001617431641e+00 3.510837707519531250e+02
6.866693878173828125e+01 3.903744125366210938e+01 -6.318621444702148438e+01 -1.276284456253051758e+00 -6.717246055603027344e+00 3.527338256835937500e+02
6.874251556396484375e+01 3.904212951660156250e+01 -6.321109771728515625e+01 -1.152306795120239258e+00 -6.817441463470458984e+00 3.544616394042968750e+02
6.880558013916015625e+01 3.904561996459960938e+01 -6.323191452026367188e+01 -1.116871833801269531e+00 -6.914165019989013672e+00 3.559228210449218750e+02
6.886319732666015625e+01 3.905030059814453125e+01 -6.325506591796875000e+01 -1.108914613723754883e+00 -6.993938446044921875e+00 3.573677673339843750e+02
6.892051696777343750e+01 3.905723190307617188e+01 -6.328550720214843750e+01 -1.132398843765258789e+00 -7.059425354003906250e+00 3.592653808593750000e+02
6.895532226562500000e+01 3.906572723388671875e+01 -6.331937789916992188e+01 -1.095890998840332031e+00 -7.101262092590332031e+00 3.613526306152343750e+02
6.897619628906250000e+01 3.907285690307617188e+01 -6.334651184082031250e+01 -9.344816207885742188e-01 -7.142022132873535156e+00 3.629038391113281250e+02
6.900069427490234375e+01 3.908019638061523438e+01 -6.337305068969726562e+01 -1.085788011550903320e+00 -7.171133518218994141e+00 3.642418212890625000e+02
6.903098297119140625e+01 3.908780670166015625e+01 -6.340018844604492188e+01 -1.210510730743408203e+00 -7.198663234710693359e+00 3.655352478027343750e+02
6.910702514648437500e+01 3.909418869018554688e+01 -6.342664337158203125e+01 -1.339942216873168945e+00 -7.265599250793457031e+00 3.668455810546875000e+02
6.919403839111328125e+01 3.909951019287109375e+01 -6.345180511474609375e+01 -1.392066478729248047e+00 -7.355455398559570312e+00 3.682702941894531250e+02
6.928874206542968750e+01 3.910686111450195312e+01 -6.348464584350585938e+01 -1.512080430984497070e+00 -7.435589790344238281e+00 3.702030334472656250e+02
6.932041931152343750e+01 3.911468505859375000e+01 -6.351427078247070312e+01 -1.488924026489257812e+00 -7.474521160125732422e+00 3.718894653320312500e+02
6.932622528076171875e+01 3.912358093261718750e+01 -6.354331207275390625e+01 -1.650273799896240234e+00 -7.472083091735839844e+00 3.732382202148437500e+02
6.936449432373046875e+01 3.913444137573242188e+01 -6.358063125610351562e+01 -1.890122890472412109e+00 -7.478048801422119141e+00 3.751284179687500000e+02
6.941688537597656250e+01 3.914373397827148438e+01 -6.361372756958007812e+01 -1.897692680358886719e+00 -7.512059211730957031e+00 3.767409973144531250e+02
6.948786163330078125e+01 3.915310287475585938e+01 -6.364820861816406250e+01 -1.980394124984741211e+00 -7.558120250701904297e+00 3.784295959472656250e+02
6.953509521484375000e+01 3.916424560546875000e+01 -6.368722152709960938e+01 -1.970171928405761719e+00 -7.580403327941894531e+00 3.803940734863281250e+02
6.957394409179687500e+01 3.917551422119140625e+01 -6.372600936889648438e+01 -1.877009868621826172e+00 -7.600527286529541016e+00 3.823700866699218750e+02
6.958562469482421875e+01 3.918577575683593750e+01 -6.375830459594726562e+01 -1.804947853088378906e+00 -7.601450920104980469e+00 3.837249755859375000e+02
6.959653472900390625e+01 3.919691848754882812e+01 -6.379197692871093750e+01 -1.889973878860473633e+00 -7.586939334869384766e+00 3.850023498535156250e+02
6.965420532226562500e+01 3.920845794677734375e+01 -6.382971954345703125e+01 -1.916885375976562500e+00 -7.599960803985595703e+00 3.865278320312500000e+02
6.973872375488281250e+01 3.921669769287109375e+01 -6.386023712158203125e+01 -1.776367425918579102e+00 -7.667372226715087891e+00 3.878625183105468750e+02
6.981481933593750000e+01 3.922101974487304688e+01 -6.387866210937500000e+01 -1.646369695663452148e+00 -7.751502037048339844e+00 3.884807128906250000e+02
